,PRECTOT,RH2M,T2M,WS2M
20100101,0.0,31.55,15.95,1.71
20100102,0.0,34.18,17.3,1.69
20100103,1.14,58.95,17.77,1.64
20100104,0.0,61.01,16.5,1.82
20100105,0.0,36.06,15.35,1.47
20100106,0.0,32.63,15.33,1.53
20100107,0.0,34.7,15.13,2.04
20100108,0.0,34.91,16.11,1.33
20100109,0.0,31.99,16.53,1.22
20100110,0.0,32.87,17.46,1.33
20100111,0.02,37.65,18.72,1.14
20100112,0.22,63.23,19.8,1.93
20100113,0.06,47.75,16.33,3.07
20100114,0.0,48.57,13.82,2.02
20100115,0.0,35.38,14.95,1.48
20100116,0.0,30.55,15.76,1.55
20100117,0.0,24.18,16.59,1.71
20100118,0.0,25.44,16.51,1.54
20100119,0.0,21.1,17.64,1.18
20100120,0.0,19.41,18.48,1.32
20100121,0.0,18.49,19.1,0.94
20100122,0.0,17.25,20.34,1.32
20100123,0.0,20.5,19.45,1.61
20100124,0.0,21.47,18.46,1.95
20100125,0.0,21.55,18.19,1.27
20100126,0.0,28.59,18.35,1.3
20100127,0.0,29.91,19.17,1.75
20100128,0.0,28.76,19.68,1.12
20100129,0.0,33.37,19.92,1.21
20100130,0.0,31.93,19.81,1.11
20100131,0.0,27.28,19.88,1.08
20100201,0.0,30.59,17.92,1.27
20100202,0.0,34.0,17.69,1.65
20100203,0.2,31.16,18.4,2.49
20100204,0.02,28.44,19.98,2.48
20100205,0.0,29.49,20.1,1.73
20100206,0.0,33.8,22.08,1.72
20100207,0.0,34.9,22.97,1.97
20100208,0.14,36.04,23.57,3.19
20100209,0.08,38.87,21.38,3.78
20100210,0.0,14.37,16.69,2.17
20100211,0.88,39.31,16.83,2.59
20100212,0.34,56.98,20.31,1.36
20100213,0.0,55.09,20.02,1.74
20100214,0.0,44.44,20.08,1.36
20100215,0.0,35.21,19.79,1.64
20100216,0.0,20.52,18.6,1.92
20100217,0.0,16.18,16.97,2.26
20100218,0.0,12.82,16.88,1.61
20100219,0.0,13.29,18.62,1.61
20100220,0.0,14.88,20.41,1.6
20100221,0.0,16.17,22.57,1.28
20100222,1.38,24.47,24.79,2.81
20100223,0.02,29.08,22.58,2.17
20100224,0.0,24.03,21.39,1.53
20100225,0.0,23.88,22.59,1.08
20100226,0.0,21.29,24.34,1.0
20100227,0.0,19.24,24.6,1.31
20100228,0.0,16.55,24.68,2.55
20100301,0.0,16.76,25.32,2.34
20100302,0.0,20.01,25.94,2.12
20100303,0.0,25.69,26.03,2.86
20100304,0.0,32.58,24.87,3.41
20100305,0.0,39.06,25.66,2.31
20100306,0.0,35.96,24.91,2.59
20100307,0.0,25.8,22.79,1.86
20100308,0.0,25.9,22.91,1.66
20100309,0.0,20.07,23.43,1.68
20100310,0.0,17.83,23.93,1.98
20100311,0.04,18.78,25.85,1.35
20100312,0.01,16.16,25.78,1.88
20100313,0.0,13.34,26.87,1.41
20100314,0.0,14.1,27.53,2.0
20100315,0.0,16.86,27.82,2.58
20100316,0.0,14.89,28.09,0.87
20100317,0.0,16.49,29.28,1.37
20100318,0.0,19.36,28.74,1.82
20100319,0.0,18.97,29.14,1.7
20100320,0.0,13.63,31.26,0.97
20100321,0.0,12.01,30.72,1.42
20100322,0.0,13.61,30.26,3.35
20100323,0.0,15.67,29.58,3.27
20100324,0.0,15.26,28.67,2.89
20100325,0.0,18.24,29.48,2.92
20100326,0.0,20.11,29.62,2.93
20100327,0.0,17.24,29.28,2.39
20100328,0.0,14.75,29.24,2.47
20100329,0.0,14.44,30.47,3.26
20100330,0.0,16.82,29.59,3.42
20100331,0.0,23.89,29.53,4.32
20100401,0.0,25.03,29.11,2.93
20100402,0.0,28.03,29.61,3.6
20100403,0.0,15.66,28.85,2.39
20100404,0.0,15.59,30.29,1.06
20100405,0.0,15.31,30.77,1.76
20100406,0.0,13.83,30.49,2.13
20100407,0.0,10.65,30.98,1.8
20100408,0.0,11.33,31.99,1.17
20100409,0.0,15.69,32.07,3.23
20100410,0.0,12.84,31.84,4.13
20100411,0.0,16.4,31.13,3.03
20100412,0.0,20.15,32.26,2.67
20100413,0.0,15.68,32.49,1.82
20100414,0.0,11.47,33.08,1.33
20100415,0.0,9.82,35.03,0.67
20100416,0.0,10.42,35.45,1.08
20100417,0.0,13.57,35.06,3.07
20100418,0.0,15.82,34.63,4.91
20100419,0.0,20.69,33.43,5.64
20100420,0.0,22.94,32.47,5.46
20100421,0.0,23.5,32.95,5.37
20100422,0.0,21.29,32.43,3.36
20100423,0.0,17.55,32.12,2.41
20100424,0.0,13.94,32.34,2.63
20100425,0.0,14.42,32.9,2.23
20100426,0.0,19.57,34.66,1.74
20100427,0.0,16.88,34.94,2.28
20100428,0.0,18.65,34.89,2.37
20100429,0.19,18.44,35.11,1.94
20100430,0.95,18.7,33.86,2.74
20100501,0.0,20.49,32.96,1.95
20100502,0.0,18.55,33.48,2.99
20100503,0.31,17.02,34.81,2.49
20100504,0.0,18.47,35.43,3.48
20100505,0.0,19.33,35.44,4.08
20100506,0.0,22.04,34.3,3.59
20100507,0.0,22.18,34.86,3.22
20100508,0.0,21.24,34.39,2.42
20100509,0.0,19.18,34.62,3.4
20100510,0.0,18.05,34.2,3.52
20100511,0.0,15.32,34.13,2.49
20100512,0.0,16.41,35.55,2.61
20100513,0.0,14.48,36.37,2.38
20100514,0.0,16.39,35.96,3.52
20100515,0.0,20.17,35.04,3.21
20100516,0.0,20.37,36.11,2.86
20100517,0.0,18.95,36.58,3.96
20100518,0.0,16.67,36.07,3.53
20100519,0.0,17.13,36.06,2.19
20100520,0.0,14.26,36.67,3.17
20100521,0.0,11.63,36.5,2.05
20100522,0.0,10.85,37.22,2.1
20100523,0.0,14.31,37.38,2.62
20100524,0.0,16.74,38.03,5.23
20100525,0.0,21.34,37.89,5.8
20100526,0.0,31.19,36.34,6.96
20100527,0.0,34.06,35.48,6.83
20100528,0.0,34.84,35.53,6.39
20100529,0.0,29.87,35.54,5.66
20100530,0.0,28.2,34.9,3.85
20100531,0.0,21.27,35.86,2.96
20100601,0.0,22.39,35.71,4.38
20100602,0.0,33.33,35.19,4.62
20100603,0.75,42.85,33.07,4.91
20100604,0.19,36.75,34.45,5.22
20100605,0.0,35.75,34.7,5.87
20100606,0.27,36.44,33.95,4.72
20100607,0.72,49.45,31.41,6.59
20100608,0.0,40.93,31.56,4.69
20100609,0.0,30.15,33.2,1.85
20100610,0.0,26.47,35.1,1.16
20100611,0.0,19.22,36.49,2.35
20100612,0.0,16.28,37.19,2.38
20100613,0.0,18.03,37.73,1.69
20100614,0.27,22.9,37.59,2.69
20100615,3.68,44.92,32.88,3.92
20100616,2.94,49.6,31.58,1.34
20100617,0.08,37.47,34.45,2.66
20100618,0.0,26.6,36.12,2.17
20100619,0.0,21.54,37.05,2.4
20100620,0.5,32.81,36.55,3.42
20100621,0.24,34.97,36.33,5.75
20100622,0.02,35.39,36.44,6.46
20100623,0.07,39.92,35.64,5.46
20100624,2.31,43.84,34.72,4.2
20100625,4.86,46.49,33.68,3.06
20100626,9.66,48.25,34.01,2.63
20100627,11.37,55.88,33.1,3.76
20100628,1.64,53.72,33.32,4.89
20100629,0.43,53.99,32.77,4.75
20100630,0.14,50.14,33.61,4.51
20100701,0.32,53.54,31.97,3.49
20100702,12.96,61.37,30.52,1.57
20100703,28.51,67.88,30.31,2.35
20100704,14.91,78.56,28.67,2.01
20100705,20.89,78.57,28.35,1.12
20100706,0.98,70.24,28.73,2.85
20100707,10.14,76.74,28.24,1.55
20100708,1.27,68.38,29.63,1.77
20100709,0.25,66.14,30.55,2.32
20100710,0.05,70.68,29.92,3.42
20100711,0.01,72.33,29.34,5.38
20100712,0.0,65.47,29.76,5.64
20100713,0.0,64.18,29.93,4.06
20100714,1.35,63.52,30.17,2.5
20100715,6.36,63.89,30.53,2.76
20100716,1.01,61.89,31.29,3.33
20100717,5.1,67.96,31.27,2.91
20100718,1.81,70.09,30.36,3.96
20100719,0.46,78.39,28.64,3.02
20100720,1.11,74.84,28.59,1.73
20100721,3.42,70.88,29.22,1.97
20100722,2.27,67.35,30.03,2.56
20100723,2.26,74.44,28.8,2.56
20100724,2.07,75.08,27.79,4.15
20100725,18.78,78.73,28.31,3.62
20100726,30.82,85.38,27.1,2.06
20100727,13.18,86.74,25.84,3.9
20100728,0.83,76.16,27.76,3.31
20100729,0.19,72.64,28.18,2.58
20100730,17.18,76.69,28.17,1.62
20100731,12.11,84.13,26.7,1.32
20100801,6.32,81.58,27.09,2.34
20100802,23.1,86.26,26.75,2.21
20100803,3.85,80.5,27.54,1.72
20100804,4.77,82.71,27.41,3.53
20100805,3.14,84.1,26.95,4.42
20100806,29.98,81.98,27.78,1.16
20100807,18.58,82.46,28.29,2.3
20100808,29.7,85.78,27.61,2.35
20100809,7.94,85.28,26.82,3.68
20100810,6.57,85.76,26.26,4.23
20100811,7.32,85.03,27.35,3.2
20100812,13.26,91.21,26.68,1.71
20100813,8.89,86.93,26.64,1.31
20100814,3.67,85.72,26.64,1.19
20100815,1.74,85.25,26.77,1.77
20100816,5.05,80.04,27.56,0.89
20100817,1.17,84.19,27.1,2.15
20100818,26.07,86.52,26.98,2.04
20100819,27.71,84.75,27.34,1.02
20100820,17.37,88.63,26.52,1.9
20100821,8.03,87.09,26.53,2.16
20100822,1.28,86.49,26.32,3.03
20100823,0.86,85.37,26.83,3.08
20100824,23.3,84.54,27.32,2.25
20100825,14.39,84.26,27.28,1.28
20100826,4.79,84.3,26.98,1.25
20100827,1.62,85.0,27.12,1.38
20100828,0.0,83.75,28.06,1.07
20100829,3.11,87.6,27.58,1.12
20100830,15.95,85.08,27.44,1.12
20100831,10.08,89.72,26.13,1.83
20100901,0.3,85.0,26.86,1.46
20100902,0.01,86.21,26.4,2.76
20100903,0.63,82.57,27.17,1.55
20100904,7.8,88.2,26.29,1.73
20100905,29.22,91.73,25.56,2.2
20100906,8.08,86.81,26.07,2.19
20100907,8.54,86.22,26.79,1.82
20100908,3.9,90.34,26.32,1.79
20100909,5.5,92.47,26.04,2.96
20100910,3.06,88.15,26.32,2.17
20100911,0.3,86.17,25.63,3.2
20100912,1.1,86.54,26.37,2.63
20100913,8.82,89.73,25.83,2.52
20100914,20.96,90.44,25.66,2.47
20100915,4.22,84.81,25.73,2.01
20100916,0.13,81.67,25.44,2.18
20100917,0.0,73.65,25.54,1.48
20100918,0.0,78.22,24.4,1.82
20100919,1.74,82.93,24.14,3.63
20100920,4.7,87.28,24.71,3.1
20100921,0.43,74.88,23.5,2.86
20100922,0.01,79.45,24.43,2.91
20100923,0.0,75.4,24.81,2.12
20100924,0.0,71.26,25.23,1.17
20100925,0.0,59.24,25.79,0.6
20100926,0.0,59.37,25.63,0.98
20100927,0.0,55.28,25.56,0.84
20100928,0.0,54.44,25.81,0.56
20100929,0.0,58.7,25.79,0.96
20100930,0.0,63.52,25.48,1.09
20101001,0.0,65.1,25.67,1.05
20101002,0.0,73.79,25.37,1.3
20101003,0.0,74.95,25.23,1.35
20101004,0.0,72.52,26.03,1.12
20101005,0.0,72.94,25.78,1.59
20101006,0.0,71.06,24.6,1.49
20101007,0.0,71.94,24.01,1.5
20101008,0.0,66.82,25.06,1.27
20101009,0.0,61.99,24.5,1.58
20101010,0.0,68.56,23.7,2.57
20101011,0.32,73.4,24.43,1.83
20101012,0.22,73.79,24.72,1.44
20101013,0.19,66.99,25.56,1.01
20101014,0.0,62.5,25.06,1.51
20101015,0.0,61.87,24.94,2.06
20101016,0.07,64.77,24.52,1.91
20101017,0.17,77.39,25.58,2.14
20101018,0.13,74.23,25.96,2.57
20101019,1.33,78.52,26.0,2.21
20101020,1.3,77.55,26.13,1.6
20101021,0.1,66.16,25.51,1.73
20101022,0.0,61.49,24.89,1.96
20101023,0.0,58.14,25.19,1.53
20101024,0.0,55.33,24.53,1.2
20101025,0.07,54.88,24.77,0.81
20101026,0.02,58.79,25.22,1.19
20101027,0.0,53.29,26.23,0.61
20101028,0.0,53.17,25.75,0.93
20101029,0.0,56.71,24.52,1.08
20101030,0.14,60.46,24.78,1.11
20101031,0.06,55.04,22.99,2.33
20101101,0.0,57.19,21.72,1.53
20101102,0.0,58.11,20.92,1.76
20101103,0.0,55.56,20.99,1.64
20101104,0.0,53.15,21.49,1.72
20101105,0.0,51.2,21.28,1.56
20101106,0.0,52.15,21.33,1.52
20101107,0.0,58.64,20.86,1.85
20101108,1.38,67.79,21.76,2.01
20101109,0.39,80.02,22.9,3.0
20101110,0.45,73.98,25.07,1.17
20101111,7.65,79.04,24.25,0.87
20101112,4.84,77.5,24.12,1.19
20101113,1.62,77.24,24.39,1.99
20101114,0.19,68.16,25.35,0.83
20101115,10.17,70.74,25.5,0.54
20101116,11.7,80.66,23.87,1.33
20101117,14.21,88.88,21.82,1.3
20101118,1.53,78.11,21.32,1.94
20101119,0.0,63.99,20.82,1.39
20101120,0.0,53.57,19.08,1.28
20101121,0.0,48.87,19.54,1.4
20101122,4.87,69.6,18.9,1.72
20101123,4.97,73.59,19.08,1.76
20101124,4.17,86.37,20.04,1.72
20101125,0.26,83.12,21.93,1.14
20101126,0.03,78.64,21.3,1.61
20101127,0.08,69.4,20.01,1.37
20101128,0.31,72.41,19.96,1.66
20101129,0.05,70.86,19.45,1.82
20101130,0.0,61.67,18.96,1.19
20101201,0.0,61.53,17.91,1.58
20101202,0.02,62.08,17.44,2.19
20101203,0.03,63.74,16.47,1.88
20101204,0.0,62.6,15.76,1.71
20101205,0.0,66.18,16.55,1.88
20101206,0.0,63.01,16.46,2.01
20101207,0.0,58.21,15.29,1.93
20101208,0.0,66.07,16.39,1.44
20101209,0.0,70.2,17.71,1.26
20101210,0.0,59.86,15.36,1.72
20101211,0.0,47.71,13.61,1.49
20101212,0.0,37.41,15.3,0.75
20101213,0.0,47.2,15.93,1.18
20101214,0.0,49.56,15.18,1.26
20101215,0.0,46.45,15.1,1.21
20101216,0.0,47.7,15.59,1.22
20101217,0.0,42.33,17.11,1.12
20101218,0.0,41.43,17.37,1.24
20101219,0.0,47.64,14.47,1.84
20101220,0.0,41.24,14.68,1.25
20101221,0.0,31.78,16.97,0.67
20101222,0.0,42.6,15.67,1.89
20101223,0.0,45.99,15.99,1.47
20101224,0.0,45.04,16.38,0.97
20101225,0.0,46.65,14.34,1.4
20101226,0.0,51.89,15.1,1.29
20101227,0.0,57.83,16.74,1.35
20101228,0.33,58.26,18.36,2.04
20101229,1.57,66.93,17.84,2.07
20101230,0.3,72.51,16.88,2.16
20101231,0.04,50.43,12.96,2.07
20110101,0.0,40.55,13.16,1.29
20110102,0.0,42.51,12.17,1.21
20110103,0.0,47.24,11.03,1.78
20110104,0.0,49.9,10.59,1.5
20110105,0.0,47.97,11.09,1.52
20110106,0.0,46.08,11.88,1.55
20110107,0.0,34.43,14.71,1.11
20110108,0.0,36.25,14.6,1.66
20110109,0.0,41.89,11.69,1.96
20110110,0.0,42.59,11.53,1.52
20110111,0.0,31.88,14.5,0.89
20110112,0.0,37.02,16.28,1.48
20110113,0.0,46.04,17.3,1.59
20110114,0.0,56.9,17.67,2.57
20110115,0.0,44.29,15.26,2.58
20110116,0.0,25.48,11.53,1.87
20110117,0.0,25.19,15.0,1.63
20110118,0.0,30.4,15.39,2.05
20110119,0.0,33.88,14.09,1.71
20110120,0.0,30.59,14.66,1.49
20110121,0.0,31.88,16.79,1.37
20110122,0.0,36.05,18.67,1.24
20110123,0.0,43.46,18.21,1.31
20110124,0.0,48.64,17.34,1.47
20110125,0.0,48.03,16.92,1.91
20110126,0.0,38.04,15.33,2.32
20110127,0.0,45.01,14.9,2.34
20110128,0.0,43.31,16.12,2.21
20110129,0.0,38.82,17.55,1.39
20110130,0.0,39.74,16.7,1.78
20110131,0.0,48.12,16.4,2.07
20110201,0.0,40.91,16.72,1.83
20110202,0.0,32.23,17.87,1.36
20110203,0.0,31.17,19.32,1.42
20110204,0.0,26.41,21.47,1.59
20110205,0.0,27.49,21.05,1.31
20110206,0.0,33.35,20.77,2.41
20110207,0.02,44.19,20.28,3.25
20110208,0.01,40.42,19.14,1.73
20110209,0.0,32.92,18.75,1.43
20110210,0.0,34.06,19.21,1.54
20110211,0.0,33.12,20.29,1.51
20110212,0.0,31.18,21.61,2.16
20110213,0.0,29.46,22.14,2.79
20110214,1.2,41.01,21.31,2.62
20110215,4.38,58.68,19.87,2.38
20110216,0.15,50.46,18.05,2.06
20110217,0.0,46.27,16.6,1.85
20110218,0.0,38.2,17.01,1.55
20110219,0.0,35.71,18.19,1.85
20110220,0.06,39.09,18.62,1.79
20110221,0.0,41.32,17.17,1.82
20110222,0.0,37.57,17.87,1.54
20110223,0.0,34.77,19.69,2.21
20110224,0.0,32.94,20.06,2.05
20110225,0.0,35.68,19.36,1.73
20110226,0.0,32.67,21.08,1.1
20110227,0.0,40.37,19.62,2.73
20110228,0.0,37.98,20.2,2.72
20110301,0.02,33.6,22.04,2.04
20110302,0.0,33.06,23.44,2.67
20110303,0.0,34.35,24.33,1.68
20110304,0.0,29.93,23.89,1.73
20110305,0.0,36.53,22.35,1.5
20110306,0.0,30.68,23.36,1.49
20110307,0.0,27.4,24.5,2.01
20110308,0.0,27.53,24.61,2.55
20110309,0.0,28.47,22.46,1.78
20110310,0.0,21.27,21.14,2.83
20110311,0.0,24.68,20.42,2.47
20110312,0.0,19.6,22.13,1.6
20110313,0.0,13.81,25.39,1.26
20110314,0.0,15.32,25.85,1.75
20110315,0.0,16.53,26.44,1.59
20110316,0.0,14.32,27.44,1.06
20110317,0.0,15.2,28.51,1.42
20110318,0.0,15.57,28.8,3.02
20110319,0.0,13.24,27.82,4.32
20110320,0.0,23.95,27.08,2.8
20110321,0.0,15.59,26.48,1.45
20110322,0.0,15.68,26.25,2.64
20110323,0.0,18.34,26.45,2.0
20110324,0.0,21.89,26.45,1.58
20110325,0.0,19.94,26.33,1.22
20110326,0.0,14.84,27.6,1.43
20110327,0.0,12.19,29.08,1.51
20110328,0.0,13.12,28.71,3.01
20110329,0.0,17.79,28.49,2.87
20110330,0.0,18.51,28.03,2.21
20110331,0.0,17.9,27.1,2.5
20110401,0.0,18.41,27.48,1.76
20110402,0.0,19.92,27.54,1.81
20110403,0.0,16.04,26.34,2.73
20110404,0.0,15.98,25.71,3.06
20110405,0.0,12.94,26.63,1.42
20110406,0.0,13.41,28.14,1.93
20110407,0.01,13.66,29.06,1.91
20110408,0.0,16.86,28.37,1.68
20110409,0.0,19.15,28.88,1.4
20110410,0.0,19.31,30.81,1.76
20110411,0.0,20.88,31.45,2.32
20110412,0.0,24.66,30.94,2.67
20110413,0.0,28.13,30.23,1.99
20110414,0.0,21.52,30.61,2.16
20110415,0.0,18.5,30.5,1.7
20110416,0.0,17.63,32.28,0.87
20110417,0.09,23.95,32.05,2.67
20110418,0.0,26.9,29.91,2.78
20110419,0.0,17.6,28.97,2.13
20110420,0.0,15.75,29.07,1.9
20110421,0.0,15.55,29.74,2.28
20110422,0.0,21.2,30.24,1.51
20110423,0.0,12.95,30.74,1.65
20110424,0.0,12.12,31.38,1.64
20110425,0.0,11.05,32.77,2.1
20110426,0.0,10.95,32.9,1.99
20110427,0.0,13.25,32.66,2.13
20110428,0.0,15.03,33.7,1.4
20110429,0.0,19.58,33.86,3.22
20110430,0.05,23.06,34.11,2.45
20110501,0.01,22.37,34.34,1.93
20110502,0.0,20.59,33.81,4.49
20110503,0.0,24.4,33.91,4.21
20110504,0.0,26.7,32.68,4.08
20110505,0.0,27.98,32.9,3.61
20110506,0.0,23.17,32.58,3.46
20110507,0.0,19.14,32.61,2.15
20110508,0.0,18.44,34.25,2.03
20110509,0.0,17.49,34.97,4.03
20110510,0.0,18.51,34.03,4.28
20110511,0.0,23.3,34.38,3.97
20110512,0.0,25.18,34.48,4.53
20110513,0.0,26.53,34.57,4.04
20110514,0.0,22.75,35.07,3.55
20110515,0.0,20.89,35.97,2.17
20110516,0.07,22.67,36.56,2.49
20110517,0.0,19.81,37.83,2.58
20110518,0.0,19.79,38.01,3.71
20110519,0.0,21.83,35.97,4.88
20110520,0.0,31.83,34.86,6.53
20110521,0.0,37.94,33.84,6.43
20110522,0.02,41.55,33.41,5.83
20110523,0.25,40.72,33.72,5.2
20110524,0.02,35.57,34.79,4.97
20110525,0.0,30.62,35.43,4.63
20110526,0.0,29.34,35.78,4.04
20110527,1.93,24.81,36.49,2.77
20110528,3.1,25.84,35.99,2.15
20110529,0.0,23.93,36.59,2.69
20110530,0.0,22.44,36.47,4.15
20110531,0.0,28.27,35.49,4.87
20110601,0.0,33.53,34.68,4.73
20110602,0.12,32.5,35.08,2.11
20110603,0.08,28.32,35.47,2.3
20110604,0.01,26.29,36.24,2.49
20110605,0.0,23.62,36.75,2.3
20110606,0.0,21.77,37.82,2.3
20110607,0.07,24.74,38.2,3.96
20110608,0.04,28.79,37.64,5.24
20110609,0.04,28.23,37.97,4.11
20110610,0.0,29.21,37.03,3.96
20110611,0.16,32.78,36.7,4.73
20110612,0.05,38.77,35.95,4.65
20110613,0.25,40.05,35.19,5.04
20110614,9.49,46.28,34.27,4.97
20110615,2.16,51.39,32.42,5.71
20110616,0.08,48.75,32.78,6.05
20110617,0.05,45.42,33.17,5.64
20110618,0.01,47.02,32.91,4.71
20110619,1.13,44.93,33.7,5.01
20110620,3.04,44.1,33.99,4.8
20110621,3.59,51.92,32.27,2.17
20110622,41.23,71.03,29.29,3.29
20110623,55.49,86.63,26.89,3.85
20110624,13.66,77.46,27.85,4.25
20110625,4.64,67.4,29.58,3.5
20110626,0.33,66.59,29.17,3.11
20110627,1.52,74.62,27.85,2.84
20110628,57.48,81.09,27.48,4.1
20110629,8.6,76.68,27.33,4.52
20110630,0.16,68.61,28.69,4.97
20110701,0.0,66.0,28.99,4.89
20110702,0.06,66.78,28.85,3.53
20110703,0.05,66.64,28.95,3.11
20110704,2.09,65.29,29.44,2.64
20110705,8.51,71.23,27.63,2.71
20110706,4.31,72.64,28.74,2.02
20110707,2.35,70.5,29.52,1.2
20110708,39.07,81.32,28.16,1.37
20110709,15.43,88.55,25.95,3.09
20110710,9.23,80.5,26.84,3.13
20110711,1.12,74.47,27.78,3.28
20110712,0.94,72.43,28.87,2.9
20110713,7.47,76.75,28.64,1.85
20110714,5.36,82.4,27.89,1.58
20110715,10.92,87.32,27.42,2.17
20110716,5.86,84.38,27.1,1.05
20110717,4.61,78.24,28.0,1.08
20110718,1.71,76.31,28.06,1.38
20110719,14.82,80.24,27.88,3.41
20110720,17.8,81.07,27.27,4.25
20110721,0.63,77.91,27.29,4.49
20110722,7.33,81.25,26.42,4.11
20110723,21.95,86.72,25.79,3.53
20110724,16.86,86.32,26.7,2.27
20110725,4.06,87.02,27.24,1.17
20110726,0.13,79.22,28.19,1.84
20110727,0.78,78.14,28.67,1.04
20110728,8.73,85.59,27.39,1.91
20110729,10.65,85.78,26.93,1.51
20110730,3.07,87.28,26.56,2.16
20110731,2.46,83.64,27.1,2.1
20110801,28.56,86.44,27.13,2.7
20110802,6.23,86.26,26.93,1.99
20110803,14.4,82.8,27.05,1.69
20110804,4.77,84.11,26.52,1.58
20110805,2.66,85.34,26.73,2.61
20110806,11.1,87.55,26.24,3.06
20110807,15.02,87.96,26.61,2.35
20110808,29.65,92.4,25.85,1.84
20110809,24.71,87.44,26.76,1.83
20110810,1.91,87.45,25.75,4.41
20110811,1.08,85.12,25.78,4.99
20110812,2.48,85.77,26.42,3.32
20110813,7.62,88.13,26.2,2.91
20110814,4.55,88.92,26.37,2.7
20110815,8.12,88.7,25.8,4.18
20110816,8.64,88.06,26.55,3.87
20110817,1.82,83.9,26.38,2.5
20110818,0.29,81.53,27.0,1.78
20110819,1.55,84.86,26.21,1.84
20110820,6.33,81.23,26.43,0.95
20110821,1.55,79.71,27.29,0.87
20110822,0.03,80.65,27.78,0.94
20110823,13.39,85.03,27.57,1.53
20110824,29.64,87.64,26.46,1.11
20110825,33.1,85.24,26.36,1.11
20110826,25.62,86.32,26.74,1.52
20110827,9.59,88.15,26.8,2.05
20110828,4.53,86.93,27.13,2.58
20110829,13.55,88.98,26.61,2.0
20110830,13.68,89.55,26.76,2.35
20110831,7.27,89.39,26.35,1.62
20110901,7.46,90.73,26.29,1.68
20110902,8.25,89.17,25.92,2.01
20110903,24.07,90.71,26.09,2.23
20110904,15.5,90.47,26.21,2.51
20110905,8.84,88.7,26.28,1.66
20110906,5.48,91.97,25.77,3.63
20110907,1.01,89.19,25.72,4.0
20110908,1.15,87.4,25.41,3.83
20110909,1.09,87.17,25.88,2.22
20110910,11.8,89.58,25.72,1.57
20110911,34.86,88.07,25.81,1.07
20110912,12.91,91.11,25.56,2.57
20110913,0.02,86.71,26.17,1.75
20110914,4.85,85.78,26.4,2.06
20110915,6.59,90.12,25.93,1.58
20110916,5.53,90.9,25.62,2.06
20110917,0.82,87.97,25.66,2.82
20110918,1.85,86.7,25.47,2.68
20110919,3.24,85.32,25.76,1.93
20110920,3.06,88.13,24.83,1.93
20110921,5.09,84.09,25.15,1.95
20110922,2.44,83.44,24.88,1.84
20110923,0.09,79.99,24.93,1.77
20110924,0.08,79.46,24.82,2.12
20110925,0.0,80.54,24.74,2.02
20110926,0.0,83.52,24.38,2.21
20110927,0.0,83.27,23.96,2.14
20110928,0.0,82.6,24.14,2.07
20110929,0.0,79.36,24.31,1.59
20110930,0.0,78.84,24.5,1.4
20111001,0.0,80.15,24.26,2.16
20111002,0.0,77.98,23.23,2.39
20111003,0.0,82.1,22.72,2.77
20111004,0.0,79.25,22.72,1.75
20111005,0.0,70.84,24.09,0.96
20111006,0.0,67.42,25.52,0.79
20111007,0.0,67.4,25.48,1.03
20111008,0.0,65.92,25.0,1.34
20111009,0.0,62.52,25.6,1.17
20111010,0.0,64.2,25.24,1.0
20111011,0.0,64.96,25.14,1.16
20111012,0.0,62.96,25.0,1.05
20111013,0.0,61.37,25.83,0.7
20111014,0.0,61.97,26.24,0.97
20111015,0.0,61.07,24.78,1.19
20111016,0.0,55.57,26.09,0.74
20111017,0.16,64.46,24.65,1.0
20111018,0.04,61.06,24.44,1.11
20111019,0.0,53.61,23.94,0.85
20111020,0.02,53.19,23.88,0.96
20111021,0.0,60.77,23.75,1.53
20111022,0.0,60.35,22.82,1.01
20111023,0.0,61.27,22.73,1.07
20111024,0.0,56.37,23.32,0.96
20111025,0.0,54.73,23.97,1.0
20111026,0.0,53.58,23.34,0.89
20111027,0.0,53.76,22.86,0.79
20111028,0.0,60.38,21.41,1.28
20111029,0.0,55.91,20.6,1.46
20111030,0.0,51.17,20.94,1.14
20111031,0.0,52.07,21.0,1.11
20111101,0.0,52.61,21.36,1.25
20111102,0.0,50.56,21.7,1.32
20111103,0.0,53.16,21.56,1.37
20111104,0.0,54.28,22.13,1.17
20111105,0.0,52.84,23.01,1.05
20111106,0.0,53.63,23.49,1.31
20111107,0.0,49.66,24.31,0.89
20111108,0.0,55.37,22.98,0.92
20111109,0.0,55.77,22.72,1.04
20111110,0.0,50.26,23.92,0.64
20111111,0.0,53.75,23.45,1.31
20111112,0.0,56.73,23.39,1.25
20111113,0.0,51.9,22.83,1.18
20111114,0.0,50.09,21.91,1.3
20111115,0.0,45.7,22.07,1.11
20111116,0.0,40.8,23.18,0.68
20111117,0.0,43.41,22.96,0.87
20111118,0.0,42.9,23.09,0.95
20111119,0.0,44.31,23.08,0.89
20111120,0.0,45.95,22.36,0.99
20111121,0.0,51.77,21.1,1.44
20111122,0.0,55.22,20.15,1.54
20111123,0.0,62.93,18.76,1.95
20111124,0.0,70.31,18.89,2.09
20111125,0.0,66.18,18.86,1.31
20111126,0.0,62.12,19.61,1.29
20111127,0.0,65.14,19.77,1.75
20111128,0.0,60.42,20.56,1.4
20111129,0.0,52.67,19.65,1.5
20111130,0.0,43.87,20.12,1.13
20111201,0.0,42.98,19.38,1.41
20111202,0.0,45.54,18.4,1.43
20111203,0.0,44.89,21.09,0.84
20111204,0.0,48.44,22.51,0.79
20111205,0.0,49.31,22.69,0.66
20111206,0.0,47.86,22.19,1.31
20111207,0.0,41.18,21.56,1.07
20111208,0.0,45.02,20.54,1.74
20111209,0.0,46.31,18.47,1.34
20111210,0.0,40.03,16.42,1.93
20111211,0.0,35.46,14.72,1.58
20111212,0.0,39.76,15.14,1.82
20111213,0.0,46.43,14.73,1.61
20111214,0.0,43.7,15.68,1.31
20111215,0.0,39.22,15.97,1.28
20111216,0.0,37.08,15.59,1.34
20111217,0.0,39.97,15.84,1.4
20111218,0.0,44.09,16.25,1.44
20111219,0.0,44.14,16.39,1.24
20111220,0.0,34.17,17.12,1.27
20111221,0.0,39.88,15.16,1.6
20111222,0.0,50.26,15.79,1.64
20111223,0.0,52.97,15.92,1.82
20111224,0.0,48.77,16.62,1.47
20111225,0.0,44.88,17.01,1.29
20111226,0.0,43.54,16.94,1.11
20111227,0.0,50.06,15.46,1.89
20111228,0.0,45.9,14.68,2.34
20111229,0.0,42.38,13.99,2.04
20111230,0.0,44.19,14.16,1.54
20111231,1.03,53.06,15.29,2.51
20120101,0.93,72.23,14.71,2.35
20120102,0.0,63.06,14.12,1.72
20120103,0.0,55.7,14.47,1.49
20120104,0.0,46.44,16.13,1.93
20120105,0.0,52.35,16.95,1.7
20120106,0.0,51.72,17.78,1.98
20120107,0.0,38.22,15.07,1.55
20120108,0.0,33.39,12.57,1.77
20120109,0.0,30.72,11.48,1.83
20120110,0.0,37.4,11.68,1.75
20120111,0.0,33.85,12.33,1.45
20120112,0.0,33.16,14.0,1.42
20120113,0.0,25.87,15.62,1.14
20120114,0.0,25.28,16.21,1.58
20120115,0.0,35.57,17.66,2.33
20120116,0.0,55.92,17.92,3.09
20120117,0.0,42.39,15.22,1.46
20120118,0.0,38.06,13.31,1.43
20120119,0.0,36.72,12.65,1.19
20120120,0.0,35.54,12.28,1.56
20120121,0.0,34.31,12.65,1.94
20120122,0.0,35.84,14.99,1.59
20120123,0.0,35.08,16.45,0.93
20120124,0.0,40.02,15.97,1.28
20120125,0.0,38.61,17.27,1.0
20120126,0.0,43.41,16.93,1.46
20120127,0.0,46.21,15.84,1.7
20120128,0.0,45.54,16.12,2.1
20120129,0.0,43.26,14.85,2.8
20120130,0.0,36.75,14.93,1.85
20120131,0.0,27.3,14.58,1.8
20120201,0.0,24.81,14.07,1.64
20120202,0.0,22.84,16.08,1.18
20120203,0.0,25.35,17.67,1.88
20120204,0.0,29.2,18.38,2.75
20120205,0.0,42.81,17.96,1.73
20120206,0.0,37.72,16.89,1.58
20120207,0.0,31.05,15.67,2.42
20120208,0.0,17.42,11.89,3.56
20120209,0.0,16.74,11.33,1.9
20120210,0.0,15.72,13.69,1.54
20120211,0.0,19.7,16.53,1.74
20120212,0.0,24.19,17.53,2.53
20120213,0.0,40.61,18.89,2.64
20120214,0.0,32.59,18.05,1.88
20120215,0.0,31.44,17.75,1.47
20120216,0.0,36.63,15.5,2.61
20120217,0.0,29.03,16.3,2.34
20120218,0.0,24.84,17.84,1.77
20120219,0.0,23.63,19.85,1.27
20120220,0.0,23.59,22.32,1.94
20120221,0.0,25.01,22.47,3.27
20120222,0.0,32.04,23.0,2.74
20120223,0.0,22.68,21.23,2.64
20120224,0.0,17.42,19.2,1.94
20120225,0.0,14.53,18.92,2.15
20120226,0.0,14.29,19.87,1.61
20120227,0.0,13.58,22.47,1.35
20120228,0.0,16.05,20.56,2.38
20120229,0.0,15.15,21.04,1.49
20120301,0.0,19.93,21.34,2.13
20120302,0.0,24.04,22.14,1.51
20120303,0.0,25.93,23.43,1.87
20120304,0.0,29.87,24.85,3.1
20120305,0.0,23.21,25.4,3.9
20120306,0.0,22.06,22.77,3.68
20120307,0.0,14.36,21.0,2.36
20120308,0.0,8.85,19.22,3.09
20120309,0.0,9.86,17.23,2.0
20120310,0.0,10.61,18.63,1.67
20120311,0.0,13.47,20.68,2.24
20120312,0.0,12.95,22.33,2.67
20120313,0.0,19.7,20.67,2.81
20120314,0.0,14.3,21.71,1.47
20120315,0.0,13.36,24.62,1.84
20120316,0.0,15.34,25.76,2.27
20120317,0.0,18.6,26.45,2.69
20120318,0.0,21.16,26.65,2.31
20120319,0.0,16.91,28.1,2.24
20120320,0.0,11.86,27.71,3.29
20120321,0.0,6.74,22.44,2.4
20120322,0.0,8.01,22.63,1.98
20120323,0.0,7.32,25.7,1.02
20120324,0.0,6.72,26.82,1.04
20120325,0.0,7.57,27.83,1.01
20120326,0.0,11.91,27.74,1.77
20120327,0.0,19.28,29.05,2.22
20120328,0.0,19.84,28.97,1.87
20120329,0.0,19.99,28.04,1.89
20120330,0.0,18.21,29.18,1.32
20120331,0.0,17.3,31.49,0.59
20120401,0.0,18.78,31.54,1.93
20120402,0.0,15.68,31.94,1.93
20120403,0.0,16.16,31.63,2.07
20120404,0.81,18.85,31.17,2.05
20120405,1.25,21.31,31.79,0.94
20120406,2.0,22.2,31.23,2.08
20120407,0.0,16.85,30.39,2.08
20120408,0.0,18.78,31.34,2.3
20120409,0.0,17.42,32.36,2.52
20120410,0.0,18.97,32.46,2.94
20120411,3.0,22.13,31.6,3.41
20120412,1.75,28.32,30.22,3.33
20120413,1.52,28.73,29.45,4.19
20120414,1.23,30.49,29.54,2.83
20120415,0.05,35.0,29.09,2.54
20120416,0.0,27.6,29.37,1.66
20120417,0.0,26.89,30.03,2.4
20120418,0.28,30.3,29.42,2.83
20120419,0.0,27.71,29.53,1.87
20120420,0.99,35.91,28.88,2.29
20120421,0.02,32.54,29.47,2.01
20120422,0.0,28.56,29.71,2.5
20120423,0.0,23.45,29.99,1.35
20120424,0.0,24.03,30.54,2.2
20120425,0.0,24.92,30.73,2.11
20120426,0.0,22.14,31.68,1.85
20120427,0.0,23.83,30.75,3.13
20120428,0.0,19.55,31.4,3.43
20120429,0.0,17.14,31.18,4.0
20120430,0.0,14.41,30.74,3.65
20120501,0.0,10.58,30.11,1.96
20120502,0.0,11.36,30.09,1.67
20120503,0.66,14.37,31.93,1.77
20120504,3.38,25.92,31.77,3.23
20120505,1.66,24.12,31.74,2.12
20120506,2.13,32.42,31.94,4.01
20120507,4.13,35.74,32.81,3.65
20120508,1.64,37.86,32.81,2.37
20120509,1.41,35.55,33.39,2.58
20120510,0.97,30.04,34.04,2.99
20120511,0.31,32.24,33.01,2.53
20120512,0.0,29.15,33.24,3.32
20120513,0.03,31.88,32.62,3.15
20120514,0.0,28.51,32.62,2.92
20120515,0.0,25.12,33.64,2.39
20120516,0.0,21.46,34.44,4.31
20120517,0.0,21.24,33.95,4.04
20120518,0.56,26.62,34.92,2.57
20120519,0.95,26.13,34.82,1.8
20120520,0.28,18.92,35.38,1.76
20120521,0.02,19.51,35.62,3.44
20120522,0.03,22.7,35.28,3.33
20120523,0.02,21.0,35.6,3.03
20120524,0.0,20.67,35.64,3.47
20120525,0.0,22.19,35.74,4.97
20120526,0.0,20.14,35.17,4.25
20120527,0.0,23.85,35.35,3.56
20120528,0.0,20.79,36.19,3.59
20120529,0.0,18.78,36.42,3.61
20120530,0.0,18.87,36.61,3.64
20120531,0.0,22.77,36.73,4.7
20120601,0.0,27.56,35.91,5.63
20120602,0.0,31.2,34.99,5.5
20120603,0.0,30.17,34.36,5.62
20120604,1.15,33.28,33.87,5.07
20120605,2.86,32.0,35.0,4.56
20120606,1.58,28.71,34.27,3.1
20120607,7.99,45.6,30.64,3.49
20120608,0.0,42.44,32.59,3.36
20120609,0.54,37.01,33.74,4.79
20120610,0.01,39.93,33.57,5.09
20120611,1.22,44.69,33.09,4.13
20120612,0.31,38.92,34.01,3.02
20120613,0.05,35.68,35.18,1.83
20120614,0.22,36.66,35.16,2.86
20120615,3.56,41.7,34.21,3.46
20120616,1.46,50.99,32.49,5.29
20120617,0.24,51.98,31.84,4.76
20120618,2.03,46.17,33.05,4.87
20120619,0.06,41.28,33.44,4.79
20120620,0.0,43.36,33.26,5.47
20120621,0.0,40.52,34.15,6.15
20120622,0.01,39.37,34.37,5.58
20120623,0.01,40.57,34.12,6.09
20120624,0.0,42.24,34.0,5.82
20120625,0.0,41.6,34.07,6.21
20120626,0.0,41.39,33.42,6.81
20120627,0.0,40.17,33.66,5.43
20120628,0.05,36.09,34.93,4.07
20120629,0.06,34.07,35.93,3.4
20120630,0.0,35.96,35.75,4.13
20120701,6.58,40.32,34.64,3.9
20120702,12.67,53.09,32.81,4.0
20120703,2.94,48.93,34.09,3.7
20120704,13.34,61.93,31.2,3.91
20120705,16.19,73.68,28.76,3.37
20120706,24.63,74.99,28.07,4.42
20120707,5.38,77.1,27.37,5.46
20120708,3.03,70.58,28.24,3.74
20120709,17.83,80.45,27.76,3.39
20120710,67.45,88.76,27.31,2.1
20120711,6.01,81.66,28.0,2.92
20120712,0.39,78.85,28.12,3.44
20120713,0.35,79.92,27.86,3.88
20120714,0.47,73.43,28.5,4.07
20120715,0.13,73.25,28.48,3.6
20120716,0.45,71.1,28.56,2.91
20120717,0.05,69.06,29.09,2.72
20120718,0.0,68.57,29.87,3.37
20120719,0.0,69.97,29.18,4.11
20120720,0.0,67.53,29.5,3.08
20120721,10.99,70.24,29.78,2.22
20120722,3.37,66.38,30.15,2.99
20120723,1.29,68.03,29.68,3.62
20120724,0.49,76.89,27.2,3.82
20120725,0.14,69.94,28.36,3.14
20120726,1.74,70.13,28.7,2.95
20120727,5.81,73.12,28.01,3.44
20120728,16.37,75.16,27.93,3.26
20120729,6.1,77.49,26.89,3.88
20120730,2.82,77.22,26.08,3.71
20120731,5.54,75.83,27.3,2.8
20120801,1.02,73.52,27.9,2.37
20120802,0.03,70.24,27.9,3.99
20120803,0.0,68.69,27.93,4.22
20120804,0.0,67.11,28.54,3.61
20120805,1.6,67.0,29.02,2.28
20120806,6.7,68.92,28.99,2.35
20120807,12.34,78.99,26.53,1.68
20120808,11.75,84.82,25.98,2.27
20120809,27.16,85.65,26.12,2.16
20120810,28.7,86.28,25.95,1.98
20120811,49.21,90.69,25.4,2.37
20120812,29.56,91.88,25.85,2.21
20120813,10.27,89.4,26.0,1.71
20120814,9.33,88.41,25.86,3.22
20120815,16.83,88.5,25.47,3.33
20120816,5.93,85.87,25.8,2.61
20120817,1.03,83.82,26.01,2.68
20120818,0.14,82.78,26.55,2.03
20120819,0.06,82.3,27.04,1.92
20120820,5.19,85.22,27.28,2.0
20120821,12.45,88.09,26.27,2.77
20120822,10.42,91.63,24.36,3.4
20120823,0.86,86.73,25.51,3.26
20120824,2.96,84.97,25.79,2.96
20120825,3.29,84.17,26.16,2.17
20120826,31.45,86.59,25.98,1.78
20120827,25.12,89.42,25.66,1.33
20120828,10.19,83.41,26.65,1.09
20120829,4.79,86.69,26.89,1.57
20120830,0.91,88.39,26.78,1.26
20120831,2.0,86.25,27.15,1.36
20120901,3.59,85.87,27.06,1.04
20120902,6.56,85.02,27.38,0.77
20120903,9.76,92.29,25.94,1.25
20120904,12.67,88.03,25.89,1.6
20120905,9.39,89.57,26.09,2.59
20120906,29.92,87.64,26.68,2.36
20120907,28.64,89.69,25.68,2.94
20120908,5.04,87.78,25.82,2.7
20120909,1.59,85.72,26.45,1.81
20120910,6.12,82.06,26.48,1.13
20120911,18.53,87.89,26.2,1.49
20120912,30.71,90.69,26.02,1.41
20120913,3.56,88.28,25.94,2.56
20120914,0.33,87.4,26.02,2.69
20120915,0.97,89.15,25.08,2.69
20120916,0.5,85.75,25.3,2.28
20120917,1.62,85.1,25.25,1.54
20120918,0.37,82.91,24.93,1.74
20120919,0.3,80.76,25.21,0.76
20120920,14.16,80.36,25.81,0.99
20120921,0.43,76.12,25.92,1.17
20120922,8.95,66.25,26.43,0.69
20120923,1.74,69.29,25.97,0.91
20120924,0.01,69.95,25.42,0.67
20120925,0.57,77.29,24.21,1.58
20120926,0.45,72.35,23.84,0.83
20120927,0.07,70.66,24.06,1.1
20120928,0.0,72.16,24.23,1.66
20120929,0.0,71.5,24.82,1.45
20120930,0.0,69.2,24.63,1.82
20121001,0.0,63.91,24.76,1.44
20121002,0.0,63.0,24.98,1.52
20121003,0.0,59.58,25.36,1.45
20121004,0.0,59.9,25.69,1.23
20121005,0.0,57.73,25.27,1.32
20121006,0.0,59.96,25.42,1.18
20121007,0.0,62.96,25.2,1.41
20121008,0.0,64.59,24.7,1.23
20121009,0.06,62.66,25.4,0.95
20121010,0.03,59.26,24.68,1.01
20121011,0.0,53.27,24.47,0.94
20121012,0.0,48.56,25.12,0.88
20121013,0.0,48.37,25.38,0.81
20121014,0.0,53.56,24.84,0.84
20121015,0.0,57.4,25.32,0.91
20121016,0.0,59.25,24.08,1.04
20121017,0.0,56.45,24.33,0.76
20121018,0.0,57.46,24.65,0.59
20121019,0.0,63.91,24.24,1.05
20121020,0.0,65.65,23.79,1.05
20121021,0.0,66.1,23.79,1.25
20121022,0.0,66.33,24.5,1.16
20121023,0.0,63.28,24.26,1.32
20121024,0.0,62.37,22.03,1.56
20121025,0.0,56.97,19.83,1.63
20121026,0.0,54.71,19.44,1.64
20121027,0.0,55.71,19.33,1.54
20121028,0.0,53.02,20.42,1.11
20121029,0.0,51.33,21.0,0.98
20121030,0.0,54.08,20.41,1.67
20121031,0.0,57.6,19.74,1.85
20121101,0.0,57.54,19.14,2.23
20121102,0.0,59.14,18.39,2.24
20121103,0.0,56.58,17.66,1.91
20121104,0.0,54.3,17.59,1.76
20121105,0.0,55.3,19.05,1.4
20121106,0.0,49.7,19.62,1.22
20121107,0.0,40.76,20.41,0.78
20121108,0.0,38.63,21.36,0.85
20121109,0.0,41.52,21.17,0.94
20121110,0.0,44.0,20.75,1.13
20121111,0.0,47.55,20.76,1.17
20121112,0.0,49.62,20.68,1.27
20121113,0.0,52.87,20.22,1.35
20121114,0.0,51.73,19.8,1.36
20121115,0.0,43.76,19.3,1.37
20121116,0.0,43.52,17.97,1.52
20121117,0.0,41.24,18.12,1.6
20121118,0.0,41.46,18.8,1.37
20121119,0.0,49.14,18.22,1.36
20121120,0.0,52.05,17.62,1.66
20121121,0.0,48.35,17.81,1.21
20121122,0.0,48.87,17.86,1.26
20121123,0.0,47.53,18.36,1.5
20121124,0.0,45.37,18.9,0.92
20121125,0.0,48.89,18.46,1.36
20121126,0.0,50.43,17.6,1.63
20121127,0.0,47.13,17.78,1.46
20121128,0.0,44.48,18.6,1.18
20121129,0.0,47.26,18.63,1.41
20121130,0.0,50.8,16.42,2.2
20121201,0.0,46.16,14.87,2.02
20121202,0.0,45.75,15.79,2.15
20121203,0.0,47.47,17.03,1.9
20121204,0.0,50.24,17.94,1.51
20121205,0.0,52.28,18.11,1.35
20121206,0.0,47.34,19.04,1.37
20121207,0.0,46.33,20.46,1.1
20121208,0.0,46.83,20.95,0.97
20121209,0.0,46.53,19.33,1.16
20121210,0.0,46.51,19.31,1.13
20121211,0.0,44.04,18.82,1.35
20121212,0.0,47.37,16.93,1.46
20121213,0.0,46.51,16.91,1.79
20121214,0.0,44.48,19.21,0.9
20121215,0.0,56.57,17.91,1.18
20121216,0.0,58.97,18.14,1.74
20121217,0.0,56.2,17.06,1.99
20121218,0.0,52.76,17.24,1.36
20121219,0.0,47.91,16.04,1.98
20121220,0.0,31.7,15.08,1.37
20121221,0.0,28.15,14.74,1.6
20121222,0.0,31.26,14.81,1.78
20121223,0.0,31.38,14.98,2.04
20121224,0.0,33.24,14.48,1.74
20121225,0.0,32.99,14.14,1.6
20121226,0.0,33.82,14.41,1.65
20121227,0.0,33.02,15.13,1.47
20121228,0.0,31.39,15.97,1.95
20121229,0.0,45.1,15.75,1.43
20121230,0.0,45.27,14.5,2.2
20121231,0.0,48.51,13.38,2.33
20130101,0.0,45.61,13.78,1.64
20130102,0.0,40.24,12.05,2.14
20130103,0.0,34.15,10.58,1.67
20130104,0.0,33.04,11.69,1.62
20130105,0.0,32.31,11.18,1.93
20130106,0.0,30.36,9.8,2.18
20130107,0.0,27.51,10.03,2.0
20130108,0.0,25.64,11.83,1.57
20130109,0.0,25.3,13.56,1.38
20130110,0.0,29.78,14.84,1.41
20130111,0.0,30.31,17.79,0.95
20130112,0.0,30.13,19.03,1.67
20130113,0.0,47.89,19.13,2.16
20130114,0.0,44.05,16.86,1.29
20130115,0.0,39.7,18.15,1.74
20130116,0.0,41.3,18.43,1.36
20130117,0.46,41.69,19.07,1.84
20130118,0.96,52.67,14.9,3.27
20130119,0.0,40.29,12.22,2.02
20130120,0.0,30.31,10.95,2.25
20130121,0.0,29.01,10.86,1.9
20130122,0.0,25.76,11.67,2.09
20130123,0.0,24.58,12.61,2.16
20130124,0.0,24.96,12.81,2.16
20130125,0.0,27.87,12.16,1.89
20130126,0.0,25.9,13.16,1.72
20130127,0.0,24.23,15.01,1.34
20130128,0.0,21.77,15.96,1.47
20130129,0.0,21.26,16.24,1.4
20130130,0.0,28.8,15.52,1.66
20130131,0.0,37.26,16.06,2.3
20130201,0.0,44.97,18.13,2.01
20130202,0.0,33.96,19.29,1.98
20130203,0.0,35.64,19.07,1.89
20130204,1.04,46.2,20.02,2.72
20130205,1.95,52.57,19.23,2.81
20130206,0.0,38.87,16.47,2.03
20130207,0.0,34.5,14.29,2.66
20130208,0.0,32.82,13.36,2.06
20130209,0.0,28.92,14.62,1.81
20130210,0.0,31.85,17.93,2.05
20130211,0.23,35.19,19.01,2.2
20130212,1.19,52.79,19.59,2.25
20130213,0.05,56.36,20.74,1.66
20130214,1.76,43.89,22.21,2.63
20130215,2.99,52.63,21.64,3.03
20130216,2.21,54.62,17.32,3.13
20130217,0.0,53.48,15.11,1.81
20130218,0.0,46.45,15.84,1.74
20130219,0.0,40.11,17.45,1.57
20130220,0.0,39.46,17.73,2.05
20130221,0.0,37.29,20.29,1.7
20130222,0.45,36.59,22.45,1.71
20130223,0.17,38.73,22.03,2.64
20130224,0.01,46.01,18.3,2.34
20130225,0.0,38.97,18.92,1.75
20130226,0.0,31.94,21.34,2.71
20130227,0.0,26.25,20.87,2.22
20130228,0.0,23.13,18.89,2.4
20130301,0.0,21.2,18.51,2.21
20130302,0.0,18.14,20.15,1.61
20130303,0.0,15.07,21.92,1.39
20130304,0.0,12.39,23.41,1.16
20130305,0.0,16.46,22.77,1.44
20130306,0.0,17.77,23.49,1.38
20130307,0.0,16.46,23.5,1.38
20130308,0.0,15.0,25.03,1.21
20130309,0.0,16.18,25.94,2.31
20130310,0.0,19.98,25.14,2.96
20130311,0.0,18.22,24.63,1.17
20130312,0.0,14.75,26.46,1.21
20130313,0.0,15.71,25.72,2.12
20130314,0.0,24.23,24.57,2.39
20130315,0.0,25.41,24.03,2.24
20130316,2.89,38.59,23.53,2.57
20130317,0.34,38.37,23.76,1.78
20130318,0.0,20.61,26.32,0.71
20130319,0.0,18.9,27.27,1.23
20130320,0.0,19.89,27.09,2.01
20130321,0.04,16.84,26.4,2.01
20130322,0.0,20.71,25.89,1.68
20130323,0.0,23.63,26.74,2.58
20130324,0.02,24.69,26.7,2.37
20130325,0.0,19.94,24.7,2.31
20130326,0.0,24.75,24.68,1.73
20130327,0.0,20.71,26.75,1.83
20130328,0.29,26.78,26.7,3.03
20130329,0.02,30.03,25.25,2.59
20130330,0.0,29.92,25.33,2.43
20130331,0.0,24.64,26.97,1.62
20130401,0.0,19.29,28.35,1.21
20130402,0.05,18.66,29.35,2.05
20130403,0.08,24.88,27.8,1.76
20130404,0.0,24.93,27.67,2.42
20130405,0.0,17.15,27.93,2.11
20130406,0.0,12.34,28.67,1.59
20130407,0.0,15.54,28.97,1.44
20130408,0.0,16.4,29.19,1.94
20130409,0.0,22.47,29.96,2.05
20130410,0.0,28.49,30.1,3.03
20130411,0.0,20.14,28.29,3.26
20130412,0.0,21.42,29.08,2.04
20130413,0.0,22.9,30.04,2.07
20130414,0.0,19.29,30.87,2.54
20130415,0.0,16.63,30.84,2.7
20130416,0.0,17.98,31.34,4.18
20130417,0.0,23.46,30.76,4.23
20130418,0.19,29.2,29.32,3.43
20130419,0.25,21.94,29.68,2.41
20130420,1.05,25.76,29.7,3.34
20130421,2.35,30.71,29.71,2.55
20130422,0.01,30.94,30.39,1.4
20130423,0.0,28.69,30.87,1.44
20130424,0.0,27.77,31.33,1.57
20130425,0.22,27.09,32.8,1.27
20130426,0.0,24.54,32.59,1.78
20130427,0.0,23.45,32.36,2.19
20130428,0.0,23.54,32.64,2.19
20130429,0.0,21.48,33.55,2.22
20130430,0.0,23.13,33.67,2.76
20130501,0.0,13.13,32.82,3.07
20130502,0.0,8.77,31.31,3.27
20130503,0.0,9.66,31.96,3.55
20130504,0.0,21.31,33.48,4.05
20130505,0.0,19.98,34.04,4.65
20130506,0.0,18.95,33.52,3.31
20130507,0.0,15.47,34.61,2.66
20130508,0.0,19.08,34.75,4.14
20130509,0.0,14.77,33.53,4.75
20130510,0.0,19.59,33.11,4.68
20130511,0.1,21.81,32.53,4.17
20130512,0.44,26.35,32.65,3.01
20130513,0.03,24.52,32.54,1.93
20130514,0.0,20.13,34.0,1.98
20130515,0.0,18.73,35.42,2.55
20130516,0.0,16.74,36.24,3.9
20130517,0.0,19.42,36.24,4.26
20130518,0.0,17.05,36.45,4.34
20130519,0.0,13.41,36.58,4.11
20130520,0.0,15.62,36.75,4.26
20130521,0.0,14.42,36.52,4.78
20130522,0.0,13.4,35.23,4.27
20130523,0.0,19.34,35.04,3.93
20130524,0.0,23.61,36.22,4.65
20130525,0.0,27.05,35.34,5.18
20130526,0.0,34.54,33.49,5.02
20130527,0.0,31.2,35.11,3.89
20130528,0.0,27.22,35.77,3.94
20130529,0.03,25.26,35.01,4.07
20130530,2.4,20.56,35.83,3.11
20130531,1.45,19.76,35.57,3.17
20130601,0.0,20.62,35.87,2.06
20130602,0.0,26.6,35.42,2.77
20130603,0.26,25.87,36.41,2.35
20130604,3.15,29.73,36.77,2.76
20130605,0.95,33.96,36.45,4.27
20130606,1.1,35.37,36.64,4.71
20130607,2.23,42.53,34.56,3.09
20130608,14.01,54.24,32.43,3.05
20130609,7.55,64.09,30.17,3.38
20130610,2.29,65.32,29.95,3.81
20130611,10.32,76.11,27.78,2.61
20130612,10.33,72.92,28.62,1.98
20130613,0.67,60.76,30.83,1.58
20130614,1.4,52.89,32.58,2.98
20130615,0.59,54.9,32.05,3.14
20130616,13.27,65.88,30.66,2.59
20130617,5.17,75.94,28.44,3.32
20130618,2.45,72.48,28.02,2.6
20130619,5.0,58.04,30.08,1.61
20130620,1.72,52.98,31.61,3.67
20130621,0.5,53.23,32.22,4.42
20130622,1.76,55.16,32.18,3.73
20130623,1.24,55.65,31.66,3.96
20130624,1.08,61.22,30.67,3.63
20130625,8.82,67.6,30.3,3.13
20130626,13.44,81.2,27.76,3.25
20130627,1.58,70.54,28.56,5.57
20130628,0.19,62.86,30.48,4.9
20130629,0.0,63.45,30.28,5.76
20130630,0.0,60.29,30.97,4.68
20130701,4.63,65.06,30.35,4.11
20130702,10.07,71.37,28.81,4.24
20130703,31.39,73.73,28.48,2.54
20130704,10.21,74.58,29.4,2.44
20130705,19.05,75.34,28.93,1.33
20130706,12.98,80.81,27.97,1.88
20130707,6.46,81.39,27.73,2.75
20130708,1.93,78.37,27.85,1.94
20130709,1.7,79.31,27.5,1.82
20130710,7.38,74.13,27.79,2.12
20130711,13.0,75.05,27.87,1.72
20130712,14.4,78.15,27.8,2.0
20130713,6.82,79.11,28.28,1.96
20130714,2.57,77.96,28.26,2.96
20130715,12.12,78.97,28.2,2.6
20130716,4.58,75.21,28.95,2.11
20130717,35.72,79.67,28.57,1.99
20130718,5.09,82.83,28.11,2.9
20130719,8.06,82.52,27.81,2.4
20130720,4.86,80.66,27.35,1.02
20130721,13.13,82.37,27.32,2.38
20130722,38.92,85.43,27.47,1.98
20130723,10.73,83.71,27.56,2.82
20130724,6.53,81.35,28.57,1.87
20130725,22.75,85.49,27.61,1.1
20130726,29.54,87.56,26.64,2.0
20130727,27.17,90.59,26.19,2.97
20130728,44.95,88.9,26.48,3.28
20130729,12.62,88.22,26.3,2.89
20130730,6.04,85.8,26.5,2.6
20130731,12.85,92.12,25.93,2.47
20130801,29.0,90.19,26.68,2.86
20130802,13.74,87.08,27.12,2.95
20130803,4.76,91.45,25.38,3.24
20130804,0.12,84.21,26.2,2.5
20130805,5.41,86.98,26.46,1.88
20130806,5.76,89.54,26.06,2.14
20130807,4.46,87.8,25.9,1.93
20130808,4.77,86.81,26.52,2.65
20130809,23.44,90.26,25.68,3.41
20130810,10.75,89.53,25.85,3.4
20130811,3.38,89.27,26.11,2.8
20130812,9.63,88.54,26.37,1.71
20130813,13.88,88.41,26.62,1.37
20130814,8.26,90.48,25.56,4.71
20130815,1.23,87.09,25.98,2.83
20130816,0.87,90.55,25.33,2.95
20130817,4.87,88.9,25.83,2.85
20130818,2.32,86.79,26.36,2.73
20130819,19.12,87.92,26.0,2.72
20130820,16.47,89.55,25.21,2.83
20130821,4.3,89.5,25.36,2.3
20130822,2.56,87.16,25.83,2.44
20130823,10.59,89.45,25.74,2.37
20130824,3.53,88.05,26.96,2.11
20130825,1.66,84.88,27.77,1.23
20130826,0.06,85.53,27.13,2.19
20130827,0.0,84.86,26.25,3.19
20130828,0.01,84.47,25.81,2.19
20130829,0.05,85.71,25.8,2.23
20130830,0.01,84.78,25.91,1.85
20130831,2.35,81.65,26.48,1.35
20130901,0.27,82.03,26.67,1.6
20130902,0.0,79.89,26.91,1.62
20130903,0.0,82.06,26.41,1.68
20130904,0.0,82.58,25.75,2.27
20130905,0.0,82.89,25.29,3.0
20130906,0.03,80.61,25.05,1.98
20130907,0.06,78.88,25.83,1.49
20130908,0.01,73.58,26.37,1.19
20130909,0.0,71.39,26.4,0.92
20130910,0.0,72.66,26.66,1.61
20130911,0.49,74.64,26.87,1.71
20130912,0.1,76.1,27.22,1.24
20130913,0.0,76.43,27.76,1.3
20130914,0.0,74.24,27.53,1.11
20130915,0.09,76.01,27.49,1.34
20130916,0.02,77.92,26.75,1.35
20130917,0.0,78.87,26.4,1.49
20130918,0.0,75.74,26.49,1.54
20130919,0.0,69.87,26.47,1.5
20130920,7.54,72.96,25.8,1.76
20130921,18.02,88.95,25.86,2.82
20130922,12.32,90.56,25.58,1.64
20130923,23.29,87.31,26.05,1.39
20130924,7.97,88.22,25.79,2.76
20130925,2.93,89.85,24.67,3.43
20130926,0.28,85.65,24.38,3.22
20130927,0.18,83.44,25.16,2.43
20130928,7.21,85.24,25.19,3.1
20130929,3.49,85.86,25.09,2.64
20130930,29.77,87.81,25.27,1.63
20131001,2.55,84.71,25.77,1.66
20131002,0.32,85.45,25.46,1.91
20131003,0.75,85.96,25.13,2.86
20131004,1.93,86.32,24.32,3.32
20131005,2.43,82.88,25.04,1.49
20131006,1.89,81.31,25.44,1.1
20131007,0.2,81.08,25.86,1.17
20131008,45.74,87.09,24.96,1.51
20131009,18.58,86.98,24.64,1.76
20131010,0.22,85.37,24.84,1.75
20131011,0.14,84.79,24.37,1.57
20131012,1.16,84.99,23.92,1.65
20131013,1.5,83.88,24.69,0.94
20131014,0.0,78.78,25.52,0.96
20131015,0.0,69.39,24.84,1.37
20131016,0.0,64.46,24.67,1.02
20131017,0.0,64.7,24.8,1.42
20131018,0.0,69.18,23.95,1.8
20131019,0.0,61.63,24.3,1.57
20131020,0.0,48.73,24.17,1.04
20131021,0.0,48.32,23.51,0.83
20131022,0.0,53.68,22.6,0.99
20131023,0.0,65.84,21.04,1.52
20131024,0.0,78.13,21.04,2.31
20131025,0.0,83.62,22.77,2.59
20131026,0.0,73.82,21.96,1.87
20131027,0.0,60.3,22.32,0.91
20131028,0.0,53.73,21.93,1.27
20131029,0.0,56.51,21.58,1.39
20131030,0.0,62.59,21.16,1.57
20131031,0.0,60.46,21.29,1.43
20131101,0.0,61.96,21.66,1.49
20131102,0.0,60.39,22.36,1.0
20131103,0.0,63.35,21.74,0.87
20131104,0.0,66.94,20.42,1.18
20131105,0.0,66.57,20.54,1.36
20131106,0.33,68.86,21.27,1.47
20131107,0.48,69.96,21.46,1.21
20131108,0.36,66.85,20.94,0.92
20131109,0.0,76.52,18.95,1.65
20131110,0.0,66.88,18.9,1.56
20131111,0.0,62.03,18.5,1.07
20131112,0.0,63.48,18.35,1.12
20131113,0.0,63.27,17.63,1.51
20131114,0.0,56.46,16.86,1.43
20131115,0.0,50.24,16.73,1.46
20131116,0.0,52.42,16.27,1.59
20131117,0.0,55.22,16.5,1.45
20131118,0.0,48.77,18.04,1.2
20131119,0.0,42.19,19.29,0.75
20131120,0.0,39.82,19.86,0.8
20131121,0.0,43.33,19.63,1.02
20131122,0.0,55.61,17.64,1.66
20131123,0.0,51.85,18.37,1.31
20131124,0.0,49.98,18.41,1.12
20131125,0.0,46.55,19.21,1.09
20131126,0.0,40.37,20.4,0.93
20131127,0.0,45.0,20.34,1.0
20131128,0.0,53.38,18.8,1.78
20131129,0.0,52.43,18.19,1.71
20131130,0.0,44.82,19.66,0.88
20131201,0.0,42.03,18.93,0.89
20131202,0.0,49.89,19.23,1.31
20131203,0.0,46.38,18.37,1.03
20131204,0.64,67.03,18.37,1.14
20131205,0.0,48.17,18.66,1.24
20131206,0.0,38.55,17.92,0.96
20131207,0.0,41.0,17.73,1.11
20131208,0.0,41.99,18.24,1.09
20131209,0.0,45.77,17.78,1.2
20131210,0.0,51.01,16.8,1.5
20131211,0.0,49.01,17.15,1.35
20131212,0.0,44.3,17.8,1.05
20131213,0.0,45.78,17.25,1.57
20131214,0.0,41.06,18.31,1.43
20131215,0.0,38.55,18.42,1.23
20131216,0.0,36.78,17.88,1.27
20131217,0.0,44.93,17.87,1.16
20131218,0.0,49.0,17.87,1.56
20131219,0.0,42.07,16.22,2.2
20131220,0.0,55.0,14.08,1.84
20131221,0.0,49.94,14.43,1.04
20131222,0.0,46.36,13.9,1.01
20131223,0.0,51.77,13.33,1.48
20131224,0.0,60.53,14.05,1.7
20131225,0.0,65.74,15.11,1.36
20131226,0.97,65.86,14.33,1.88
20131227,0.91,76.01,13.52,1.76
20131228,0.05,71.15,12.85,1.57
20131229,0.13,62.34,13.46,1.59
20131230,5.62,73.72,15.6,1.91
20131231,0.13,65.79,15.43,1.58
20140101,0.0,66.82,12.9,2.07
20140102,0.0,68.09,14.41,1.47
20140103,0.0,65.54,16.64,1.21
20140104,2.16,74.44,16.52,1.46
20140105,0.18,49.92,15.33,1.38
20140106,0.0,51.94,13.17,1.49
20140107,0.0,53.98,13.24,1.86
20140108,0.0,57.42,16.12,2.26
20140109,0.0,49.98,15.42,1.93
20140110,0.0,58.72,13.71,2.05
20140111,0.0,53.53,11.76,2.52
20140112,0.0,48.15,11.76,1.69
20140113,0.0,58.92,14.11,1.35
20140114,0.0,60.35,16.81,1.33
20140115,0.0,54.04,15.41,1.51
20140116,0.0,61.79,14.37,1.65
20140117,0.0,61.72,14.57,1.88
20140118,0.0,47.11,13.53,1.7
20140119,0.0,58.25,12.71,2.05
20140120,0.02,59.65,16.32,1.82
20140121,18.6,80.44,17.51,1.8
20140122,4.99,77.39,17.12,1.36
20140123,1.56,72.83,15.08,1.82
20140124,0.06,68.38,15.27,1.51
20140125,0.0,60.98,15.04,1.32
20140126,0.0,51.86,15.03,1.32
20140127,0.0,43.45,15.43,1.7
20140128,0.0,37.45,16.37,0.92
20140129,0.0,39.8,16.05,1.36
20140130,0.0,43.69,16.16,1.49
20140131,0.0,47.66,15.48,1.69
20140201,0.0,49.32,15.86,1.65
20140202,0.0,50.82,17.61,1.35
20140203,0.0,50.31,19.08,2.04
20140204,0.0,44.02,19.29,1.45
20140205,0.0,44.29,20.43,1.88
20140206,0.0,45.74,20.39,2.16
20140207,0.0,44.17,20.12,3.16
20140208,0.0,35.43,17.17,2.38
20140209,0.0,36.53,14.31,1.99
20140210,0.0,29.72,14.76,1.93
20140211,0.0,35.84,15.43,1.27
20140212,0.0,40.67,15.81,2.4
20140213,0.1,48.96,16.57,2.8
20140214,0.0,44.62,16.77,3.19
20140215,0.22,44.84,16.56,0.94
20140216,0.09,47.74,15.56,1.66
20140217,0.0,35.5,16.27,1.17
20140218,0.0,24.43,16.81,0.81
20140219,0.0,29.77,18.13,1.8
20140220,0.0,32.17,20.02,1.44
20140221,0.14,48.91,20.43,1.16
20140222,0.04,43.28,19.65,1.35
20140223,0.02,57.82,17.88,2.31
20140224,0.04,54.36,18.78,1.81
20140225,2.75,55.84,21.52,1.72
20140226,9.13,67.2,21.43,1.92
20140227,3.1,50.3,20.5,1.87
20140228,2.91,53.42,18.94,1.3
20140301,0.04,57.03,17.42,1.58
20140302,0.0,42.44,17.09,1.29
20140303,0.0,39.3,17.3,1.79
20140304,0.0,38.44,18.85,1.76
20140305,0.0,40.31,20.34,1.64
20140306,0.0,42.13,21.12,1.27
20140307,0.0,45.44,20.23,2.4
20140308,0.0,37.09,20.81,1.99
20140309,0.02,42.41,22.13,1.81
20140310,0.92,51.98,23.36,1.83
20140311,0.0,40.18,24.16,3.09
20140312,0.0,24.88,20.76,2.1
20140313,0.0,35.51,21.49,1.74
20140314,0.0,29.91,22.35,1.53
20140315,0.0,29.82,23.97,1.39
20140316,0.0,25.9,26.07,1.12
20140317,0.0,24.34,26.55,2.9
20140318,0.0,32.03,25.48,2.53
20140319,0.0,19.92,23.74,1.84
20140320,0.0,18.09,24.81,1.43
20140321,0.0,16.13,24.93,2.92
20140322,0.0,25.16,26.31,1.91
20140323,0.08,24.67,27.7,1.53
20140324,0.2,27.44,28.15,1.97
20140325,0.3,25.43,26.62,1.93
20140326,0.0,28.2,26.85,1.95
20140327,0.0,31.37,27.45,1.63
20140328,0.0,27.48,28.29,2.3
20140329,0.0,25.68,28.36,2.61
20140330,0.0,29.48,27.73,1.97
20140331,0.0,25.2,27.88,2.05
20140401,0.0,21.55,28.18,2.36
20140402,0.0,24.24,28.58,3.72
20140403,0.0,23.37,28.32,1.65
20140404,0.0,17.6,29.65,0.94
20140405,0.0,17.54,30.39,2.2
20140406,0.0,16.48,30.37,3.2
20140407,0.0,23.72,30.42,2.98
20140408,0.0,20.83,27.11,2.56
20140409,0.0,14.85,26.82,2.01
20140410,0.0,12.86,27.67,1.22
20140411,0.0,11.83,28.62,1.88
20140412,0.0,11.63,29.36,1.92
20140413,0.0,14.6,30.62,1.71
20140414,0.0,18.39,30.71,1.61
20140415,0.0,19.07,31.6,2.09
20140416,0.16,17.54,32.09,1.77
20140417,0.12,22.24,32.65,2.56
20140418,0.48,27.07,31.45,2.89
20140419,0.0,34.44,29.3,1.57
20140420,0.0,27.81,30.72,1.37
20140421,0.27,23.96,30.66,1.07
20140422,0.16,23.44,31.54,1.55
20140423,1.67,24.03,30.72,1.64
20140424,0.0,21.82,31.01,2.46
20140425,0.0,21.16,32.98,1.59
20140426,0.0,18.71,33.94,2.22
20140427,0.0,17.52,33.76,2.99
20140428,0.0,14.57,33.32,1.89
20140429,0.0,14.77,34.52,1.75
20140430,0.0,15.84,35.28,2.8
20140501,0.0,14.03,34.43,4.09
20140502,0.0,18.11,33.99,4.01
20140503,0.0,20.21,33.34,3.57
20140504,0.0,22.91,33.28,3.5
20140505,0.0,26.7,33.01,2.03
20140506,0.02,22.41,33.82,2.1
20140507,0.08,21.51,34.19,2.36
20140508,0.04,17.06,34.9,2.89
20140509,0.0,16.59,34.29,3.52
20140510,0.01,20.94,33.27,4.69
20140511,0.36,27.17,32.41,4.06
20140512,0.75,28.96,32.24,3.95
20140513,1.82,31.65,31.52,3.78
20140514,0.23,31.71,32.18,3.12
20140515,0.01,38.97,30.88,3.48
20140516,0.65,39.22,30.67,2.99
20140517,0.24,36.39,32.4,2.44
20140518,0.0,31.34,33.45,2.68
20140519,0.0,23.31,34.22,2.82
20140520,0.0,19.24,34.08,3.8
20140521,0.0,20.18,34.12,3.58
20140522,0.0,19.49,35.64,3.93
20140523,0.0,19.52,36.13,4.45
20140524,0.03,20.36,35.92,2.92
20140525,0.11,21.54,36.19,1.45
20140526,0.25,21.15,36.52,2.16
20140527,0.0,20.2,36.03,1.94
20140528,0.0,16.13,37.58,2.75
20140529,0.0,17.96,37.45,5.2
20140530,0.0,20.35,36.98,5.06
20140531,0.0,25.41,36.81,3.9
20140601,1.72,25.45,36.63,2.25
20140602,1.7,23.71,36.07,2.95
20140603,0.0,20.6,36.7,2.96
20140604,0.0,20.56,38.12,2.69
20140605,0.01,18.25,38.48,4.61
20140606,0.0,21.94,36.84,4.27
20140607,0.0,17.86,37.83,3.82
20140608,0.0,18.25,37.42,4.17
20140609,0.0,22.0,37.35,5.08
20140610,0.0,22.21,36.86,4.71
20140611,2.75,33.06,36.13,5.06
20140612,0.38,37.94,34.04,5.3
20140613,0.0,37.08,34.02,5.64
20140614,0.0,41.08,34.1,5.86
20140615,0.0,43.8,34.09,5.87
20140616,0.0,40.77,34.59,4.57
20140617,0.51,44.87,34.53,5.21
20140618,0.06,45.22,33.92,5.39
20140619,0.07,41.82,34.56,3.87
20140620,0.0,42.72,33.9,5.3
20140621,0.0,40.1,34.21,6.86
20140622,0.0,40.86,34.1,6.66
20140623,2.0,41.47,33.68,6.8
20140624,0.32,39.98,33.84,6.3
20140625,0.0,39.95,33.56,5.48
20140626,0.0,37.84,33.7,4.55
20140627,3.48,37.9,33.89,3.71
20140628,0.93,35.91,34.25,4.01
20140629,0.0,33.77,33.68,5.52
20140630,0.0,37.94,33.43,5.56
20140701,0.0,37.83,33.61,5.59
20140702,0.23,40.66,33.53,4.8
20140703,0.01,42.31,33.35,5.19
20140704,0.0,40.55,33.94,4.57
20140705,0.31,37.07,34.38,3.29
20140706,0.15,33.1,34.96,3.93
20140707,0.0,32.81,35.13,4.2
20140708,0.16,32.63,35.07,4.47
20140709,0.87,36.93,34.67,4.72
20140710,0.85,46.19,33.24,4.69
20140711,4.2,46.69,33.01,3.95
20140712,2.56,53.09,31.77,3.84
20140713,3.44,60.51,30.22,3.59
20140714,11.16,66.03,29.36,2.9
20140715,11.32,62.2,30.68,2.67
20140716,12.3,71.68,29.42,2.29
20140717,14.56,73.77,28.69,1.99
20140718,6.35,76.32,28.39,3.11
20140719,3.36,64.78,29.71,4.36
20140720,1.59,60.46,29.55,4.55
20140721,1.0,57.2,29.73,4.03
20140722,13.36,70.56,28.06,3.7
20140723,16.98,73.52,28.95,2.8
20140724,3.79,77.65,28.23,2.14
20140725,5.43,77.87,26.59,4.57
20140726,53.06,83.55,27.0,3.24
20140727,34.67,85.84,27.16,2.71
20140728,47.61,90.0,26.46,2.46
20140729,17.17,89.4,26.38,2.8
20140730,4.27,84.31,27.47,1.81
20140731,2.62,86.07,27.08,1.38
20140801,8.56,89.15,26.19,2.65
20140802,1.0,82.61,27.07,3.26
20140803,1.58,86.2,26.91,4.46
20140804,6.98,88.39,25.96,3.67
20140805,22.47,89.01,25.41,3.25
20140806,79.08,93.12,25.05,3.5
20140807,21.47,91.21,25.52,4.08
20140808,13.56,90.31,25.48,3.54
20140809,2.79,89.59,25.61,3.58
20140810,11.19,89.18,26.06,2.97
20140811,31.42,91.41,25.89,3.22
20140812,26.73,88.64,26.02,3.4
20140813,5.87,86.57,25.85,3.86
20140814,0.05,85.56,25.87,4.77
20140815,0.01,85.46,25.78,4.84
20140816,0.37,84.19,25.45,3.76
20140817,7.67,83.98,25.38,2.6
20140818,0.37,81.32,26.36,1.59
20140819,0.02,79.81,27.25,1.74
20140820,0.0,79.4,27.34,1.82
20140821,0.0,74.82,27.57,1.67
20140822,0.08,76.62,27.84,1.27
20140823,4.09,77.43,28.06,1.22
20140824,0.58,84.12,26.64,1.39
20140825,0.01,85.14,26.4,2.55
20140826,0.04,82.31,26.68,2.56
20140827,0.99,81.54,26.39,2.04
20140828,1.4,78.78,26.83,1.89
20140829,0.52,78.91,26.93,1.82
20140830,2.17,85.84,26.26,1.93
20140831,6.72,85.94,26.78,2.22
20140901,4.26,88.04,26.34,3.05
20140902,13.28,86.23,26.27,1.71
20140903,12.43,90.41,25.83,2.41
20140904,9.71,89.32,25.69,3.57
20140905,1.26,85.54,25.92,3.62
20140906,0.1,82.78,25.18,2.47
20140907,20.51,85.53,25.24,2.26
20140908,18.09,87.9,25.96,2.44
20140909,23.84,86.86,26.45,1.62
20140910,14.76,86.21,26.28,1.82
20140911,17.07,88.42,25.48,1.29
20140912,4.9,88.19,25.21,1.32
20140913,0.82,84.66,25.53,2.19
20140914,1.01,83.77,25.33,1.99
20140915,0.03,82.42,25.5,1.79
20140916,0.0,81.81,25.52,1.79
20140917,0.62,82.05,25.2,2.26
20140918,0.01,78.37,24.66,2.33
20140919,0.0,79.61,24.79,2.35
20140920,0.0,76.94,24.9,2.56
20140921,0.0,77.56,24.27,2.37
20140922,0.0,82.08,24.4,2.2
20140923,0.0,83.14,24.29,2.62
20140924,0.0,83.0,23.92,2.25
20140925,0.0,81.26,24.16,1.53
20140926,0.37,80.06,24.29,1.89
20140927,0.08,76.41,24.55,1.49
20140928,0.0,73.57,24.94,1.22
20140929,0.0,75.72,25.09,1.36
20140930,0.0,75.17,25.2,1.21
20141001,0.0,72.35,25.48,1.1
20141002,0.0,71.2,25.87,1.45
20141003,0.04,67.72,25.78,1.81
20141004,0.41,67.58,25.69,1.77
20141005,0.0,62.75,25.57,1.63
20141006,0.0,60.2,25.18,1.72
20141007,0.27,60.48,25.35,1.54
20141008,0.12,65.85,25.81,1.09
20141009,0.0,68.69,25.95,1.24
20141010,0.32,58.78,25.85,0.94
20141011,0.0,51.37,25.83,1.09
20141012,0.0,49.87,24.78,1.26
20141013,0.0,61.16,23.22,2.41
20141014,0.0,70.83,25.01,1.15
20141015,0.2,66.61,24.66,1.14
20141016,0.0,67.77,24.25,1.08
20141017,0.0,61.48,24.53,0.87
20141018,0.07,55.07,25.03,0.82
20141019,0.11,58.09,25.06,0.71
20141020,0.2,55.09,24.66,1.0
20141021,0.0,44.98,25.01,1.17
20141022,0.0,41.19,25.63,0.72
20141023,0.0,45.57,25.1,1.16
20141024,0.0,43.41,26.3,0.9
20141025,0.0,46.86,25.62,0.92
20141026,0.0,54.75,24.09,1.26
20141027,0.0,50.75,23.09,1.28
20141028,0.0,48.19,24.06,1.24
20141029,0.0,51.89,24.02,1.29
20141030,0.0,55.24,24.64,1.18
20141031,0.0,60.54,23.66,1.01
20141101,0.0,57.76,23.34,1.22
20141102,0.0,53.19,24.11,0.94
20141103,0.0,53.46,24.46,1.23
20141104,0.0,51.6,23.62,1.66
20141105,0.0,47.72,23.18,1.86
20141106,0.0,42.53,23.67,1.33
20141107,0.0,41.31,23.69,0.96
20141108,0.0,39.93,24.36,0.71
20141109,0.0,41.03,23.68,1.15
20141110,0.0,41.44,23.06,0.85
20141111,0.0,46.33,21.95,1.48
20141112,0.0,52.42,21.41,1.7
20141113,0.14,58.36,23.1,1.58
20141114,0.17,65.79,23.96,0.97
20141115,0.02,62.14,23.2,1.0
20141116,0.0,65.74,22.87,0.91
20141117,0.0,53.59,22.27,1.07
20141118,0.0,41.45,20.82,1.19
20141119,0.0,36.65,20.91,1.05
20141120,0.0,37.61,21.49,1.38
20141121,0.0,36.37,22.42,1.11
20141122,0.0,33.57,21.94,0.96
20141123,0.0,37.01,21.78,0.9
20141124,0.0,41.68,20.67,1.36
20141125,0.0,40.47,20.82,1.19
20141126,0.0,33.62,21.49,1.38
20141127,0.0,29.37,21.87,1.28
20141128,0.0,33.89,21.67,1.59
20141129,0.0,37.03,22.19,1.19
20141130,0.0,39.3,22.19,1.17
20141201,0.0,35.95,21.52,1.22
20141202,0.0,34.34,20.45,1.11
20141203,0.0,31.75,20.43,1.27
20141204,0.0,31.47,20.48,1.1
20141205,0.0,32.01,19.96,1.16
20141206,0.0,32.14,19.17,1.17
20141207,0.0,26.15,19.69,0.98
20141208,0.0,25.81,20.13,0.94
20141209,0.0,31.87,19.18,1.35
20141210,0.0,33.67,17.75,1.79
20141211,0.0,35.61,18.03,2.49
20141212,5.02,61.82,19.57,2.34
20141213,1.73,64.13,18.82,2.46
20141214,0.04,55.12,14.65,1.89
20141215,0.0,49.05,13.32,1.57
20141216,0.0,45.87,12.88,1.86
20141217,0.0,42.5,13.13,1.44
20141218,0.0,40.25,13.29,1.58
20141219,0.0,38.91,13.89,1.49
20141220,0.0,35.66,14.28,1.17
20141221,0.0,31.53,14.02,1.22
20141222,0.0,35.72,15.2,1.84
20141223,0.0,34.04,15.75,1.22
20141224,0.0,42.3,14.11,1.58
20141225,0.0,40.72,13.84,1.6
20141226,0.0,32.0,13.35,2.07
20141227,0.0,29.99,13.12,1.21
20141228,0.0,32.84,12.18,1.83
20141229,0.0,34.08,11.91,1.9
20141230,0.0,37.26,12.25,2.05
20141231,0.06,53.9,13.46,2.47
20150101,7.35,83.97,13.82,3.8
20150102,0.74,84.62,13.52,2.34
20150103,0.45,69.62,15.24,1.17
20150104,0.02,63.25,14.44,1.46
20150105,0.0,40.63,15.46,1.09
20150106,0.0,37.91,15.59,1.92
20150107,0.0,39.81,15.65,1.71
20150108,0.0,38.62,14.81,1.21
20150109,0.0,36.4,14.7,1.33
20150110,0.0,32.58,16.63,1.45
20150111,0.0,32.4,17.1,1.18
20150112,0.0,37.97,16.75,1.19
20150113,0.0,36.39,16.49,1.74
20150114,0.0,42.32,16.58,2.26
20150115,0.0,44.09,12.96,1.75
20150116,0.0,38.87,12.89,1.58
20150117,0.0,35.86,12.21,1.56
20150118,0.0,33.32,13.18,1.37
20150119,0.0,35.02,14.09,1.8
20150120,0.0,41.47,15.48,2.52
20150121,3.07,57.35,17.38,2.01
20150122,5.87,74.5,16.74,1.25
20150123,0.31,68.34,15.84,1.08
20150124,0.01,67.79,14.79,1.49
20150125,4.13,76.91,14.1,2.11
20150126,0.42,72.34,14.62,1.18
20150127,0.02,67.15,13.99,1.66
20150128,0.0,54.7,12.74,1.82
20150129,0.0,42.53,12.8,1.64
20150130,0.0,37.5,12.8,1.58
20150131,0.0,30.42,16.26,0.98
20150201,0.0,37.36,16.76,2.25
20150202,0.0,39.38,18.31,2.02
20150203,0.0,41.78,18.28,2.03
20150204,0.0,44.64,15.64,1.91
20150205,0.0,38.32,16.42,1.31
20150206,0.01,43.31,18.66,1.77
20150207,0.15,36.82,19.13,1.92
20150208,1.8,46.18,18.95,2.0
20150209,0.13,59.94,17.89,2.48
20150210,0.0,45.22,17.69,1.85
20150211,0.15,44.32,18.33,1.36
20150212,0.0,35.38,17.8,1.7
20150213,0.0,26.11,19.99,1.24
20150214,0.0,28.13,21.44,2.3
20150215,0.0,28.86,21.68,1.7
20150216,0.0,29.59,22.38,2.68
20150217,0.0,28.16,22.7,1.94
20150218,0.0,28.88,22.48,1.2
20150219,0.0,28.51,23.49,2.01
20150220,0.0,28.17,23.93,1.32
20150221,0.0,26.88,23.31,1.34
20150222,0.0,24.99,24.23,1.46
20150223,0.0,22.75,25.55,0.67
20150224,0.0,27.48,24.78,1.95
20150225,0.0,30.67,23.83,3.42
20150226,0.0,14.36,19.57,2.41
20150227,0.0,16.2,19.28,0.99
20150228,0.04,25.87,19.87,2.82
20150301,15.57,59.09,19.76,4.44
20150302,2.65,62.16,18.8,3.04
20150303,0.0,47.59,17.86,1.51
20150304,0.0,39.99,18.89,1.2
20150305,0.0,40.74,20.17,1.61
20150306,0.0,40.56,21.55,1.21
20150307,0.0,42.8,22.38,1.79
20150308,0.0,40.83,22.37,2.26
20150309,0.0,23.16,17.73,3.1
20150310,0.0,31.93,17.78,2.06
20150311,0.29,34.99,22.95,2.05
20150312,0.76,50.71,24.47,2.92
20150313,15.17,53.0,23.5,3.19
20150314,28.07,71.85,20.97,2.34
20150315,14.32,71.41,21.01,2.9
20150316,0.0,47.5,20.4,1.07
20150317,0.0,53.3,19.7,1.56
20150318,0.0,45.22,19.55,2.12
20150319,0.0,39.98,21.45,1.5
20150320,0.0,39.11,23.5,1.38
20150321,0.0,39.07,25.38,1.45
20150322,0.0,41.12,26.49,1.39
20150323,0.0,40.85,26.41,1.58
20150324,0.0,37.08,27.85,1.39
20150325,0.0,37.65,27.73,2.15
20150326,0.0,40.38,27.66,2.05
20150327,0.0,41.58,27.61,1.67
20150328,0.02,38.74,29.09,1.52
20150329,0.06,40.28,27.66,2.47
20150330,0.1,32.09,26.99,2.62
20150331,0.0,31.9,25.58,1.68
20150401,0.0,30.63,27.39,2.04
20150402,0.0,32.39,28.35,3.54
20150403,0.04,35.4,28.15,4.26
20150404,0.5,44.67,25.55,3.54
20150405,0.0,51.06,25.59,1.35
20150406,2.19,45.35,26.88,1.59
20150407,4.42,47.42,26.17,2.09
20150408,0.37,43.96,26.67,2.06
20150409,0.05,37.54,27.1,1.47
20150410,0.0,32.27,28.79,1.35
20150411,1.09,35.03,28.9,2.1
20150412,3.97,49.98,25.41,2.2
20150413,1.34,56.49,23.97,2.17
20150414,1.66,57.24,24.0,2.15
20150415,0.07,48.03,26.19,1.91
20150416,0.0,42.07,27.92,2.48
20150417,0.0,33.19,30.34,2.45
20150418,0.0,25.53,32.48,3.3
20150419,0.0,23.2,33.09,2.45
20150420,0.0,19.78,32.86,3.8
20150421,0.0,19.98,32.28,2.92
20150422,0.0,17.35,31.21,3.12
20150423,0.0,16.1,31.02,2.32
20150424,0.0,16.1,31.96,2.5
20150425,0.0,15.73,32.55,1.11
20150426,0.0,18.48,32.85,2.83
20150427,0.0,18.79,33.88,2.43
20150428,0.0,17.64,34.0,3.52
20150429,0.0,17.14,33.2,2.11
20150430,0.0,16.4,33.47,3.55
20150501,0.0,14.55,32.6,2.87
20150502,0.0,14.65,32.18,1.99
20150503,0.0,14.38,32.82,1.15
20150504,0.0,15.06,33.21,2.04
20150505,0.0,14.31,34.31,1.04
20150506,0.0,13.03,34.4,1.92
20150507,0.0,14.14,35.06,3.76
20150508,0.0,19.59,34.92,3.98
20150509,0.0,19.93,34.93,3.79
20150510,0.02,20.31,34.27,3.2
20150511,0.03,23.46,34.64,3.27
20150512,0.18,26.92,35.04,2.58
20150513,0.06,25.27,34.41,2.96
20150514,0.1,24.47,33.67,1.87
20150515,0.07,20.72,34.84,2.16
20150516,0.0,19.0,35.62,3.2
20150517,0.0,16.69,35.59,2.96
20150518,0.0,14.86,36.47,4.03
20150519,0.0,22.37,37.16,4.11
20150520,0.01,23.18,36.51,3.31
20150521,0.0,24.1,36.46,3.17
20150522,0.0,20.84,36.48,4.91
20150523,0.0,21.63,36.0,5.01
20150524,0.0,30.13,35.46,6.33
20150525,0.0,29.46,35.92,5.66
20150526,0.0,29.65,35.71,5.31
20150527,0.0,26.06,36.24,3.83
20150528,0.01,24.47,36.24,3.85
20150529,0.09,23.08,36.37,3.76
20150530,0.0,21.62,36.46,3.76
20150531,0.0,19.06,36.76,3.12
20150601,0.01,19.58,36.56,3.16
20150602,2.61,32.35,34.58,3.37
20150603,6.74,45.42,31.56,3.15
20150604,0.01,39.93,31.57,2.13
20150605,0.0,30.76,32.92,2.25
20150606,0.0,25.21,34.17,3.35
20150607,0.0,23.62,35.84,2.25
20150608,0.0,26.7,36.04,3.6
20150609,0.01,34.95,34.45,4.94
20150610,1.79,41.69,33.61,4.01
20150611,3.0,47.16,32.9,3.06
20150612,10.37,56.18,31.7,3.17
20150613,3.04,53.82,31.91,3.85
20150614,2.76,55.44,31.62,3.41
20150615,8.72,56.79,31.41,3.33
20150616,2.73,56.04,31.53,2.89
20150617,1.34,50.77,32.47,2.58
20150618,0.96,48.61,33.02,3.07
20150619,0.86,51.34,32.5,3.71
20150620,0.56,52.48,32.37,1.94
20150621,2.23,48.58,33.65,2.55
20150622,3.91,65.41,29.81,2.67
20150623,1.59,64.8,30.04,3.33
20150624,4.0,69.87,28.81,3.8
20150625,10.54,62.4,29.81,5.55
20150626,11.84,61.8,29.92,4.38
20150627,0.0,56.66,30.88,4.89
20150628,1.19,56.09,30.99,4.1
20150629,8.36,57.69,31.23,3.3
20150630,1.06,58.4,30.65,3.86
20150701,0.03,57.62,30.47,5.12
20150702,0.23,56.6,30.24,4.85
20150703,0.02,53.88,31.06,4.77
20150704,0.0,51.37,31.39,6.11
20150705,0.0,53.07,31.67,6.53
20150706,0.0,54.86,31.2,6.37
20150707,0.0,55.91,30.8,5.14
20150708,8.75,58.63,30.84,4.25
20150709,14.95,65.56,29.73,4.36
20150710,15.71,64.1,29.71,3.54
20150711,8.43,64.24,29.82,3.49
20150712,5.45,65.21,29.38,4.49
20150713,2.69,65.63,29.66,3.54
20150714,0.88,58.13,31.12,3.39
20150715,0.08,55.01,31.19,4.84
20150716,0.02,57.62,30.51,4.54
20150717,8.64,65.85,29.25,3.53
20150718,18.4,70.96,28.87,2.16
20150719,10.96,75.49,28.09,2.74
20150720,17.94,81.92,26.9,2.42
20150721,39.03,78.33,28.25,1.86
20150722,10.6,80.18,28.05,1.37
20150723,21.38,80.91,28.23,1.29
20150724,10.13,83.49,27.23,2.34
20150725,38.73,88.97,26.7,2.33
20150726,52.53,90.72,25.87,4.52
20150727,11.44,84.91,26.02,6.8
20150728,25.07,86.45,24.64,7.22
20150729,5.47,87.95,25.66,6.49
20150730,1.7,81.91,26.35,5.44
20150731,0.2,81.68,26.27,4.99
20150801,0.71,82.74,26.17,4.28
20150802,1.51,81.04,26.52,3.58
20150803,3.2,80.37,26.51,2.61
20150804,12.2,81.96,26.8,3.04
20150805,3.78,83.06,26.7,3.01
20150806,1.11,81.04,27.19,3.16
20150807,0.34,86.98,25.78,2.51
20150808,0.67,84.13,26.79,1.96
20150809,51.59,83.28,27.27,1.78
20150810,18.28,85.0,26.51,1.79
20150811,22.12,83.55,26.97,1.45
20150812,19.56,84.23,27.29,1.7
20150813,5.03,83.11,27.14,1.0
20150814,5.75,84.1,27.5,1.63
20150815,37.56,90.24,26.58,2.45
20150816,30.77,89.53,26.13,2.57
20150817,27.97,86.25,26.51,2.58
20150818,3.83,88.41,26.68,3.33
20150819,0.03,85.88,26.67,3.52
20150820,0.0,84.63,26.05,3.8
20150821,0.0,83.56,25.63,3.71
20150822,0.0,83.72,25.76,3.33
20150823,0.0,83.56,25.85,3.05
20150824,0.0,83.71,25.91,2.88
20150825,0.0,82.6,25.86,2.48
20150826,0.0,82.06,26.11,2.18
20150827,0.01,81.44,26.29,1.89
20150828,0.42,80.11,26.99,1.68
20150829,3.12,81.16,27.12,2.37
20150830,2.39,82.83,26.79,2.46
20150831,2.04,83.71,26.55,2.75
20150901,11.43,84.19,25.72,2.81
20150902,9.89,83.3,25.05,2.72
20150903,0.71,80.5,24.82,1.97
20150904,0.0,74.62,25.13,1.69
20150905,0.0,73.87,25.85,1.51
20150906,0.0,76.65,25.57,2.06
20150907,0.0,76.42,24.8,1.84
20150908,0.0,74.7,24.6,1.75
20150909,0.0,70.88,25.79,1.46
20150910,0.0,75.24,25.33,1.66
20150911,0.0,68.99,27.09,1.36
20150912,0.0,66.96,26.85,1.91
20150913,0.22,65.2,27.25,1.5
20150914,0.06,63.15,27.79,1.77
20150915,0.0,67.62,27.89,1.9
20150916,0.0,64.09,27.9,1.93
20150917,0.96,72.48,27.22,2.29
20150918,10.83,84.11,26.77,3.6
20150919,0.99,83.12,26.77,3.7
20150920,0.52,81.28,25.98,2.6
20150921,1.44,81.56,25.51,2.74
20150922,2.28,79.88,25.85,3.88
20150923,0.02,78.99,25.3,2.68
20150924,0.0,72.69,24.0,2.97
20150925,0.0,66.75,23.84,2.78
20150926,0.0,67.62,24.25,2.41
20150927,0.0,65.09,24.94,1.63
20150928,0.0,55.01,25.95,1.33
20150929,0.01,56.13,26.34,1.25
20150930,0.0,54.24,26.05,1.5
20151001,0.0,50.72,25.43,1.55
20151002,0.0,52.91,27.15,0.99
20151003,0.0,47.32,27.08,1.83
20151004,0.0,46.61,26.26,1.52
20151005,0.0,45.81,27.15,1.4
20151006,0.0,42.4,27.42,1.23
20151007,0.0,42.64,27.64,1.5
20151008,0.0,40.24,27.51,1.5
20151009,0.0,41.52,26.63,1.85
20151010,0.0,42.61,26.44,2.46
20151011,0.0,46.34,26.3,1.91
20151012,0.0,42.45,26.64,1.19
20151013,0.0,39.0,26.77,1.58
20151014,0.0,35.61,26.75,1.47
20151015,0.02,41.53,26.55,1.36
20151016,0.17,53.08,26.67,1.45
20151017,0.0,44.02,27.71,0.88
20151018,0.0,38.92,28.08,0.94
20151019,0.0,39.68,28.69,1.31
20151020,0.0,39.05,28.6,1.44
20151021,0.17,39.23,28.3,0.88
20151022,0.04,38.57,27.29,1.05
20151023,0.0,33.79,27.3,0.82
20151024,0.0,33.45,26.24,0.95
20151025,0.06,38.89,25.98,1.87
20151026,0.16,43.31,25.1,0.99
20151027,0.01,41.73,25.31,0.82
20151028,1.31,41.67,23.6,2.13
20151029,0.31,59.09,20.66,2.57
20151030,0.0,55.05,20.29,2.51
20151031,0.0,55.94,20.58,2.27
20151101,0.0,59.24,22.12,2.2
20151102,0.0,55.99,23.36,1.52
20151103,0.0,49.39,24.56,1.15
20151104,0.0,46.17,25.6,1.37
20151105,0.0,37.66,26.15,1.41
20151106,0.0,38.4,24.52,1.25
20151107,0.0,37.24,24.06,0.98
20151108,0.0,36.08,24.74,0.85
20151109,0.02,35.92,25.65,1.19
20151110,0.02,36.49,25.33,1.01
20151111,0.0,41.78,24.57,1.06
20151112,0.0,41.72,24.74,0.99
20151113,0.0,38.6,24.98,1.08
20151114,0.0,33.47,24.13,1.39
20151115,0.0,32.44,23.78,1.63
20151116,0.0,35.53,22.4,1.77
20151117,0.0,35.47,21.01,1.93
20151118,0.0,25.83,19.79,1.73
20151119,0.0,26.82,20.04,1.67
20151120,0.0,27.78,19.77,1.7
20151121,0.0,30.16,20.04,1.65
20151122,0.0,32.68,21.05,1.42
20151123,0.0,36.96,21.87,1.5
20151124,0.0,43.43,22.43,1.48
20151125,0.0,38.84,22.85,1.34
20151126,0.0,36.81,22.64,1.86
20151127,0.0,20.82,18.78,2.35
20151128,0.0,29.1,18.38,1.33
20151129,0.0,34.77,20.93,1.24
20151130,0.0,44.69,24.0,1.08
20151201,0.86,46.03,24.72,1.45
20151202,0.08,38.88,20.63,2.41
20151203,0.0,31.8,18.0,1.74
20151204,0.0,27.55,19.43,1.13
20151205,0.0,25.32,20.43,1.08
20151206,0.0,24.48,20.22,1.1
20151207,0.0,24.46,19.85,1.31
20151208,0.0,21.89,20.23,1.45
20151209,0.0,25.05,20.51,1.78
20151210,0.0,30.09,21.77,1.8
20151211,0.0,35.35,17.88,1.99
20151212,0.0,20.32,14.84,1.77
20151213,0.0,23.88,14.05,1.69
20151214,0.0,26.7,13.67,1.76
20151215,0.0,19.07,14.37,1.47
20151216,0.0,17.96,15.64,1.24
20151217,0.0,19.54,15.84,1.48
20151218,0.0,21.02,14.31,1.54
20151219,0.0,21.04,15.0,1.48
20151220,0.0,23.96,15.05,1.57
20151221,0.0,27.95,13.38,1.87
20151222,0.0,26.76,12.76,1.44
20151223,0.0,26.55,12.95,1.29
20151224,0.0,27.57,12.39,1.95
20151225,0.0,25.43,13.03,1.38
20151226,0.0,17.66,15.62,1.11
20151227,0.0,15.35,19.32,0.78
20151228,0.0,17.73,20.72,1.04
20151229,0.0,21.7,21.84,1.16
20151230,0.0,24.43,22.18,0.91
20151231,0.0,29.57,20.52,1.37
20160101,0.0,33.79,18.85,1.34
20160102,0.0,30.6,18.11,1.2
20160103,0.0,28.98,18.35,1.16
20160104,0.0,24.81,19.82,1.16
20160105,0.0,25.07,20.72,1.22
20160106,0.0,34.95,19.72,1.69
20160107,0.0,34.03,20.71,1.11
20160108,0.01,37.59,19.56,1.58
20160109,0.0,28.97,17.64,1.45
20160110,0.0,20.76,19.16,0.99
20160111,0.0,22.72,18.86,1.47
20160112,0.0,30.1,18.63,1.7
20160113,0.0,36.49,18.01,1.67
20160114,0.0,33.46,17.2,1.31
20160115,0.0,38.64,16.51,1.6
20160116,0.0,34.89,15.95,1.45
20160117,0.0,33.07,16.77,1.96
20160118,0.93,47.19,17.67,1.7
20160119,1.64,69.22,15.57,2.05
20160120,0.0,42.6,14.89,1.27
20160121,0.0,22.76,14.79,0.81
20160122,0.0,22.07,14.4,1.56
20160123,0.0,21.28,15.63,1.46
20160124,0.0,18.75,17.28,1.1
20160125,0.0,17.04,17.21,1.03
20160126,0.0,20.2,18.12,1.36
20160127,0.0,22.88,18.77,1.62
20160128,0.0,31.38,20.03,1.25
20160129,0.0,33.15,21.61,1.95
20160130,0.0,35.05,21.49,2.06
20160131,0.0,39.94,21.51,1.37
20160201,0.0,40.62,20.32,1.27
20160202,0.0,39.81,18.78,1.27
20160203,0.0,24.51,17.19,1.85
20160204,0.0,16.21,16.85,1.43
20160205,0.0,17.11,17.69,1.33
20160206,0.0,22.12,19.12,2.67
20160207,0.0,17.9,17.83,2.43
20160208,0.0,23.13,17.14,1.62
20160209,0.0,22.68,18.27,1.22
20160210,0.0,20.46,18.39,1.98
20160211,0.0,25.74,19.15,2.43
20160212,0.0,21.36,18.75,2.1
20160213,0.0,21.8,18.17,2.27
20160214,0.0,24.29,17.05,1.65
20160215,0.0,28.78,18.49,2.35
20160216,0.0,32.13,20.27,3.16
20160217,0.23,38.63,22.93,2.59
20160218,0.0,29.94,25.45,2.29
20160219,0.0,29.65,25.5,2.41
20160220,0.0,48.45,23.98,1.77
20160221,0.0,29.17,21.89,2.1
20160222,0.0,14.53,21.51,1.47
20160223,0.0,11.33,22.75,1.3
20160224,0.0,11.64,22.98,1.47
20160225,0.0,12.97,22.18,1.93
20160226,0.0,13.33,22.86,2.4
20160227,0.0,15.01,22.1,1.9
20160228,0.0,13.57,23.11,1.71
20160229,0.0,15.81,23.43,1.88
20160301,0.0,16.55,24.96,1.86
20160302,0.01,24.84,26.7,2.0
20160303,0.01,27.22,27.64,2.19
20160304,0.0,24.2,27.18,1.82
20160305,0.04,27.59,26.26,2.27
20160306,0.2,30.61,24.81,1.59
20160307,0.0,33.68,23.71,2.37
20160308,0.0,29.34,24.28,1.61
20160309,0.0,26.15,25.12,1.09
20160310,0.0,25.9,26.72,1.74
20160311,0.0,29.21,27.57,2.18
20160312,0.07,30.3,26.29,3.02
20160313,0.14,31.13,24.32,2.48
20160314,0.0,27.24,24.39,1.67
20160315,0.0,31.0,24.48,2.03
20160316,0.0,27.19,24.93,1.7
20160317,0.0,24.48,26.86,2.96
20160318,0.0,34.19,27.94,3.31
20160319,0.0,25.86,27.56,2.86
20160320,0.0,20.33,27.23,2.56
20160321,0.0,18.91,27.11,2.19
20160322,0.0,15.64,25.86,2.83
20160323,0.0,9.28,28.09,1.33
20160324,0.0,8.73,29.31,1.53
20160325,0.0,12.37,30.02,2.34
20160326,0.0,22.49,29.59,2.41
20160327,0.0,25.7,28.12,2.07
20160328,0.0,14.27,27.2,1.75
20160329,0.0,12.37,28.73,1.23
20160330,0.0,13.1,29.67,1.12
20160331,0.0,13.64,30.18,2.23
20160401,0.0,19.13,31.41,2.08
20160402,0.0,23.01,33.29,2.04
20160403,0.0,22.53,32.87,3.05
20160404,0.0,22.03,30.07,2.56
20160405,0.0,22.19,30.77,3.08
20160406,0.0,22.32,30.41,3.57
20160407,0.0,24.55,29.55,2.88
20160408,0.0,18.57,29.37,2.56
20160409,0.0,19.67,29.36,2.31
20160410,0.0,21.38,29.99,3.16
20160411,0.0,25.23,30.12,3.69
20160412,0.0,20.92,29.61,3.1
20160413,0.0,16.6,30.5,3.14
20160414,0.0,17.04,32.09,2.8
20160415,0.0,15.16,32.86,2.74
20160416,0.0,17.67,33.63,3.62
20160417,0.0,30.39,30.84,4.16
20160418,0.0,22.99,29.76,2.87
20160419,0.0,21.95,31.9,2.61
20160420,0.0,20.98,31.42,2.77
20160421,0.0,16.47,32.16,3.23
20160422,0.0,17.84,31.67,4.58
20160423,0.0,15.57,30.98,3.87
20160424,0.0,23.35,30.84,3.26
20160425,0.0,19.07,31.93,3.18
20160426,0.0,19.16,31.62,1.83
20160427,0.0,15.75,32.66,2.66
20160428,0.0,12.67,33.49,1.82
20160429,0.0,10.83,34.15,1.69
20160430,0.0,12.42,34.31,2.68
20160501,0.0,15.14,34.89,3.04
20160502,0.0,19.96,34.52,4.14
20160503,0.04,20.24,34.35,4.59
20160504,0.0,19.95,33.86,4.12
20160505,0.38,22.86,32.97,2.57
20160506,0.62,24.57,32.66,2.76
20160507,0.0,24.77,33.55,1.88
20160508,2.24,21.63,35.56,2.69
20160509,1.87,23.49,35.83,3.22
20160510,1.48,27.36,34.67,3.53
20160511,0.09,25.25,35.13,2.95
20160512,0.85,21.95,35.31,4.35
20160513,0.0,19.67,35.39,3.58
20160514,0.0,19.44,35.76,3.18
20160515,0.0,20.5,36.73,3.35
20160516,0.18,19.62,37.03,2.86
20160517,0.2,18.08,37.93,2.74
20160518,0.0,15.26,38.03,3.92
20160519,0.0,13.89,38.65,2.03
20160520,0.0,14.66,38.94,4.6
20160521,0.0,21.37,37.49,5.7
20160522,0.0,31.91,35.89,6.23
20160523,0.0,34.78,34.8,5.57
20160524,0.0,33.24,34.68,5.56
20160525,0.0,31.92,34.81,6.45
20160526,0.0,35.61,34.75,5.92
20160527,0.27,35.5,35.09,5.39
20160528,0.78,36.41,34.6,5.25
20160529,0.27,35.6,34.72,4.77
20160530,0.57,34.76,34.47,4.24
20160531,0.0,31.24,34.82,4.08
20160601,0.0,27.55,35.24,2.62
20160602,0.0,26.5,35.97,3.23
20160603,0.0,24.34,36.52,2.95
20160604,0.0,17.75,37.84,4.04
20160605,0.0,12.55,37.62,4.01
20160606,0.0,13.29,37.38,2.84
20160607,0.0,15.65,37.35,2.87
20160608,0.0,17.75,38.33,3.45
20160609,0.0,25.99,36.96,5.13
20160610,0.06,32.4,35.84,5.28
20160611,0.14,34.48,35.6,4.94
20160612,1.33,36.38,35.56,4.03
20160613,0.09,35.92,35.31,5.14
20160614,0.0,40.56,34.13,5.63
20160615,0.0,38.73,34.41,5.77
20160616,0.0,37.35,34.28,4.63
20160617,1.43,32.26,35.66,3.29
20160618,5.58,35.36,34.89,3.38
20160619,3.67,40.06,34.53,2.66
20160620,26.78,57.85,32.62,1.9
20160621,4.87,68.07,29.9,2.35
20160622,1.56,62.82,30.51,1.55
20160623,1.13,61.07,30.73,2.56
20160624,4.77,71.35,28.16,3.54
20160625,1.8,67.16,29.66,2.87
20160626,4.78,60.76,30.92,1.74
20160627,12.31,65.8,30.45,2.41
20160628,5.47,66.8,30.1,1.76
20160629,4.71,62.61,31.76,3.04
20160630,0.86,59.78,31.94,2.68
20160701,5.42,60.27,31.52,4.08
20160702,1.29,66.89,29.81,3.08
20160703,34.22,74.35,29.43,2.98
20160704,13.02,79.7,28.13,4.28
20160705,2.39,67.12,30.07,4.75
20160706,0.64,63.6,30.98,4.23
20160707,0.79,62.79,29.85,4.14
20160708,21.24,71.59,28.87,3.65
20160709,17.58,77.11,28.37,2.51
20160710,24.2,77.87,28.41,3.54
20160711,3.46,75.67,28.15,2.65
20160712,18.45,83.48,27.15,2.96
20160713,17.25,84.23,27.56,2.69
20160714,4.35,85.91,26.59,3.53
20160715,16.78,84.13,26.83,3.72
20160716,11.77,86.68,26.19,3.35
20160717,2.98,81.72,26.64,4.38
20160718,0.53,79.44,26.83,4.31
20160719,0.2,78.56,27.18,3.78
20160720,0.02,76.29,27.82,3.06
20160721,0.0,74.17,28.06,2.93
20160722,0.11,73.83,28.17,2.94
20160723,4.51,74.87,27.96,1.99
20160724,26.67,81.49,27.07,1.68
20160725,4.38,81.45,27.52,1.13
20160726,8.55,85.17,27.13,1.41
20160727,18.33,87.81,26.36,1.94
20160728,7.81,84.24,26.71,2.68
20160729,6.1,83.11,26.85,2.36
20160730,4.55,84.74,26.63,1.82
20160731,13.62,84.32,26.89,2.22
20160801,39.48,89.97,26.2,2.86
20160802,37.54,91.53,25.64,3.06
20160803,24.74,88.23,25.64,1.91
20160804,19.09,87.22,26.64,1.67
20160805,7.82,88.95,26.32,2.55
20160806,36.42,86.99,26.98,1.28
20160807,68.78,91.38,25.71,2.08
20160808,114.73,93.17,25.69,2.68
20160809,33.18,91.03,26.42,3.31
20160810,15.55,90.68,26.09,3.6
20160811,31.27,91.77,25.4,3.67
20160812,9.7,89.92,25.68,3.26
20160813,5.35,89.77,25.88,2.95
20160814,2.59,88.43,25.89,3.12
20160815,0.05,87.39,25.61,3.35
20160816,0.0,86.95,25.43,3.57
20160817,0.01,85.51,25.59,2.81
20160818,7.01,85.46,25.3,2.31
20160819,34.02,91.43,24.4,3.46
20160820,50.02,93.04,24.66,5.04
20160821,20.0,93.89,24.88,4.8
20160822,7.54,90.59,25.9,3.69
20160823,13.71,91.0,25.61,2.49
20160824,3.32,89.53,25.91,1.24
20160825,0.7,88.0,26.0,2.38
20160826,0.98,86.43,26.25,1.82
20160827,25.77,88.01,26.05,1.01
20160828,13.83,87.06,26.64,0.77
20160829,2.76,87.85,26.88,2.4
20160830,9.04,89.61,26.57,2.39
20160831,42.42,89.2,26.38,1.71
20160901,21.95,88.5,26.06,2.2
20160902,20.04,88.33,25.88,2.66
20160903,1.79,88.45,24.79,3.02
20160904,0.0,88.0,24.34,2.59
20160905,0.0,87.61,24.29,3.06
20160906,0.0,86.59,24.07,3.03
20160907,0.04,86.58,24.15,2.59
20160908,0.38,85.83,24.43,1.78
20160909,0.02,84.58,24.82,2.11
20160910,0.0,85.3,24.43,2.38
20160911,0.0,84.4,24.57,2.01
20160912,0.0,81.04,25.23,1.46
20160913,0.04,81.05,25.92,1.5
20160914,0.19,80.58,26.2,1.8
20160915,0.02,82.06,26.23,1.76
20160916,0.16,81.8,26.67,1.32
20160917,0.35,76.18,27.16,1.23
20160918,1.34,73.38,27.78,1.05
20160919,3.3,80.28,27.08,1.52
20160920,0.33,82.45,26.76,2.27
20160921,2.18,78.21,27.04,1.7
20160922,0.31,80.49,26.5,1.43
20160923,0.03,77.65,26.66,1.04
20160924,0.07,77.43,26.39,1.28
20160925,0.27,80.21,25.92,1.58
20160926,0.0,77.2,25.72,1.59
20160927,0.01,77.72,25.96,1.84
20160928,0.03,77.04,26.13,2.07
20160929,0.0,74.26,25.53,1.77
20160930,0.02,76.66,25.27,1.85
20161001,10.07,85.25,25.56,1.78
20161002,3.88,85.64,26.43,1.45
20161003,3.42,82.97,26.83,1.41
20161004,1.17,80.77,27.05,0.55
20161005,11.91,92.23,24.99,0.55
20161006,18.81,91.08,24.92,1.39
20161007,3.18,82.64,25.46,1.46
20161008,0.2,77.14,25.69,1.63
20161009,0.05,77.81,25.52,2.14
20161010,0.01,79.66,24.59,2.07
20161011,0.0,74.73,23.86,1.84
20161012,0.0,72.38,22.55,2.15
20161013,0.0,61.47,24.08,1.17
20161014,0.0,62.59,24.18,1.16
20161015,0.0,60.48,24.49,1.05
20161016,0.0,56.79,24.91,1.09
20161017,0.0,56.16,24.37,1.16
20161018,0.0,60.3,23.44,1.4
20161019,0.0,60.25,23.11,1.47
20161020,0.0,64.08,22.47,1.74
20161021,0.0,61.77,22.36,1.44
20161022,0.0,61.29,22.14,1.32
20161023,0.0,65.54,22.13,1.4
20161024,0.0,69.4,21.78,2.21
20161025,0.0,65.89,22.13,1.22
20161026,0.0,57.22,23.3,1.21
20161027,0.0,52.61,22.55,1.67
20161028,0.0,43.2,22.6,0.84
20161029,0.0,53.78,21.59,1.3
20161030,0.0,49.05,21.93,1.12
20161031,0.0,46.84,22.26,0.84
20161101,0.0,51.3,21.1,1.37
20161102,0.0,53.54,20.01,1.26
20161103,0.0,55.23,20.05,1.22
20161104,0.0,49.56,20.57,0.85
20161105,0.0,47.67,21.18,1.11
20161106,0.0,50.25,21.07,1.51
20161107,0.0,52.38,19.93,2.04
20161108,0.0,40.95,20.21,0.93
20161109,0.0,40.38,20.88,1.05
20161110,0.0,42.4,20.45,1.1
20161111,0.0,44.03,20.85,1.04
20161112,0.0,43.8,20.92,0.95
20161113,0.0,47.69,20.14,0.88
20161114,0.0,50.34,18.73,1.24
20161115,0.0,46.3,18.7,0.84
20161116,0.0,44.5,19.97,0.88
20161117,0.0,43.1,19.97,0.74
20161118,0.0,40.73,20.79,0.58
20161119,0.0,39.45,21.15,0.76
20161120,0.0,39.83,21.24,0.88
20161121,0.0,40.54,21.18,0.71
20161122,0.0,40.16,20.92,0.93
20161123,0.0,42.14,20.56,0.85
20161124,0.0,39.17,20.76,1.02
20161125,0.0,36.71,20.98,0.91
20161126,0.0,39.58,19.88,1.41
20161127,0.0,39.72,20.39,1.2
20161128,0.0,35.36,20.55,1.01
20161129,0.0,35.22,21.26,0.72
20161130,0.0,42.47,20.39,1.26
20161201,0.0,45.18,20.47,1.02
20161202,0.0,54.73,18.37,1.65
20161203,0.0,56.26,17.6,1.9
20161204,0.0,50.35,17.3,1.55
20161205,0.0,43.14,17.93,1.03
20161206,0.0,42.09,18.64,1.23
20161207,0.0,40.26,19.12,1.19
20161208,0.0,38.53,19.31,0.79
20161209,0.0,38.44,19.1,1.19
20161210,0.0,41.89,19.33,1.17
20161211,0.0,46.03,19.88,0.92
20161212,0.0,44.49,19.53,1.25
20161213,0.0,42.43,19.31,1.08
20161214,0.0,44.74,18.77,1.03
20161215,0.0,44.48,18.23,1.17
20161216,0.0,45.95,17.44,1.37
20161217,0.0,42.61,18.27,1.0
20161218,0.0,42.78,18.22,0.79
20161219,0.0,44.56,17.61,1.08
20161220,0.0,36.85,18.52,1.02
20161221,0.0,29.75,18.1,0.89
20161222,0.0,27.04,18.62,1.25
20161223,0.0,26.75,19.94,1.05
20161224,0.0,27.44,20.16,0.88
20161225,0.0,29.87,16.61,2.37
20161226,0.0,34.24,14.96,1.57
20161227,0.0,33.56,16.43,1.24
20161228,0.0,27.8,18.05,1.05
20161229,0.0,27.82,19.19,1.14
20161230,0.0,31.46,19.74,1.0
20161231,0.0,35.26,19.08,1.65
20170101,0.0,39.48,17.08,1.86
20170102,0.0,51.35,14.59,1.8
20170103,0.0,50.66,15.27,1.55
20170104,0.0,36.95,17.84,1.13
20170105,0.0,30.83,18.76,0.93
20170106,0.0,44.64,17.39,1.98
20170107,0.0,53.67,17.71,1.62
20170108,0.0,60.8,16.63,1.91
20170109,0.01,64.8,15.07,1.94
20170110,0.0,46.53,13.88,1.55
20170111,0.0,28.58,11.94,1.45
20170112,0.0,24.88,11.0,1.4
20170113,0.0,25.49,10.97,1.73
20170114,0.0,27.3,12.96,2.44
20170115,0.0,34.48,16.11,1.46
20170116,0.0,40.35,16.84,1.58
20170117,0.0,40.34,14.03,1.66
20170118,0.0,38.44,14.63,2.31
20170119,0.0,39.98,14.09,2.48
20170120,0.09,39.89,14.64,2.14
20170121,0.0,42.0,17.31,1.63
20170122,0.0,42.42,18.88,1.19
20170123,0.0,42.2,20.53,1.33
20170124,0.0,44.36,21.17,1.47
20170125,0.31,43.11,22.11,2.57
20170126,3.05,48.64,20.49,2.39
20170127,0.38,55.56,15.48,2.73
20170128,0.0,48.63,14.71,1.7
20170129,0.0,34.6,17.93,0.95
20170130,0.0,29.55,19.48,1.21
20170131,0.0,31.69,18.78,1.63
20170201,0.0,39.66,18.21,1.64
20170202,0.0,40.52,18.67,1.73
20170203,0.0,36.08,19.57,1.49
20170204,0.0,35.89,21.21,2.98
20170205,0.0,46.23,19.48,2.58
20170206,0.0,24.99,15.45,1.96
20170207,0.0,24.75,16.03,1.42
20170208,0.0,23.8,18.58,2.03
20170209,0.0,25.02,16.4,2.68
20170210,0.0,29.24,15.42,2.0
20170211,0.0,31.24,17.5,2.35
20170212,0.1,41.57,18.31,2.1
20170213,0.0,42.52,18.58,2.38
20170214,0.0,34.72,20.14,1.31
20170215,0.0,32.86,21.39,1.17
20170216,0.0,22.89,23.7,0.95
20170217,0.0,25.41,24.64,0.88
20170218,0.0,28.08,23.99,1.16
20170219,0.0,24.54,24.76,1.53
20170220,0.0,29.35,24.33,3.92
20170221,0.0,17.59,21.62,2.43
20170222,0.0,16.75,21.13,1.51
20170223,0.0,15.97,19.48,1.52
20170224,0.0,15.31,20.52,1.36
20170225,0.0,17.85,22.3,1.67
20170226,0.0,22.44,22.3,2.01
20170227,0.0,16.88,23.77,1.39
20170228,0.0,19.99,24.63,1.74
20170301,0.0,25.42,23.94,2.02
20170302,0.0,30.77,23.64,2.19
20170303,0.01,34.7,21.79,1.95
20170304,0.0,28.39,21.12,2.17
20170305,0.0,19.28,21.35,1.83
20170306,0.0,17.86,22.09,1.39
20170307,0.0,18.78,24.03,1.81
20170308,0.0,30.42,24.03,2.86
20170309,0.02,31.87,23.79,2.22
20170310,1.16,40.12,22.73,2.37
20170311,0.0,13.81,19.49,3.25
20170312,0.0,13.45,18.32,1.65
20170313,0.0,13.92,20.28,1.33
20170314,0.0,15.11,20.82,1.59
20170315,0.0,15.74,23.47,1.66
20170316,0.0,16.48,24.66,2.18
20170317,0.0,21.69,24.75,2.21
20170318,4.01,28.54,26.39,1.85
20170319,1.78,45.45,24.17,2.37
20170320,0.0,33.49,25.32,1.11
20170321,0.0,23.92,27.62,0.89
20170322,0.0,21.89,28.65,1.6
20170323,0.0,23.54,28.39,1.96
20170324,0.0,21.75,28.32,1.69
20170325,0.0,20.98,28.91,1.38
20170326,0.0,19.04,29.79,1.48
20170327,0.0,18.56,30.99,1.41
20170328,0.0,16.7,32.04,1.59
20170329,0.0,14.78,31.23,2.78
20170330,0.0,13.57,30.93,2.93
20170331,0.0,15.72,31.18,3.39
20170401,0.0,14.02,30.74,3.09
20170402,0.0,17.34,30.89,2.85
20170403,0.0,19.37,31.43,2.69
20170404,0.0,26.87,31.04,2.9
20170405,0.0,30.02,31.02,4.06
20170406,0.0,29.21,30.1,5.38
20170407,0.0,16.57,27.32,2.84
20170408,0.0,7.99,26.48,1.98
20170409,0.0,9.54,26.57,2.5
20170410,0.0,10.54,27.82,1.83
20170411,0.0,10.8,29.51,2.38
20170412,0.0,9.74,31.03,2.63
20170413,0.0,9.39,32.0,2.62
20170414,0.0,10.71,33.39,2.13
20170415,0.0,12.15,34.02,3.35
20170416,0.0,13.05,33.84,2.32
20170417,0.0,15.04,34.45,2.36
20170418,0.0,13.48,34.23,3.11
20170419,0.0,17.45,33.19,3.69
20170420,0.0,18.8,33.38,3.62
20170421,0.0,18.05,33.05,4.76
20170422,0.0,29.16,31.56,4.48
20170423,0.0,29.35,31.15,4.22
20170424,0.0,28.23,31.01,3.82
20170425,0.0,27.08,31.38,4.11
20170426,0.0,18.1,30.67,2.97
20170427,0.0,14.67,31.31,2.35
20170428,0.0,17.0,31.92,2.49
20170429,1.3,25.73,32.46,3.11
20170430,0.41,25.55,32.17,3.04
20170501,0.0,17.29,32.45,1.92
20170502,0.0,15.88,33.38,1.44
20170503,0.0,16.61,34.5,3.07
20170504,0.0,19.27,34.49,1.4
20170505,0.0,20.91,34.86,1.74
20170506,0.0,19.51,35.52,2.3
20170507,0.0,16.0,36.49,2.92
20170508,0.27,17.91,36.18,2.41
20170509,0.18,16.8,36.29,3.29
20170510,0.0,19.39,35.17,3.62
20170511,0.04,20.95,35.38,2.16
20170512,0.0,19.37,36.13,3.05
20170513,0.0,19.23,36.8,3.06
20170514,0.0,19.81,36.98,4.75
20170515,0.0,20.08,35.89,4.74
20170516,0.0,22.39,35.15,4.29
20170517,0.01,23.98,34.71,3.55
20170518,0.21,22.19,34.69,3.36
20170519,0.18,21.12,35.63,4.18
20170520,0.02,21.76,35.33,4.32
20170521,0.51,28.37,34.26,4.3
20170522,1.3,36.32,32.56,3.03
20170523,0.0,32.84,34.1,2.19
20170524,0.04,29.01,36.04,3.3
20170525,0.74,25.44,36.27,2.77
20170526,0.23,22.86,36.81,3.58
20170527,0.0,22.3,37.5,4.29
20170528,0.0,32.14,35.67,4.6
20170529,1.74,42.19,34.09,3.98
20170530,6.12,46.77,33.44,3.92
20170531,1.31,42.46,34.7,3.7
20170601,0.09,37.07,34.15,2.18
20170602,0.0,29.83,35.71,1.24
20170603,0.04,25.07,37.84,1.66
20170604,1.06,36.49,36.84,5.29
20170605,0.61,39.63,35.36,5.22
20170606,0.0,39.87,34.63,4.89
20170607,3.59,46.22,33.44,2.86
20170608,5.29,51.4,32.7,2.41
20170609,2.23,52.99,31.79,3.15
20170610,0.58,43.38,33.56,2.26
20170611,0.07,36.5,35.19,2.27
20170612,0.2,39.84,34.66,3.44
20170613,1.66,39.98,34.91,4.64
20170614,2.18,39.3,35.02,3.21
20170615,0.0,34.71,35.15,3.67
20170616,0.03,33.01,35.27,4.53
20170617,0.4,36.16,34.64,5.16
20170618,0.01,37.06,35.1,4.48
20170619,0.15,37.57,35.15,5.2
20170620,0.68,42.67,34.02,5.61
20170621,6.08,49.23,32.72,5.0
20170622,27.29,71.29,29.38,3.83
20170623,7.67,64.48,29.83,1.89
20170624,0.63,55.94,31.38,1.96
20170625,4.85,54.44,32.14,1.9
20170626,11.06,57.22,32.18,2.03
20170627,9.47,71.11,29.47,2.55
20170628,6.66,71.42,28.86,2.53
20170629,1.79,70.01,29.31,2.95
20170630,1.83,67.36,29.58,4.52
20170701,0.82,68.08,28.87,4.82
20170702,2.12,75.09,27.85,5.35
20170703,5.66,75.51,27.77,4.89
20170704,0.41,68.91,28.63,4.97
20170705,0.0,62.43,29.02,4.91
20170706,0.01,57.46,30.06,4.39
20170707,0.11,58.45,30.13,3.68
20170708,0.02,54.4,31.05,3.61
20170709,0.01,55.96,30.77,3.56
20170710,0.12,59.26,29.92,4.54
20170711,0.51,59.75,30.02,4.36
20170712,8.47,64.54,29.55,3.31
20170713,47.3,84.97,26.55,3.54
20170714,29.2,79.04,27.72,2.71
20170715,5.53,79.32,27.99,1.79
20170716,2.29,77.73,28.0,2.4
20170717,1.05,78.42,27.93,1.98
20170718,2.46,76.98,28.45,1.68
20170719,1.56,73.46,28.95,1.55
20170720,19.2,77.38,28.29,1.45
20170721,20.12,82.97,27.84,1.48
20170722,24.76,86.84,26.9,2.53
20170723,30.5,90.18,26.5,2.78
20170724,9.22,89.12,25.79,4.23
20170725,9.19,84.89,27.13,3.26
20170726,7.32,85.38,27.08,1.72
20170727,4.72,79.58,28.08,1.58
20170728,46.42,89.51,26.64,3.55
20170729,15.68,85.56,26.02,5.87
20170730,0.44,82.5,26.45,3.88
20170731,0.16,82.81,26.53,3.49
20170801,0.11,82.96,26.8,3.4
20170802,0.73,82.56,26.61,3.78
20170803,0.27,82.99,26.11,3.68
20170804,0.01,80.75,26.45,3.32
20170805,0.0,81.41,26.27,2.56
20170806,0.0,79.4,26.58,1.88
20170807,17.94,84.96,26.95,2.28
20170808,36.58,91.61,25.9,2.89
20170809,16.28,87.48,25.96,3.45
20170810,4.67,86.55,25.77,3.46
20170811,0.19,83.27,26.62,3.92
20170812,0.16,83.92,26.32,4.35
20170813,0.14,83.0,26.21,3.82
20170814,1.3,81.56,26.06,2.9
20170815,0.43,81.79,26.06,2.82
20170816,0.0,81.48,25.98,3.19
20170817,0.0,82.18,26.03,2.53
20170818,0.27,79.42,26.88,2.33
20170819,4.62,80.87,27.16,2.2
20170820,3.7,81.92,27.89,1.85
20170821,4.37,81.21,27.81,2.05
20170822,2.17,79.73,27.84,1.58
20170823,9.32,82.65,26.58,2.04
20170824,10.06,85.4,27.11,2.18
20170825,8.4,86.59,26.53,2.07
20170826,6.89,85.78,26.53,2.33
20170827,6.32,81.93,27.25,2.44
20170828,10.63,87.02,26.1,2.15
20170829,12.41,87.13,26.58,2.72
20170830,6.36,85.78,26.55,3.67
20170831,0.91,84.77,25.61,3.71
20170901,0.38,83.26,25.54,3.47
20170902,0.24,83.67,24.82,3.47
20170903,2.29,87.4,25.19,2.78
20170904,0.12,81.27,25.58,2.28
20170905,0.0,79.24,25.52,2.2
20170906,1.03,80.04,25.06,2.11
20170907,0.08,76.97,25.58,1.47
20170908,0.03,75.16,26.66,1.21
20170909,0.49,73.12,27.63,1.23
20170910,1.7,76.01,27.87,0.98
20170911,2.54,81.18,27.5,1.3
20170912,7.25,83.22,27.23,1.72
20170913,17.12,84.23,26.82,1.55
20170914,1.6,79.19,26.97,1.05
20170915,0.56,80.32,26.47,1.13
20170916,7.31,79.79,25.65,1.66
20170917,2.12,69.33,26.75,1.57
20170918,0.98,63.75,27.04,1.92
20170919,0.01,54.17,26.34,1.69
20170920,0.9,61.58,26.32,1.85
20170921,5.88,70.02,26.49,1.77
20170922,2.87,78.37,26.05,3.56
20170923,0.33,76.0,26.06,3.62
20170924,0.0,73.18,25.97,2.45
20170925,0.0,72.45,25.92,2.41
20170926,0.0,67.72,25.91,1.79
20170927,0.0,61.81,26.87,1.68
20170928,0.0,60.4,27.38,1.97
20170929,0.0,54.66,27.67,1.8
20170930,0.0,50.48,27.55,1.51
20171001,0.0,51.38,27.18,1.34
20171002,0.0,50.17,27.97,1.16
20171003,0.0,47.15,27.81,0.84
20171004,0.0,46.12,27.26,1.36
20171005,0.0,47.72,26.71,1.78
20171006,0.0,48.81,26.53,1.86
20171007,0.0,44.59,26.68,1.65
20171008,0.0,38.12,27.26,1.4
20171009,0.01,41.74,26.66,1.98
20171010,0.23,48.91,27.47,1.28
20171011,0.32,53.21,27.31,1.1
20171012,0.0,45.47,28.19,1.05
20171013,0.0,42.55,28.12,1.46
20171014,0.0,40.93,27.96,1.4
20171015,0.0,38.36,27.38,1.83
20171016,0.0,36.76,27.23,1.85
20171017,0.0,34.48,26.52,2.0
20171018,0.0,30.71,25.92,1.87
20171019,0.0,31.52,26.16,1.44
20171020,0.03,42.29,27.84,1.38
20171021,0.0,34.83,27.52,1.29
20171022,0.0,34.88,25.76,3.09
20171023,0.0,32.74,24.48,2.34
20171024,0.0,28.53,24.39,1.84
20171025,0.0,21.32,25.1,1.01
20171026,0.0,24.1,24.85,0.99
20171027,0.0,33.3,23.86,1.42
20171028,0.0,37.13,25.07,1.55
20171029,0.0,31.42,24.87,1.61
20171030,0.0,32.96,24.15,1.46
20171031,0.0,28.32,24.61,0.94
20171101,0.0,30.05,24.21,1.03
20171102,0.0,28.19,24.77,1.32
20171103,0.0,30.56,23.56,1.66
20171104,0.0,38.59,22.55,1.63
20171105,0.0,38.56,23.14,1.53
20171106,0.0,33.74,24.44,0.58
20171107,0.0,33.24,24.29,0.79
20171108,0.0,34.22,24.02,0.83
20171109,0.0,35.39,23.59,0.79
20171110,0.0,31.58,23.71,1.02
20171111,0.0,31.76,22.27,1.17
20171112,0.0,30.06,22.01,0.91
20171113,0.0,30.22,21.47,1.14
20171114,0.0,36.67,21.07,1.4
20171115,0.0,37.71,21.22,1.19
20171116,0.0,37.4,22.21,0.93
20171117,0.04,46.22,22.18,1.27
20171118,0.01,49.84,21.78,1.68
20171119,0.0,52.55,20.3,1.64
20171120,0.0,39.64,19.59,1.73
20171121,0.0,35.54,19.3,1.57
20171122,0.0,32.01,18.89,1.52
20171123,0.0,25.07,18.62,1.23
20171124,0.0,20.33,19.75,0.97
20171125,0.0,18.13,20.6,0.91
20171126,0.0,18.51,20.99,0.93
20171127,0.0,19.47,21.67,0.83
20171128,0.0,22.2,21.02,1.5
20171129,0.0,25.48,21.14,1.16
20171130,0.0,27.34,21.6,0.65
20171201,0.0,28.49,20.55,1.19
20171202,0.0,28.79,19.73,1.52
20171203,0.0,32.38,18.75,1.25
20171204,0.0,32.37,19.12,1.25
20171205,3.37,54.6,16.96,2.56
20171206,2.21,74.36,15.22,2.64
20171207,0.13,64.56,17.67,1.69
20171208,0.0,54.8,19.64,1.27
20171209,0.0,46.71,21.06,1.17
20171210,0.04,43.92,20.24,1.22
20171211,1.35,49.16,20.21,2.85
20171212,0.03,45.65,17.41,1.91
20171213,0.0,38.75,15.89,1.38
20171214,0.0,51.46,16.4,1.8
20171215,0.0,49.72,17.4,2.51
20171216,0.0,44.83,16.61,2.41
20171217,0.0,35.71,16.29,1.88
20171218,0.0,22.23,17.25,1.2
20171219,0.0,26.6,16.42,1.45
20171220,0.0,29.45,16.14,1.7
20171221,0.0,29.1,18.07,1.67
20171222,0.0,32.35,18.34,1.64
20171223,0.0,25.61,18.31,1.08
20171224,0.0,24.39,18.37,1.41
20171225,0.0,24.74,16.87,1.83
20171226,0.0,21.95,17.32,1.3
20171227,0.0,19.99,18.27,0.93
20171228,0.0,20.97,18.58,1.12
20171229,0.0,24.59,17.85,1.26
20171230,0.0,29.83,16.84,1.38
20171231,0.0,35.2,16.22,1.53
20180101,0.0,34.24,16.59,1.09
20180102,0.0,27.44,14.46,1.65
20180103,0.0,25.14,14.91,1.31
20180104,0.0,23.91,16.35,1.51
20180105,0.0,22.13,16.7,1.14
20180106,0.0,28.73,16.22,1.13
20180107,0.0,29.12,15.98,1.13
20180108,0.0,28.0,15.56,1.34
20180109,0.0,26.57,15.51,1.47
20180110,0.0,23.13,17.01,1.26
20180111,0.0,24.66,17.88,1.23
20180112,0.0,24.82,18.45,1.46
20180113,0.0,31.64,20.32,0.81
20180114,0.0,39.05,21.39,1.25
20180115,0.0,26.77,19.77,1.19
20180116,0.0,19.87,19.77,0.9
20180117,0.0,30.84,20.57,1.69
20180118,0.0,25.54,20.8,0.85
20180119,0.0,23.4,20.54,0.93
20180120,0.0,26.29,18.27,1.39
20180121,0.0,27.39,18.37,1.36
20180122,0.0,31.4,19.86,1.55
20180123,0.0,29.34,18.59,3.06
20180124,0.0,19.24,15.5,1.91
20180125,0.0,24.13,15.24,1.26
20180126,0.0,19.52,17.58,0.73
20180127,0.0,18.69,17.8,1.0
20180128,0.0,20.25,18.59,1.17
20180129,0.0,20.08,20.2,1.02
20180130,0.0,20.49,20.82,1.19
20180131,0.0,19.73,21.64,1.38
20180201,0.0,18.38,22.37,1.03
20180202,0.0,25.47,20.78,1.8
20180203,0.0,27.35,19.22,1.53
20180204,0.0,25.55,18.34,1.88
20180205,0.0,23.94,20.24,1.95
20180206,0.0,25.16,21.39,1.37
20180207,0.0,28.85,21.56,1.22
20180208,0.0,29.16,20.21,1.32
20180209,0.0,18.06,19.74,1.38
20180210,0.0,21.25,20.03,1.93
20180211,0.01,34.82,20.62,1.73
20180212,0.0,33.71,20.84,1.52
20180213,0.0,38.16,17.52,2.4
20180214,0.0,32.41,18.17,1.76
20180215,0.0,27.02,20.11,1.03
20180216,0.0,24.4,21.9,1.07
20180217,0.0,23.64,21.9,1.79
20180218,0.0,24.67,22.52,1.46
20180219,0.0,22.39,23.58,1.17
20180220,0.0,20.91,24.42,1.17
20180221,0.0,19.77,24.87,1.22
20180222,0.0,22.77,24.85,1.29
20180223,0.0,23.03,24.49,1.45
20180224,0.0,27.6,24.72,2.35
20180225,0.0,28.08,24.11,2.16
20180226,0.0,24.46,23.12,1.85
20180227,0.0,22.75,24.93,1.18
20180228,0.0,24.83,26.15,1.96
20180301,0.0,24.01,26.32,1.89
20180302,0.0,21.02,26.0,2.39
20180303,0.0,20.32,25.45,3.04
20180304,0.0,28.42,25.38,2.81
20180305,0.0,28.88,24.05,1.95
20180306,0.0,19.43,23.52,1.87
20180307,0.0,19.02,23.78,1.3
20180308,0.01,22.91,26.27,1.77
20180309,0.0,30.09,26.9,1.6
20180310,0.02,18.35,26.59,1.65
20180311,0.0,14.1,25.61,2.06
20180312,0.0,12.64,26.58,1.16
20180313,0.0,14.32,26.65,2.59
20180314,0.0,18.51,26.28,2.85
20180315,0.0,21.59,26.33,1.97
20180316,0.0,24.02,26.36,2.0
20180317,0.0,15.67,25.48,1.65
20180318,0.0,15.5,26.64,1.58
20180319,0.04,26.83,27.32,2.5
20180320,0.11,31.38,27.22,1.82
20180321,0.0,21.89,25.77,3.29
20180322,0.0,24.31,24.31,2.26
20180323,0.0,27.14,24.38,2.53
20180324,0.0,23.26,25.74,1.86
20180325,0.0,17.47,27.08,1.56
20180326,0.0,14.18,27.58,1.89
20180327,0.0,10.09,29.3,1.46
20180328,0.0,10.69,29.81,1.85
20180329,0.0,10.36,29.36,1.89
20180330,0.0,8.93,29.6,2.09
20180331,0.0,10.31,29.87,2.14
20180401,0.0,11.8,29.64,1.46
20180402,0.0,11.96,30.87,1.0
20180403,0.0,13.95,31.04,2.37
20180404,0.0,15.04,31.27,3.1
20180405,0.0,15.94,31.53,2.81
20180406,0.0,17.82,31.86,2.86
20180407,0.3,23.24,31.22,1.42
20180408,0.11,24.03,32.11,0.98
20180409,0.26,20.7,32.19,1.37
20180410,0.23,23.43,31.85,1.64
20180411,0.47,23.1,31.39,2.82
20180412,1.17,24.3,31.34,1.94
20180413,0.01,24.66,31.18,1.47
20180414,0.0,20.61,32.43,1.97
20180415,0.18,20.77,32.86,2.16
20180416,0.0,21.23,33.46,3.04
20180417,0.0,19.71,32.32,3.15
20180418,0.0,15.14,31.71,2.46
20180419,0.0,16.63,32.81,2.23
20180420,0.0,19.24,32.14,4.08
20180421,0.0,16.77,29.98,1.99
20180422,0.0,10.53,28.88,2.02
20180423,0.0,10.86,29.17,2.12
20180424,0.0,9.17,30.85,1.76
20180425,0.0,10.24,31.86,2.92
20180426,0.0,16.49,33.2,3.28
20180427,0.0,17.95,34.97,2.96
20180428,0.0,18.33,35.71,4.18
20180429,0.0,18.48,35.49,4.22
20180430,0.0,23.32,35.39,4.58
20180501,0.0,20.02,35.76,4.51
20180502,0.03,17.12,35.21,3.53
20180503,0.0,16.26,33.93,3.26
20180504,0.0,21.8,33.77,2.42
20180505,0.16,23.77,35.38,2.63
20180506,0.0,17.83,34.97,4.12
20180507,0.0,15.77,33.14,3.64
20180508,0.01,21.76,32.0,2.7
20180509,0.01,26.86,33.69,1.94
20180510,0.0,20.91,35.4,1.57
20180511,0.0,19.75,36.01,2.39
20180512,0.0,17.0,35.76,3.8
20180513,0.0,20.18,35.09,3.41
20180514,0.0,22.21,35.34,2.61
20180515,0.21,21.15,35.85,2.66
20180516,0.11,19.87,35.44,3.34
20180517,1.8,18.93,35.8,2.82
20180518,0.0,17.62,35.24,3.02
20180519,0.0,16.99,35.05,2.72
20180520,0.0,18.73,35.5,1.74
20180521,0.0,20.6,35.88,2.81
20180522,0.0,18.08,36.15,3.32
20180523,0.0,13.03,36.54,3.61
20180524,0.0,11.15,35.89,3.93
20180525,0.0,14.39,35.69,3.01
20180526,0.0,14.79,36.35,2.53
20180527,0.0,9.49,36.58,2.65
20180528,0.0,12.37,36.92,2.56
20180529,0.0,18.61,37.13,3.99
20180530,0.01,27.68,35.48,3.79
20180531,0.06,28.46,36.63,2.89
20180601,0.1,24.42,37.52,3.27
20180602,0.27,25.11,36.96,2.82
20180603,0.03,20.34,37.39,4.83
20180604,0.0,22.65,36.5,3.79
20180605,0.0,24.65,37.01,3.71
20180606,0.0,22.47,37.84,4.17
20180607,0.11,23.4,37.85,3.86
20180608,0.28,29.98,36.93,4.15
20180609,2.97,39.11,35.68,3.58
20180610,4.24,54.89,32.2,2.59
20180611,1.3,41.15,35.0,4.16
20180612,0.01,36.22,35.48,6.55
20180613,0.0,39.83,34.83,6.98
20180614,0.0,38.09,33.38,7.01
20180615,0.0,39.42,33.5,6.92
20180616,0.0,38.16,33.39,5.86
20180617,0.0,41.74,33.51,5.09
20180618,1.04,39.14,34.58,3.7
20180619,3.28,40.28,34.81,3.01
20180620,0.32,36.31,35.5,1.39
20180621,0.31,30.14,36.05,2.64
20180622,0.96,37.58,35.23,3.14
20180623,1.65,40.06,35.17,3.65
20180624,3.59,55.01,31.48,3.37
20180625,1.19,49.63,32.74,2.85
20180626,6.43,62.08,29.74,3.08
20180627,11.08,73.21,28.08,3.1
20180628,6.16,72.32,27.85,4.37
20180629,24.96,72.86,28.03,4.09
20180630,1.74,61.82,29.7,3.96
20180701,0.08,58.72,30.37,4.42
20180702,0.16,62.66,29.75,5.21
20180703,1.35,64.46,29.7,5.26
20180704,2.58,65.83,29.36,5.15
20180705,1.58,60.65,30.14,3.73
20180706,5.33,61.25,30.38,3.2
20180707,9.64,59.21,30.57,3.39
20180708,0.67,54.9,31.98,3.5
20180709,8.94,57.42,31.96,3.49
20180710,20.37,67.88,30.02,3.55
20180711,6.04,71.08,29.25,3.0
20180712,7.4,83.07,26.93,3.1
20180713,7.86,80.37,27.01,2.2
20180714,14.56,79.56,27.82,2.23
20180715,17.71,83.35,27.62,2.43
20180716,6.4,76.7,29.26,2.44
20180717,5.75,77.07,29.08,2.27
20180718,10.8,77.26,29.12,2.56
20180719,15.67,84.41,27.71,3.4
20180720,24.17,90.43,26.54,3.91
20180721,9.95,87.34,26.53,3.87
20180722,38.25,85.29,26.85,3.22
20180723,26.57,86.24,26.68,2.88
20180724,16.66,86.98,26.64,3.05
20180725,6.73,87.14,26.39,3.26
20180726,0.65,83.64,25.9,4.62
20180727,0.24,81.61,26.33,4.08
20180728,0.02,80.33,26.48,4.0
20180729,0.0,80.39,26.71,3.45
20180730,0.0,78.62,27.24,2.78
20180731,0.0,79.16,26.72,3.53
20180801,0.0,78.69,26.83,3.82
20180802,0.0,78.58,26.77,4.16
20180803,0.0,80.18,26.4,4.07
20180804,0.0,78.05,26.56,3.68
20180805,0.0,81.81,25.76,3.69
20180806,0.0,78.45,26.48,3.96
20180807,8.46,80.71,26.2,2.81
20180808,5.38,80.83,26.77,2.06
20180809,16.99,87.17,26.42,2.4
20180810,11.63,82.53,26.94,3.29
20180811,0.97,82.81,26.31,3.63
20180812,0.01,81.74,26.21,3.68
20180813,0.03,79.69,27.04,3.15
20180814,0.02,78.69,27.36,2.08
20180815,1.31,80.49,27.2,1.86
20180816,6.46,84.93,26.64,2.49
20180817,12.02,88.14,27.18,2.11
20180818,23.57,88.03,27.35,1.26
20180819,10.32,85.74,27.54,2.26
20180820,13.95,88.03,26.73,2.51
20180821,30.77,88.7,26.57,2.31
20180822,13.67,89.24,25.84,2.89
20180823,5.11,91.22,24.7,3.01
20180824,0.58,86.36,25.3,3.56
20180825,0.48,83.59,25.97,3.61
20180826,0.14,82.61,25.6,3.28
20180827,0.78,82.3,26.16,2.24
20180828,5.11,83.06,25.85,2.79
20180829,8.12,90.49,24.73,3.66
20180830,1.71,84.8,26.09,3.02
20180831,1.27,87.89,24.75,3.6
20180901,0.61,83.07,25.44,3.09
20180902,4.28,85.38,25.06,2.71
20180903,9.36,85.05,25.01,2.86
20180904,9.06,88.2,24.07,2.93
20180905,0.23,84.4,24.37,3.35
20180906,2.48,80.65,24.35,2.81
20180907,12.42,85.75,23.68,2.95
20180908,46.0,91.79,23.73,3.86
20180909,10.11,88.61,23.78,5.03
20180910,3.53,86.46,24.34,3.4
20180911,2.49,87.32,24.67,3.67
20180912,0.13,84.49,25.06,3.42
20180913,0.0,83.43,24.6,2.98
20180914,0.0,81.11,24.97,1.98
20180915,0.0,78.88,24.95,1.46
20180916,0.02,74.8,25.0,1.33
20180917,0.0,72.62,25.15,1.59
20180918,0.05,71.73,25.3,1.72
20180919,3.32,68.05,25.67,1.87
20180920,0.5,61.34,26.13,1.76
20180921,0.89,78.73,25.06,2.6
20180922,10.31,90.28,25.26,3.37
20180923,36.08,91.57,24.67,2.87
20180924,1.45,83.43,24.78,3.24
20180925,0.68,80.67,25.14,2.8
20180926,0.0,72.77,24.75,2.22
20180927,0.0,70.04,24.37,1.52
20180928,0.0,59.37,25.13,0.94
20180929,0.0,56.39,25.07,1.21
20180930,0.0,59.28,25.16,1.32
20181001,0.0,58.77,26.02,1.07
20181002,0.0,59.84,25.92,1.29
20181003,0.0,69.19,25.65,1.8
20181004,0.01,65.37,25.86,1.41
20181005,0.01,59.77,25.93,1.16
20181006,0.0,53.17,25.86,1.05
20181007,0.0,50.55,26.12,1.03
20181008,0.0,57.77,25.25,1.98
20181009,0.0,57.68,25.22,1.98
20181010,0.0,52.9,26.24,1.42
20181011,0.0,57.95,25.39,1.48
20181012,0.0,65.8,24.41,1.38
20181013,0.0,62.01,24.3,1.3
20181014,0.0,55.18,24.55,1.91
20181015,0.0,50.69,24.15,1.92
20181016,0.0,49.37,24.76,1.79
20181017,0.0,48.98,24.8,1.82
20181018,0.01,50.35,24.88,1.95
20181019,0.0,49.9,25.39,1.67
20181020,0.0,41.49,24.71,1.65
20181021,0.0,40.72,23.05,1.71
20181022,0.0,44.64,22.93,1.06
20181023,0.0,40.2,23.54,1.69
20181024,0.0,39.28,23.83,1.83
20181025,0.18,43.33,24.02,1.64
20181026,0.11,44.24,25.06,1.3
20181027,0.0,43.6,24.78,1.29
20181028,0.04,48.15,23.92,1.49
20181029,0.0,49.03,22.66,1.63
20181030,0.0,49.34,21.89,1.65
20181031,0.0,52.57,21.94,1.91
20181101,0.0,51.13,23.08,1.22
20181102,0.0,46.14,23.95,1.19
20181103,0.0,50.62,24.57,1.84
20181104,0.0,45.36,23.32,1.41
20181105,0.0,41.34,20.3,1.46
20181106,0.0,33.61,19.05,1.37
20181107,0.0,31.9,19.34,1.09
20181108,0.0,34.72,19.99,1.22
20181109,0.0,35.41,20.57,1.08
20181110,0.0,36.65,20.71,1.17
20181111,0.0,35.28,21.55,1.16
20181112,0.0,32.07,22.77,1.4
20181113,0.0,34.49,22.22,1.85
20181114,0.0,41.92,23.0,1.15
20181115,0.0,40.48,21.65,1.83
20181116,0.0,36.8,20.15,1.38
20181117,0.0,30.38,21.33,1.28
20181118,0.0,31.3,22.39,1.36
20181119,0.0,30.87,24.04,1.05
20181120,0.0,34.14,23.2,0.78
20181121,0.0,43.49,21.04,1.53
20181122,0.0,42.89,22.54,1.26
20181123,0.0,40.38,21.39,1.73
20181124,0.0,33.93,20.49,1.25
20181125,0.0,30.62,20.72,1.2
20181126,0.0,31.22,21.17,0.91
20181127,0.0,35.77,21.26,1.68
20181128,0.0,49.07,19.4,1.75
20181129,0.0,54.39,18.45,1.47
20181130,0.0,51.03,19.24,1.26
20181201,0.0,40.56,19.54,0.99
20181202,0.0,35.51,19.11,1.0
20181203,0.0,37.11,18.3,1.26
20181204,0.0,39.95,18.46,1.3
20181205,0.0,39.83,19.34,1.1
20181206,0.0,41.39,18.05,1.18
20181207,0.0,36.82,17.41,1.55
20181208,0.0,36.16,17.31,1.64
20181209,0.0,37.62,17.25,1.38
20181210,0.0,35.5,17.8,1.13
20181211,0.01,37.27,18.64,1.06
20181212,0.11,44.03,18.24,1.72
20181213,0.0,46.32,14.45,2.22
20181214,0.0,47.48,13.14,1.91
20181215,0.0,44.68,12.95,1.83
20181216,0.0,41.87,13.24,2.02
20181217,0.0,39.69,13.65,1.88
20181218,0.0,35.4,14.29,1.71
20181219,0.0,25.52,16.8,0.83
20181220,0.0,24.74,16.48,1.19
20181221,0.0,23.19,17.03,1.09
20181222,0.0,25.05,16.25,1.26
20181223,0.0,25.74,16.85,1.46
20181224,0.0,28.53,17.31,1.15
20181225,0.0,40.79,14.85,1.67
20181226,0.0,37.04,13.85,1.73
20181227,0.0,23.76,13.18,2.09
20181228,0.0,20.77,12.9,1.37
20181229,0.0,17.1,14.51,1.17
20181230,0.0,18.15,14.89,1.51
20181231,0.0,17.33,16.84,0.98
20190101,0.0,17.76,17.98,1.18
20190102,0.0,19.67,16.61,1.73
20190103,0.0,25.66,15.83,1.18
20190104,0.0,24.19,16.75,1.32
20190105,0.0,21.61,18.81,0.72
20190106,0.0,32.6,14.93,2.83
20190107,0.0,45.95,12.41,2.06
20190108,0.0,35.55,14.68,0.99
20190109,0.0,34.74,14.63,1.43
20190110,0.0,33.62,14.71,1.26
20190111,0.0,30.57,15.27,1.6
20190112,0.0,32.95,15.54,1.5
20190113,0.0,39.19,15.48,1.8
20190114,0.0,40.03,14.24,2.01
20190115,0.0,21.68,14.11,1.33
20190116,0.0,15.97,17.65,1.16
20190117,0.0,19.68,17.32,1.45
20190118,0.0,23.19,16.56,1.51
20190119,0.0,20.53,18.34,1.4
20190120,0.0,20.68,19.71,1.99
20190121,0.0,27.17,19.86,3.52
20190122,2.36,44.01,16.38,1.87
20190123,0.0,40.22,15.39,1.81
20190124,0.16,50.28,14.59,1.69
20190125,0.1,55.74,13.56,2.21
20190126,0.0,44.66,11.61,2.46
20190127,0.0,29.82,10.83,2.09
20190128,0.0,31.34,11.41,1.77
20190129,0.0,26.37,12.26,1.72
20190130,0.0,17.97,15.64,1.15
20190131,0.0,19.9,16.7,2.13
20190201,0.0,33.72,15.46,2.21
20190202,0.0,35.06,14.4,1.93
20190203,0.0,38.17,15.66,1.72
20190204,0.0,35.76,19.62,1.8
20190205,0.0,38.31,22.33,2.0
20190206,0.29,33.31,21.04,2.48
20190207,0.0,26.24,16.41,3.92
20190208,0.0,20.06,12.87,1.9
20190209,0.0,23.01,13.09,1.61
20190210,0.0,18.25,14.77,1.36
20190211,0.0,21.16,14.98,1.97
20190212,0.0,19.66,18.09,1.6
20190213,4.89,31.49,21.47,1.82
20190214,2.46,43.64,21.17,2.67
20190215,0.0,37.23,17.66,2.1
20190216,0.0,35.49,15.64,1.89
20190217,0.0,26.35,17.35,1.21
20190218,0.0,28.48,20.04,2.72
20190219,0.0,37.67,22.19,2.0
20190220,0.01,37.82,24.24,2.14
20190221,0.0,31.47,24.29,2.67
20190222,0.0,47.46,21.82,2.33
20190223,0.0,23.34,19.02,1.96
20190224,0.0,22.25,20.15,1.5
20190225,0.0,21.43,19.59,2.19
20190226,0.01,27.74,20.02,1.97
20190227,0.25,31.55,18.31,2.63
20190228,0.0,27.48,16.42,2.12
20190301,0.0,21.43,17.63,1.92
20190302,0.0,22.07,20.62,2.56
20190303,0.0,30.4,22.77,2.72
20190304,0.0,33.34,20.63,3.11
20190305,0.0,33.95,19.98,2.08
20190306,0.0,26.2,19.75,1.37
20190307,0.0,23.4,22.34,0.7
20190308,0.0,26.48,23.09,2.36
20190309,0.0,28.63,22.34,2.29
20190310,0.0,32.9,21.87,1.64
20190311,0.0,28.85,22.4,3.06
20190312,0.0,26.94,21.0,1.58
20190313,0.0,30.22,21.28,1.96
20190314,0.0,26.41,22.38,2.04
20190315,0.0,31.71,21.18,2.5
20190316,0.0,23.72,21.02,1.86
20190317,0.0,20.44,22.44,1.99
20190318,0.0,19.21,22.66,1.56
20190319,0.0,18.41,26.06,1.21
20190320,0.0,22.72,25.81,3.29
20190321,0.0,21.51,24.42,1.99
20190322,0.0,24.58,24.67,1.97
20190323,0.0,19.24,25.39,1.52
20190324,0.0,19.62,27.77,1.75
20190325,0.0,28.06,26.99,2.51
20190326,0.0,21.3,26.42,2.18
20190327,0.0,14.17,26.8,1.46
20190328,0.0,14.57,30.43,1.17
20190329,0.0,14.92,30.95,2.0
20190330,0.0,16.79,31.27,2.45
20190331,0.0,19.12,29.75,2.82
20190401,0.0,11.85,29.43,1.54
20190402,0.0,11.26,30.46,1.23
20190403,0.0,11.02,31.8,0.92
20190404,0.0,12.93,32.55,1.46
20190405,0.0,16.33,33.14,2.45
20190406,0.0,15.68,32.44,2.83
20190407,0.0,18.25,32.95,2.54
20190408,0.05,19.09,32.01,2.63
20190409,0.0,19.08,32.04,2.81
20190410,0.0,21.27,32.9,2.67
20190411,0.0,20.1,33.37,2.53
20190412,0.0,18.75,33.08,2.26
20190413,0.0,18.17,33.38,2.2
20190414,0.0,17.68,33.49,1.72
20190415,6.44,30.79,30.6,2.91
20190416,17.61,49.22,27.08,2.84
20190417,4.52,51.98,25.02,2.64
20190418,0.0,42.4,25.68,1.98
20190419,0.0,40.0,25.78,2.01
20190420,0.0,32.67,28.01,1.31
20190421,0.0,28.19,30.19,1.11
20190422,0.0,27.47,30.89,2.02
20190423,0.0,24.44,32.28,1.71
20190424,0.0,22.86,33.49,2.95
20190425,0.0,20.45,33.42,3.19
20190426,0.0,23.49,33.96,3.09
20190427,0.0,19.81,34.06,2.0
20190428,0.0,13.93,33.5,2.74
20190429,0.0,13.49,33.75,2.98
20190430,0.0,16.58,32.94,4.22
20190501,0.0,19.48,32.35,2.85
20190502,0.0,18.01,32.87,3.26
20190503,0.0,17.69,32.35,2.26
20190504,0.13,23.93,32.51,1.45
20190505,0.06,27.12,32.21,1.92
20190506,0.0,14.51,33.37,3.15
20190507,0.0,15.16,33.33,4.09
20190508,0.0,16.19,32.98,4.2
20190509,0.0,22.32,31.47,4.66
20190510,0.01,27.25,31.9,4.0
20190511,0.54,32.47,32.12,3.11
20190512,0.28,30.18,33.15,2.68
20190513,0.57,28.99,33.43,3.48
20190514,0.01,25.25,33.39,2.56
20190515,0.0,24.61,33.97,3.18
20190516,0.32,27.64,33.25,3.57
20190517,1.39,31.06,31.99,4.21
20190518,0.04,32.38,31.88,2.96
20190519,0.0,28.51,33.21,1.32
20190520,0.0,24.38,34.76,1.82
20190521,0.0,23.78,35.12,2.71
20190522,0.01,26.0,35.35,3.06
20190523,0.01,26.09,35.66,3.52
20190524,0.0,26.12,35.18,3.72
20190525,0.0,24.78,35.05,2.41
20190526,0.0,19.42,35.73,2.27
20190527,0.0,18.93,36.32,2.68
20190528,0.0,18.32,36.82,1.71
20190529,0.0,18.38,37.66,2.07
20190530,0.0,18.85,38.0,2.95
20190531,0.01,19.07,37.33,3.27
20190601,1.03,22.66,37.72,3.44
20190602,0.1,18.93,38.47,3.7
20190603,0.0,17.34,38.47,4.04
20190604,0.0,18.69,37.88,3.84
20190605,0.0,20.77,38.1,4.38
20190606,0.38,25.99,37.85,3.7
20190607,0.07,21.07,37.99,2.2
20190608,0.0,17.06,37.83,1.94
20190609,0.0,16.22,38.72,2.89
20190610,0.63,18.74,38.98,3.74
20190611,0.23,22.49,38.64,3.05
20190612,1.96,27.87,37.35,2.34
20190613,1.92,43.24,33.38,2.36
20190614,2.9,43.61,33.61,4.08
20190615,4.77,47.97,32.22,4.46
20190616,0.1,47.96,32.68,5.43
20190617,0.13,45.6,32.75,6.03
20190618,29.61,54.89,30.85,4.19
20190619,10.54,67.62,28.6,5.1
20190620,0.14,57.6,30.84,2.29
20190621,2.82,54.35,31.79,1.91
20190622,0.38,47.35,33.56,2.12
20190623,0.38,44.74,33.99,3.0
20190624,9.72,50.5,33.46,1.38
20190625,4.41,57.25,32.45,2.09
20190626,3.92,54.61,32.46,3.42
20190627,11.87,62.37,31.31,3.59
20190628,2.13,59.02,31.65,2.77
20190629,12.41,63.58,30.53,2.76
20190630,16.55,69.54,29.26,3.67
20190701,6.33,67.47,29.69,3.26
20190702,7.46,62.19,30.92,3.28
20190703,15.04,70.72,29.41,2.9
20190704,36.09,82.5,27.71,3.27
20190705,36.53,85.91,27.37,2.67
20190706,24.45,81.23,27.87,3.58
20190707,15.31,85.44,27.28,3.64
20190708,2.23,76.55,28.39,4.95
20190709,0.67,76.27,28.41,4.62
20190710,0.02,74.81,28.59,4.58
20190711,0.0,73.15,28.59,5.35
20190712,0.0,72.3,28.59,5.26
20190713,0.0,72.38,28.66,5.16
20190714,0.0,70.6,28.77,5.0
20190715,0.0,69.12,28.66,4.96
20190716,0.0,69.44,28.78,4.57
20190717,0.0,68.78,28.98,3.8
20190718,0.92,69.34,29.12,2.98
20190719,0.97,65.79,29.86,1.67
20190720,0.79,60.98,30.87,1.09
20190721,1.72,62.96,31.33,1.35
20190722,1.8,72.07,30.02,1.6
20190723,0.02,68.56,30.4,2.0
20190724,13.41,79.55,29.09,2.85
20190725,11.1,79.54,28.01,3.04
20190726,15.58,77.25,28.0,4.44
20190727,47.58,86.82,26.62,3.67
20190728,66.15,90.39,26.12,4.78
20190729,10.42,86.09,27.6,1.77
20190730,8.36,82.54,28.03,1.38
20190731,12.94,89.25,26.45,2.85
20190801,14.5,83.47,27.7,1.54
20190802,8.51,86.09,27.18,2.73
20190803,12.54,84.08,26.76,1.69
20190804,9.17,83.04,27.79,2.06
20190805,11.04,89.34,26.9,2.49
20190806,44.72,89.34,26.82,2.55
20190807,18.72,89.51,26.72,2.83
20190808,46.86,87.91,26.99,2.19
20190809,20.13,88.22,27.6,3.68
20190810,3.16,87.16,26.32,4.39
20190811,1.31,86.22,25.88,3.88
20190812,0.19,84.95,26.61,3.17
20190813,21.63,88.04,26.48,2.52
20190814,28.04,89.95,26.32,3.21
20190815,78.55,94.19,25.0,4.15
20190816,41.48,91.23,25.33,5.31
20190817,4.01,89.24,25.97,4.08
20190818,8.86,87.98,26.34,3.17
20190819,2.33,86.19,26.78,2.17
20190820,1.02,85.91,26.76,2.41
20190821,1.89,85.05,26.68,2.54
20190822,1.66,84.93,26.4,2.04
20190823,1.07,85.63,26.1,2.35
20190824,4.1,88.3,25.74,2.47
20190825,18.08,92.09,25.23,2.56
20190826,16.47,90.91,25.46,2.72
20190827,18.0,88.0,26.18,1.64
20190828,27.05,89.25,26.57,1.65
20190829,6.85,86.68,26.81,2.1
20190830,20.83,93.64,25.95,2.41
20190831,4.96,85.75,26.92,1.64
20190901,27.42,87.95,27.17,1.38
20190902,1.85,89.09,27.04,1.97
20190903,0.41,91.91,26.68,2.18
20190904,13.46,86.08,27.58,1.3
20190905,8.33,85.29,27.27,1.19
20190906,7.03,87.28,27.87,1.12
20190907,4.2,89.98,27.4,1.18
20190908,5.36,91.97,26.51,1.26
20190909,19.0,91.3,26.48,1.6
20190910,4.49,91.1,26.63,1.98
20190911,2.08,87.35,27.89,2.09
20190912,21.74,92.04,26.88,2.39
20190913,54.57,94.33,25.99,2.51
20190914,19.25,94.15,25.89,3.08
20190915,3.82,92.95,25.71,2.34
20190916,3.29,89.33,26.72,2.2
20190917,1.47,85.55,27.37,1.69
20190918,3.34,87.26,26.94,2.04
20190919,1.68,87.55,26.03,1.51
20190920,9.54,90.48,25.3,1.59
20190921,10.19,92.09,25.24,1.26
20190922,7.48,89.54,24.85,1.52
20190923,0.46,94.0,24.83,1.19
20190924,0.7,88.59,25.48,1.95
20190925,1.11,91.26,25.1,1.88
20190926,3.1,90.96,24.78,1.71
20190927,10.63,92.54,24.26,1.62
20190928,6.84,91.11,24.6,1.96
20190929,2.36,92.53,23.7,2.33
20190930,3.1,89.66,24.04,1.95
20191001,8.78,88.97,24.03,1.24
20191002,5.78,87.02,24.88,1.61
20191003,2.11,82.42,25.14,1.37
20191004,0.43,81.2,24.43,1.15
20191005,0.33,78.74,24.39,1.1
20191006,0.09,74.84,25.22,0.48
20191007,0.16,80.89,24.9,0.91
20191008,0.01,81.87,24.59,1.13
20191009,0.48,75.32,24.34,1.07
20191010,0.03,62.11,24.36,0.82
20191011,0.0,58.88,24.53,0.84
20191012,0.0,61.62,24.39,0.98
20191013,0.0,59.69,25.5,0.79
20191014,0.0,62.08,25.63,0.89
20191015,0.0,66.01,25.44,1.04
20191016,0.0,71.61,24.43,1.23
20191017,0.0,76.05,23.87,1.25
20191018,0.0,77.46,23.87,1.18
20191019,0.0,83.09,23.38,1.27
20191020,0.0,84.13,23.19,1.38
20191021,0.0,81.01,22.97,1.17
20191022,0.03,74.7,22.82,0.93
20191023,0.1,69.77,22.41,1.13
20191024,0.0,67.11,22.03,1.15
20191025,0.0,70.58,20.97,1.53
20191026,0.0,81.73,19.84,2.05
20191027,0.01,83.05,20.77,1.62
20191028,1.28,84.63,22.47,1.43
20191029,0.38,77.15,23.42,1.08
20191030,0.05,77.23,24.19,0.78
20191031,0.0,77.82,24.15,0.94
20191101,0.0,76.83,23.97,1.05
20191102,1.68,82.19,23.65,1.17
20191103,0.11,77.43,22.78,1.11
20191104,0.0,75.83,23.45,0.75
20191105,0.0,67.33,23.03,0.8
20191106,0.0,75.36,22.27,1.2
20191107,0.61,79.37,23.03,1.06
20191108,7.78,82.48,22.61,1.06
20191109,3.3,82.77,21.54,1.97
20191110,0.0,75.25,21.73,1.36
20191111,0.05,71.84,22.69,1.19
20191112,0.0,76.08,22.68,1.57
20191113,0.0,78.17,22.44,0.9
20191114,0.04,79.87,21.43,1.29
20191115,0.03,79.59,20.5,1.54
20191116,0.0,74.91,20.3,1.32
20191117,0.0,70.06,19.31,1.37
20191118,0.0,65.95,19.87,0.78
20191119,0.0,65.95,20.58,0.78
20191120,0.0,73.64,19.9,1.34
20191121,0.0,77.61,19.79,1.51
20191122,0.0,80.28,19.55,1.17
20191123,0.0,87.05,18.89,1.03
20191124,0.0,82.35,19.95,1.16
20191125,0.0,81.73,19.89,1.61
20191126,0.0,77.06,19.7,1.34
20191127,0.25,75.5,21.1,1.33
20191128,0.17,79.92,21.01,1.26
20191129,0.0,81.83,19.72,1.15
20191130,0.05,83.14,18.77,1.55
20191201,0.12,82.77,18.51,1.34
20191202,0.01,79.44,17.25,1.85
20191203,0.0,64.14,16.04,1.81
20191204,0.0,58.61,16.09,1.47
20191205,0.0,64.81,16.49,1.47
20191206,0.0,71.13,14.86,1.62
20191207,0.0,70.12,15.05,1.64
20191208,0.0,75.9,14.52,1.45
20191209,0.0,76.26,15.31,1.15
20191210,0.0,74.62,16.06,1.07
20191211,0.01,76.4,17.04,1.28
20191212,0.27,80.46,17.07,1.79
20191213,0.08,82.13,16.4,2.02
20191214,0.0,79.56,13.59,1.93
20191215,0.0,72.77,12.19,2.32
20191216,0.0,72.13,10.98,1.87
20191217,0.0,75.27,10.21,1.76
20191218,0.0,73.71,11.16,1.29
20191219,0.0,68.6,13.2,1.16
20191220,0.0,66.61,15.17,0.97
20191221,0.0,69.13,15.67,1.43
20191222,0.0,73.84,13.97,1.99
20191223,0.0,72.76,14.8,1.75
20191224,0.05,87.37,15.47,2.09
20191225,0.0,82.06,14.71,1.95
20191226,0.0,57.8,12.33,1.86
20191227,0.0,51.22,10.71,1.56
20191228,0.0,57.15,9.99,1.91
20191229,0.0,64.35,10.04,1.66
20191230,0.0,66.06,11.17,1.54
20191231,0.0,72.4,10.86,1.93
20200101,0.0,85.92,11.96,2.83
20200102,0.0,86.63,12.7,2.03
20200103,0.0,78.74,13.58,1.32
20200104,0.0,71.88,14.14,1.47
20200105,0.0,65.04,14.07,1.48
20200106,0.0,63.97,14.88,1.83
20200107,0.01,67.66,16.45,1.69
20200108,0.04,71.47,14.55,2.38
20200109,0.0,62.71,10.07,1.99
20200110,0.0,60.55,9.02,1.87
20200111,0.0,57.09,10.98,1.57
20200112,0.0,58.88,14.8,1.24
20200113,0.02,74.8,16.84,3.15
20200114,0.02,72.0,15.87,1.45
20200115,5.14,83.17,16.01,1.5
20200116,0.88,76.3,14.74,1.51
20200117,0.02,72.26,12.75,1.26
20200118,0.0,67.7,12.9,1.31
20200119,0.0,64.09,11.98,1.59
20200120,0.0,59.0,12.96,1.41
20200121,0.0,61.52,15.08,1.5
20200122,0.0,69.08,13.99,2.13
20200123,0.0,57.04,12.56,2.14
20200124,0.0,51.93,13.03,1.22
20200125,0.0,48.46,14.92,1.32
20200126,0.0,49.16,17.22,1.17
20200127,0.0,56.61,17.68,2.79
20200128,0.0,60.94,15.74,2.84
20200129,0.0,57.28,13.97,1.31
20200130,0.0,55.15,13.31,1.57
20200131,0.0,50.21,14.35,1.09
20200201,0.0,49.29,13.55,1.61
20200202,0.0,47.52,13.06,1.8
20200203,0.0,54.03,13.61,1.5
20200204,0.0,58.09,15.04,1.59
20200205,0.0,57.77,14.76,1.63
20200206,0.0,54.02,14.74,1.42
20200207,0.0,50.55,13.82,2.09
20200208,0.0,50.33,12.8,2.32
20200209,0.0,44.23,12.86,2.1
20200210,0.0,43.07,14.02,1.32
20200211,0.0,45.7,15.71,1.43
20200212,0.0,43.27,18.05,1.04
20200213,0.0,39.17,20.07,0.94
20200214,0.0,44.41,18.39,1.62
20200215,0.0,37.57,19.11,1.22
20200216,0.0,25.73,19.8,1.27
20200217,0.0,24.76,20.51,1.14
20200218,0.0,25.71,21.22,1.03
20200219,0.0,32.67,20.84,1.71
20200220,0.0,37.42,22.03,2.63
20200221,0.0,35.09,18.76,2.32
20200222,0.0,43.34,17.86,1.87
20200223,0.0,48.8,18.24,1.75
20200224,0.0,49.63,18.74,1.51
20200225,0.0,37.03,21.27,1.06
20200226,0.0,33.45,22.3,1.48
20200227,0.0,33.94,23.09,1.37
20200228,0.0,35.9,22.87,1.51
20200229,0.17,35.17,23.41,2.44
20200301,0.05,31.77,23.39,1.32
20200302,0.0,38.14,22.97,1.09
20200303,0.05,41.72,23.27,0.77
20200304,0.02,37.54,23.2,1.31
20200305,0.12,36.59,21.53,2.22
20200306,1.65,46.3,20.38,3.94
20200307,0.0,35.87,19.09,1.44
20200308,0.0,36.63,19.7,1.98
20200309,0.0,36.98,20.9,1.94
20200310,0.1,42.93,21.77,1.9
20200311,0.0,48.99,21.1,3.4
20200312,0.0,31.94,19.58,3.27
20200313,0.0,27.9,19.28,2.28
20200314,0.0,31.66,18.63,2.52
20200315,0.0,36.88,18.69,1.63
20200316,0.0,35.05,20.34,1.57
20200317,0.0,31.07,22.5,1.76
20200318,0.0,29.75,23.73,1.53
20200319,0.0,26.9,25.76,1.48
20200320,0.0,28.0,25.03,2.7
20200321,0.0,27.61,24.62,1.57
20200322,0.0,30.96,26.49,1.0
20200323,0.16,30.53,28.06,0.94
20200324,0.11,31.94,28.29,1.36
20200325,2.71,40.21,27.01,2.39
20200326,4.81,53.15,24.93,2.82
20200327,9.9,64.51,23.32,2.48
20200328,0.0,42.85,24.1,1.06
20200329,0.0,40.05,24.1,1.53
20200330,0.0,37.25,24.84,1.81
20200331,0.0,32.76,25.82,2.48
20200401,0.0,31.24,26.03,2.83
20200402,0.0,30.26,25.05,2.31
20200403,0.0,28.58,25.46,1.9
20200404,0.0,22.7,26.34,1.54
20200405,0.0,21.57,28.78,1.34
20200406,0.0,23.13,28.74,1.16
20200407,0.0,22.58,29.01,1.33
20200408,0.0,22.63,28.7,2.5
20200409,0.0,24.02,28.46,1.58
20200410,0.0,21.16,30.41,0.87
20200411,0.0,21.91,31.2,1.19
20200412,0.0,23.87,31.18,2.4
20200413,0.0,23.88,32.08,2.01
20200414,0.0,20.62,32.56,2.11
20200415,0.0,21.37,32.98,2.54
20200416,0.0,21.91,32.73,3.12
20200417,0.0,25.08,31.52,4.09
20200418,0.06,23.49,31.6,3.53
20200419,0.0,24.93,31.04,2.29
20200420,0.03,29.74,30.22,2.15
20200421,0.0,30.27,30.23,2.45
20200422,0.0,22.98,31.21,2.05
20200423,0.04,24.0,32.32,1.97
20200424,0.29,28.18,32.51,1.91
20200425,0.08,23.92,31.98,2.58
20200426,1.5,26.83,32.81,1.63
20200427,1.97,27.31,32.61,1.99
20200428,0.11,25.08,32.55,1.95
20200429,0.0,25.67,33.1,1.73
20200430,0.26,23.67,33.86,2.14
