Dates,PRECTOT,RH2M,T2M_MAX,T2M_MIN,T2M_RANGE,WS10M_RANGE,WS50M_RANGE,Latitude,Longitude
20100101,0.0,53.38,21.32,5.77,15.55,1.72,3.53,26.25198332,83.75077264
20100102,0.0,54.69,19.05,6.12,12.93,1.19,2.51,26.25198332,83.75077264
20100103,0.0,54.53,21.11,5.64,15.47,1.29,3.73,26.25198332,83.75077264
20100104,0.0,57.25,22.43,8.32,14.12,4.7,4.51,26.25198332,83.75077264
20100105,0.0,56.55,22.23,6.79,15.44,1.79,4.43,26.25198332,83.75077264
20100106,0.0,52.12,21.09,6.36,14.73,1.42,2.58,26.25198332,83.75077264
20100107,0.0,46.57,21.69,8.65,13.04,2.27,3.6,26.25198332,83.75077264
20100108,0.0,52.86,21.64,7.76,13.87,2.13,5.37,26.25198332,83.75077264
20100109,0.0,58.51,22.48,5.81,16.67,1.99,3.73,26.25198332,83.75077264
20100110,0.0,53.1,23.58,6.56,17.02,2.34,3.77,26.25198332,83.75077264
20100111,0.0,47.51,24.2,6.23,17.97,2.6,4.01,26.25198332,83.75077264
20100112,0.05,41.05,24.68,6.74,17.94,2.85,3.89,26.25198332,83.75077264
20100113,0.46,45.3,24.18,8.76,15.42,4.02,6.18,26.25198332,83.75077264
20100114,0.13,60.13,23.91,11.39,12.52,3.57,5.67,26.25198332,83.75077264
20100115,0.0,62.2,23.94,8.22,15.73,1.56,3.98,26.25198332,83.75077264
20100116,0.0,47.2,24.71,8.38,16.32,1.05,4.71,26.25198332,83.75077264
20100117,0.0,40.96,24.1,9.12,14.98,1.84,4.04,26.25198332,83.75077264
20100118,0.0,41.25,23.76,7.93,15.83,1.94,4.31,26.25198332,83.75077264
20100119,0.0,41.81,24.97,6.84,18.14,2.61,5.53,26.25198332,83.75077264
20100120,0.0,36.34,25.73,6.72,19.01,2.0,5.32,26.25198332,83.75077264
20100121,0.0,36.64,24.88,6.88,18.0,1.38,3.64,26.25198332,83.75077264
20100122,0.0,37.47,25.04,6.69,18.35,1.87,2.91,26.25198332,83.75077264
20100123,0.0,37.6,24.94,7.71,17.23,1.24,3.11,26.25198332,83.75077264
20100124,0.0,36.93,23.8,8.35,15.45,1.44,2.75,26.25198332,83.75077264
20100125,0.0,37.83,25.29,9.3,15.99,3.05,5.72,26.25198332,83.75077264
20100126,0.0,40.17,25.96,7.6,18.37,1.89,3.8,26.25198332,83.75077264
20100127,0.0,42.97,25.78,8.37,17.41,1.45,3.77,26.25198332,83.75077264
20100128,0.0,41.86,25.39,8.9,16.49,1.29,3.46,26.25198332,83.75077264
20100129,0.0,38.52,26.58,12.58,14.0,3.25,3.55,26.25198332,83.75077264
20100130,0.0,42.87,27.59,9.71,17.88,3.3,4.58,26.25198332,83.75077264
20100131,0.0,37.69,26.69,9.09,17.6,2.19,5.09,26.25198332,83.75077264
20100201,0.0,34.32,26.92,10.55,16.36,3.52,5.11,26.25198332,83.75077264
20100202,0.0,33.99,26.93,10.44,16.49,4.17,4.81,26.25198332,83.75077264
20100203,0.0,32.63,26.63,7.92,18.71,1.95,3.84,26.25198332,83.75077264
20100204,0.0,30.96,26.99,7.53,19.46,2.2,5.19,26.25198332,83.75077264
20100205,0.0,36.01,27.04,7.71,19.34,3.78,5.61,26.25198332,83.75077264
20100206,0.0,37.83,27.23,8.8,18.43,2.55,4.81,26.25198332,83.75077264
20100207,0.0,34.58,27.98,11.6,16.38,4.09,4.85,26.25198332,83.75077264
20100208,0.0,39.21,29.55,12.78,16.77,3.37,3.69,26.25198332,83.75077264
20100209,2.13,50.72,26.34,14.78,11.56,5.97,7.46,26.25198332,83.75077264
20100210,3.75,58.24,28.58,13.53,15.05,2.73,5.57,26.25198332,83.75077264
20100211,0.01,48.26,30.39,14.88,15.51,2.7,5.24,26.25198332,83.75077264
20100212,6.65,55.69,23.8,13.17,10.63,4.93,5.63,26.25198332,83.75077264
20100213,0.05,60.42,26.85,10.46,16.39,3.49,5.79,26.25198332,83.75077264
20100214,0.0,45.95,28.42,10.53,17.89,2.79,3.85,26.25198332,83.75077264
20100215,0.0,33.63,29.29,11.01,18.28,2.02,4.22,26.25198332,83.75077264
20100216,0.01,35.11,30.12,14.42,15.7,2.06,4.31,26.25198332,83.75077264
20100217,0.0,37.46,30.34,13.91,16.43,4.55,7.3,26.25198332,83.75077264
20100218,0.0,30.18,28.09,12.23,15.86,3.78,4.17,26.25198332,83.75077264
20100219,0.0,30.44,28.21,9.53,18.68,2.56,5.37,26.25198332,83.75077264
20100220,0.0,30.57,28.81,9.91,18.91,2.42,4.41,26.25198332,83.75077264
20100221,0.0,30.33,29.39,9.19,20.2,2.04,3.46,26.25198332,83.75077264
20100222,0.0,26.74,30.11,14.55,15.55,2.0,3.2,26.25198332,83.75077264
20100223,0.01,28.6,30.84,15.82,15.02,2.27,4.21,26.25198332,83.75077264
20100224,0.04,35.59,31.07,15.37,15.7,4.1,6.77,26.25198332,83.75077264
20100225,0.0,37.87,30.91,14.05,16.86,2.73,4.45,26.25198332,83.75077264
20100226,0.0,33.85,31.36,13.26,18.1,1.88,2.63,26.25198332,83.75077264
20100227,1.33,38.35,32.41,13.27,19.14,3.96,5.65,26.25198332,83.75077264
20100228,0.0,34.83,32.91,14.03,18.87,5.45,6.79,26.25198332,83.75077264
20100301,0.0,32.34,33.74,16.77,16.97,5.33,6.64,26.25198332,83.75077264
20100302,0.0,28.77,35.44,15.73,19.72,5.47,6.43,26.25198332,83.75077264
20100303,0.0,26.99,33.88,16.63,17.24,5.04,5.72,26.25198332,83.75077264
20100304,0.0,28.04,35.74,16.51,19.23,4.94,4.57,26.25198332,83.75077264
20100305,0.0,28.04,36.53,18.85,17.68,5.82,7.99,26.25198332,83.75077264
20100306,0.0,27.89,34.6,18.41,16.19,4.98,5.76,26.25198332,83.75077264
20100307,0.0,27.72,35.33,16.52,18.81,5.27,5.6,26.25198332,83.75077264
20100308,0.0,25.89,34.65,17.19,17.46,4.28,4.94,26.25198332,83.75077264
20100309,0.0,20.69,34.33,14.86,19.47,2.23,4.66,26.25198332,83.75077264
20100310,0.0,21.18,34.35,14.69,19.66,3.0,4.74,26.25198332,83.75077264
20100311,0.0,21.73,34.39,14.15,20.23,2.77,4.44,26.25198332,83.75077264
20100312,0.0,19.25,35.64,14.9,20.74,4.12,5.78,26.25198332,83.75077264
20100313,0.0,20.89,36.52,15.12,21.4,5.46,6.71,26.25198332,83.75077264
20100314,0.0,21.58,36.15,16.08,20.07,2.98,3.48,26.25198332,83.75077264
20100315,0.0,19.64,37.41,19.72,17.69,1.58,3.17,26.25198332,83.75077264
20100316,0.0,19.2,37.31,19.26,18.05,4.4,6.49,26.25198332,83.75077264
20100317,0.0,22.52,37.13,17.8,19.33,2.49,6.31,26.25198332,83.75077264
20100318,0.0,19.92,37.71,18.96,18.75,2.87,6.12,26.25198332,83.75077264
20100319,0.0,21.27,38.13,21.06,17.06,3.7,5.45,26.25198332,83.75077264
20100320,0.0,23.65,38.77,19.46,19.32,1.23,4.15,26.25198332,83.75077264
20100321,0.0,23.73,40.05,21.31,18.74,2.67,4.15,26.25198332,83.75077264
20100322,0.0,15.92,41.79,21.12,20.67,5.5,5.07,26.25198332,83.75077264
20100323,0.0,13.96,42.34,20.91,21.42,4.8,5.09,26.25198332,83.75077264
20100324,0.0,13.25,42.37,20.34,22.03,4.81,5.71,26.25198332,83.75077264
20100325,0.0,13.48,41.3,21.62,19.68,3.9,3.53,26.25198332,83.75077264
20100326,0.0,13.31,41.88,22.55,19.32,1.56,2.68,26.25198332,83.75077264
20100327,0.0,13.94,41.57,23.7,17.88,4.61,5.78,26.25198332,83.75077264
20100328,0.0,13.92,41.28,22.27,19.01,5.37,5.8,26.25198332,83.75077264
20100329,0.0,13.15,40.95,22.38,18.57,5.22,4.98,26.25198332,83.75077264
20100330,0.0,12.9,41.35,21.54,19.81,3.32,4.19,26.25198332,83.75077264
20100331,0.0,13.94,41.28,22.7,18.58,6.16,7.81,26.25198332,83.75077264
20100401,0.0,13.04,41.45,23.57,17.88,3.08,4.58,26.25198332,83.75077264
20100402,0.0,10.82,41.52,21.75,19.76,3.05,4.18,26.25198332,83.75077264
20100403,0.0,11.28,42.27,23.21,19.06,3.67,6.08,26.25198332,83.75077264
20100404,0.0,11.84,41.61,23.71,17.9,3.95,4.76,26.25198332,83.75077264
20100405,0.0,10.85,41.74,21.64,20.1,4.24,4.99,26.25198332,83.75077264
20100406,0.0,10.78,41.58,23.97,17.61,5.0,4.88,26.25198332,83.75077264
20100407,0.0,7.06,41.63,20.73,20.9,2.76,5.59,26.25198332,83.75077264
20100408,0.0,7.04,42.23,21.51,20.72,3.35,6.25,26.25198332,83.75077264
20100409,0.0,8.8,41.76,21.85,19.91,3.9,5.96,26.25198332,83.75077264
20100410,0.0,10.07,42.02,24.83,17.19,4.68,7.23,26.25198332,83.75077264
20100411,0.0,10.31,44.34,24.16,20.18,3.58,5.57,26.25198332,83.75077264
20100412,0.0,9.61,44.56,24.1,20.47,3.2,4.79,26.25198332,83.75077264
20100413,0.0,12.66,42.91,24.29,18.63,3.52,6.37,26.25198332,83.75077264
20100414,0.0,13.5,42.91,25.3,17.61,2.76,5.52,26.25198332,83.75077264
20100415,0.0,11.16,42.61,24.85,17.76,3.71,5.95,26.25198332,83.75077264
20100416,0.0,15.75,43.87,23.52,20.35,3.06,4.6,26.25198332,83.75077264
20100417,0.0,16.55,44.42,23.92,20.5,4.05,5.63,26.25198332,83.75077264
20100418,0.0,14.34,45.35,26.05,19.3,3.67,3.93,26.25198332,83.75077264
20100419,0.0,24.12,43.75,25.55,18.2,4.72,6.37,26.25198332,83.75077264
20100420,0.0,15.53,45.12,26.37,18.75,3.48,4.3,26.25198332,83.75077264
20100421,0.0,13.61,44.61,27.99,16.62,3.1,4.44,26.25198332,83.75077264
20100422,0.0,13.55,44.53,28.98,15.55,4.18,2.33,26.25198332,83.75077264
20100423,0.0,13.56,43.7,27.03,16.67,3.51,5.02,26.25198332,83.75077264
20100424,0.0,11.05,43.84,26.38,17.46,4.99,6.03,26.25198332,83.75077264
20100425,0.0,12.11,43.9,24.63,19.28,4.05,4.69,26.25198332,83.75077264
20100426,0.0,11.25,43.56,26.22,17.34,2.92,5.2,26.25198332,83.75077264
20100427,0.0,14.73,43.5,24.83,18.67,4.14,8.22,26.25198332,83.75077264
20100428,0.0,28.79,41.69,27.83,13.86,5.43,8.77,26.25198332,83.75077264
20100429,0.0,24.34,42.76,27.84,14.92,3.75,6.8,26.25198332,83.75077264
20100430,0.0,28.99,41.81,28.12,13.69,5.43,7.54,26.25198332,83.75077264
20100501,3.08,34.58,41.81,28.6,13.21,5.36,8.09,26.25198332,83.75077264
20100502,1.13,39.33,39.45,29.18,10.27,4.52,6.49,26.25198332,83.75077264
20100503,0.78,28.76,40.77,28.14,12.63,2.89,4.86,26.25198332,83.75077264
20100504,0.05,26.54,41.8,26.35,15.45,2.39,5.41,26.25198332,83.75077264
20100505,1.43,30.27,41.79,27.5,14.28,3.66,5.81,26.25198332,83.75077264
20100506,4.66,40.39,38.46,29.33,9.13,2.73,2.55,26.25198332,83.75077264
20100507,6.37,51.78,36.32,27.03,9.29,3.62,5.75,26.25198332,83.75077264
20100508,0.0,42.55,40.1,25.72,14.38,4.86,6.17,26.25198332,83.75077264
20100509,0.04,27.57,42.29,26.83,15.46,5.0,5.59,26.25198332,83.75077264
20100510,0.0,22.28,43.5,27.26,16.24,3.83,3.75,26.25198332,83.75077264
20100511,0.0,17.88,44.83,26.45,18.38,4.1,5.0,26.25198332,83.75077264
20100512,0.0,15.29,44.81,26.99,17.82,3.46,4.49,26.25198332,83.75077264
20100513,0.0,12.97,45.49,28.46,17.03,5.25,6.15,26.25198332,83.75077264
20100514,0.0,12.26,46.04,29.59,16.45,3.3,7.21,26.25198332,83.75077264
20100515,0.04,15.35,45.76,28.08,17.68,2.31,3.37,26.25198332,83.75077264
20100516,0.46,14.25,44.87,28.75,16.12,3.36,4.61,26.25198332,83.75077264
20100517,0.0,13.21,46.38,29.72,16.66,4.3,7.95,26.25198332,83.75077264
20100518,0.0,30.76,43.89,30.12,13.77,4.76,7.09,26.25198332,83.75077264
20100519,0.02,31.44,44.02,31.4,12.62,5.41,7.62,26.25198332,83.75077264
20100520,3.35,34.89,42.36,32.15,10.21,3.67,5.94,26.25198332,83.75077264
20100521,1.06,35.69,43.36,29.84,13.52,5.73,7.6,26.25198332,83.75077264
20100522,0.09,33.72,43.11,29.76,13.35,4.29,6.4,26.25198332,83.75077264
20100523,5.68,37.25,41.38,30.78,10.59,2.65,5.19,26.25198332,83.75077264
20100524,2.13,40.59,41.85,28.8,13.05,3.66,4.72,26.25198332,83.75077264
20100525,0.04,24.57,45.07,28.95,16.11,4.21,6.12,26.25198332,83.75077264
20100526,1.05,29.24,43.83,26.56,17.27,5.19,6.85,26.25198332,83.75077264
20100527,0.94,31.74,42.31,26.73,15.58,3.53,5.2,26.25198332,83.75077264
20100528,0.86,34.9,41.53,28.59,12.95,5.15,7.04,26.25198332,83.75077264
20100529,0.0,35.78,41.79,28.57,13.22,6.58,8.04,26.25198332,83.75077264
20100530,1.56,34.67,41.91,29.45,12.46,5.13,5.66,26.25198332,83.75077264
20100531,2.76,31.73,43.02,28.74,14.29,4.01,5.73,26.25198332,83.75077264
20100601,0.0,16.57,45.62,29.7,15.92,6.01,6.91,26.25198332,83.75077264
20100602,0.0,14.72,45.79,30.29,15.5,3.87,4.75,26.25198332,83.75077264
20100603,0.0,23.89,45.21,28.85,16.36,4.38,5.89,26.25198332,83.75077264
20100604,0.0,28.04,44.53,32.56,11.97,3.45,2.91,26.25198332,83.75077264
20100605,0.0,25.69,43.94,32.82,11.12,4.63,4.92,26.25198332,83.75077264
20100606,0.0,19.71,42.85,32.98,9.87,4.85,2.47,26.25198332,83.75077264
20100607,0.0,17.8,44.91,30.17,14.74,5.19,2.69,26.25198332,83.75077264
20100608,0.0,20.66,44.92,30.33,14.59,3.41,6.26,26.25198332,83.75077264
20100609,0.0,24.61,43.9,32.15,11.75,3.41,5.51,26.25198332,83.75077264
20100610,0.0,22.22,43.31,30.01,13.3,2.01,4.75,26.25198332,83.75077264
20100611,0.0,26.05,44.34,30.45,13.89,5.52,8.1,26.25198332,83.75077264
20100612,0.04,32.57,43.71,31.33,12.38,4.42,6.56,26.25198332,83.75077264
20100613,8.64,41.01,39.99,31.64,8.34,5.66,7.97,26.25198332,83.75077264
20100614,14.52,45.39,40.86,30.02,10.85,5.86,8.38,26.25198332,83.75077264
20100615,0.42,38.66,42.9,29.93,12.98,2.42,4.89,26.25198332,83.75077264
20100616,1.27,35.2,43.26,30.81,12.45,3.88,5.65,26.25198332,83.75077264
20100617,3.46,46.43,38.72,31.79,6.93,3.03,5.33,26.25198332,83.75077264
20100618,0.52,52.48,38.33,29.34,8.98,2.79,3.08,26.25198332,83.75077264
20100619,1.47,48.74,40.48,29.42,11.06,2.0,3.83,26.25198332,83.75077264
20100620,6.97,49.75,39.13,30.95,8.18,3.69,5.2,26.25198332,83.75077264
20100621,0.92,46.34,41.39,30.02,11.36,3.34,5.68,26.25198332,83.75077264
20100622,0.91,42.86,42.35,30.75,11.6,6.05,8.44,26.25198332,83.75077264
20100623,6.39,50.61,40.58,30.91,9.66,3.73,5.67,26.25198332,83.75077264
20100624,5.97,52.84,38.72,29.56,9.16,4.04,6.32,26.25198332,83.75077264
20100625,3.1,54.95,37.52,28.66,8.86,4.89,6.44,26.25198332,83.75077264
20100626,0.55,48.14,40.77,29.45,11.32,1.38,2.72,26.25198332,83.75077264
20100627,1.77,49.53,39.78,29.91,9.87,5.64,7.31,26.25198332,83.75077264
20100628,2.41,45.2,42.16,30.11,12.05,3.91,5.83,26.25198332,83.75077264
20100629,4.65,45.53,41.45,31.27,10.18,3.52,6.07,26.25198332,83.75077264
20100630,5.59,48.22,40.29,30.5,9.79,3.18,5.85,26.25198332,83.75077264
20100701,1.42,46.24,39.86,29.97,9.89,4.21,5.41,26.25198332,83.75077264
20100702,5.93,58.58,36.46,28.38,8.08,3.27,5.05,26.25198332,83.75077264
20100703,0.02,52.98,37.93,28.59,9.34,4.62,3.19,26.25198332,83.75077264
20100704,0.31,49.27,40.26,29.19,11.07,4.88,5.11,26.25198332,83.75077264
20100705,0.13,48.26,39.24,28.92,10.32,3.84,3.81,26.25198332,83.75077264
20100706,0.0,43.83,41.13,29.64,11.49,2.71,4.51,26.25198332,83.75077264
20100707,0.0,45.79,40.41,29.97,10.44,3.02,2.74,26.25198332,83.75077264
20100708,0.0,42.8,41.21,30.16,11.05,3.3,3.94,26.25198332,83.75077264
20100709,4.7,44.74,40.88,31.67,9.21,2.16,4.55,26.25198332,83.75077264
20100710,11.68,55.19,39.21,31.32,7.89,3.34,5.44,26.25198332,83.75077264
20100711,61.56,79.49,34.2,28.86,5.34,2.66,4.45,26.25198332,83.75077264
20100712,38.25,81.34,31.88,27.62,4.26,3.64,4.31,26.25198332,83.75077264
20100713,26.73,80.3,31.97,26.33,5.64,2.08,3.77,26.25198332,83.75077264
20100714,17.07,79.54,33.84,26.51,7.33,2.85,2.74,26.25198332,83.75077264
20100715,1.56,78.46,34.68,27.22,7.46,2.45,4.19,26.25198332,83.75077264
20100716,0.27,76.38,34.96,27.04,7.92,1.85,1.94,26.25198332,83.75077264
20100717,12.92,74.7,35.06,27.24,7.82,2.92,4.78,26.25198332,83.75077264
20100718,28.24,73.24,35.18,28.61,6.57,1.92,4.23,26.25198332,83.75077264
20100719,50.82,89.04,31.01,27.62,3.39,1.87,3.04,26.25198332,83.75077264
20100720,24.92,84.01,31.36,26.66,4.71,3.35,5.07,26.25198332,83.75077264
20100721,4.9,82.4,33.1,26.22,6.89,1.97,2.48,26.25198332,83.75077264
20100722,1.3,77.37,34.24,26.44,7.79,3.77,6.2,26.25198332,83.75077264
20100723,1.4,74.05,34.74,28.22,6.52,1.79,2.41,26.25198332,83.75077264
20100724,1.87,81.63,32.64,27.76,4.88,2.42,4.22,26.25198332,83.75077264
20100725,3.65,80.38,33.8,25.96,7.84,5.38,4.68,26.25198332,83.75077264
20100726,7.68,84.01,32.07,26.32,5.75,5.07,5.53,26.25198332,83.75077264
20100727,11.4,87.11,30.72,26.23,4.49,5.73,5.66,26.25198332,83.75077264
20100728,1.18,78.86,34.14,25.35,8.79,3.14,3.7,26.25198332,83.75077264
20100729,0.03,77.59,34.33,26.25,8.08,5.83,6.9,26.25198332,83.75077264
20100730,1.49,81.21,33.36,23.9,9.46,5.46,5.53,26.25198332,83.75077264
20100731,5.74,86.65,30.61,25.88,4.73,3.23,2.51,26.25198332,83.75077264
20100801,5.24,83.6,32.07,25.31,6.76,6.24,6.64,26.25198332,83.75077264
20100802,2.8,80.98,32.51,25.66,6.84,3.89,5.02,26.25198332,83.75077264
20100803,8.85,81.13,33.21,25.56,7.65,3.37,3.52,26.25198332,83.75077264
20100804,5.13,80.07,33.78,25.82,7.97,2.44,2.99,26.25198332,83.75077264
20100805,0.71,81.41,32.5,25.97,6.53,3.29,4.89,26.25198332,83.75077264
20100806,0.03,76.44,34.74,26.92,7.82,4.49,3.93,26.25198332,83.75077264
20100807,0.0,76.77,34.66,26.37,8.29,3.67,2.48,26.25198332,83.75077264
20100808,0.3,78.4,32.13,25.59,6.55,3.83,6.96,26.25198332,83.75077264
20100809,1.47,72.58,34.96,26.15,8.81,1.05,2.15,26.25198332,83.75077264
20100810,1.2,69.85,34.97,27.72,7.25,0.72,0.91,26.25198332,83.75077264
20100811,10.21,74.15,34.36,27.93,6.42,2.49,3.24,26.25198332,83.75077264
20100812,19.12,78.02,33.89,27.41,6.47,2.2,4.56,26.25198332,83.75077264
20100813,30.93,82.33,32.8,27.08,5.73,2.73,3.62,26.25198332,83.75077264
20100814,3.0,81.06,32.28,26.93,5.35,2.61,3.51,26.25198332,83.75077264
20100815,5.56,85.24,31.91,26.83,5.08,3.99,6.13,26.25198332,83.75077264
20100816,5.27,81.99,33.73,26.35,7.38,2.64,5.46,26.25198332,83.75077264
20100817,6.6,82.59,33.4,26.51,6.89,2.23,1.81,26.25198332,83.75077264
20100818,16.16,87.34,31.45,26.86,4.59,2.61,2.94,26.25198332,83.75077264
20100819,18.03,89.53,31.28,26.48,4.8,3.23,3.51,26.25198332,83.75077264
20100820,15.3,85.9,32.7,25.99,6.71,2.79,2.24,26.25198332,83.75077264
20100821,23.94,86.35,31.06,26.61,4.45,1.24,3.05,26.25198332,83.75077264
20100822,29.54,86.06,31.91,26.24,5.67,1.62,1.48,26.25198332,83.75077264
20100823,18.27,88.54,31.37,25.99,5.37,1.14,0.98,26.25198332,83.75077264
20100824,7.61,90.06,29.75,26.12,3.63,2.49,4.01,26.25198332,83.75077264
20100825,3.8,91.6,29.52,25.5,4.03,3.08,2.52,26.25198332,83.75077264
20100826,0.41,84.37,32.13,24.95,7.18,1.69,3.58,26.25198332,83.75077264
20100827,25.87,84.17,32.48,26.1,6.37,1.77,1.85,26.25198332,83.75077264
20100828,7.75,89.89,30.65,25.46,5.19,3.12,2.18,26.25198332,83.75077264
20100829,5.56,85.43,32.76,24.71,8.04,1.95,2.51,26.25198332,83.75077264
20100830,0.01,88.24,31.45,26.16,5.29,2.51,2.73,26.25198332,83.75077264
20100831,0.1,86.63,32.09,26.37,5.72,2.87,2.75,26.25198332,83.75077264
20100901,0.46,88.93,31.54,26.12,5.41,2.09,1.61,26.25198332,83.75077264
20100902,1.34,87.15,32.34,25.78,6.56,2.63,1.0,26.25198332,83.75077264
20100903,2.5,86.99,32.1,26.35,5.75,2.71,2.89,26.25198332,83.75077264
20100904,1.67,84.41,32.63,25.79,6.84,2.48,4.56,26.25198332,83.75077264
20100905,0.06,82.48,33.1,25.63,7.48,1.74,4.18,26.25198332,83.75077264
20100906,6.34,82.29,33.21,25.7,7.51,1.76,4.57,26.25198332,83.75077264
20100907,2.84,89.96,30.77,26.0,4.77,2.59,2.77,26.25198332,83.75077264
20100908,3.48,87.63,31.65,26.09,5.56,2.29,2.51,26.25198332,83.75077264
20100909,1.85,89.7,30.27,25.78,4.49,1.92,1.77,26.25198332,83.75077264
20100910,3.7,88.11,31.19,25.43,5.77,2.91,4.29,26.25198332,83.75077264
20100911,11.62,85.61,31.78,25.58,6.2,2.56,2.95,26.25198332,83.75077264
20100912,5.09,89.68,30.52,25.38,5.14,3.89,4.14,26.25198332,83.75077264
20100913,4.14,88.37,31.27,25.68,5.59,1.79,3.03,26.25198332,83.75077264
20100914,24.53,87.2,31.45,25.26,6.19,2.32,4.36,26.25198332,83.75077264
20100915,28.7,92.35,28.42,24.76,3.66,2.43,3.87,26.25198332,83.75077264
20100916,35.92,92.96,28.18,24.44,3.73,3.88,4.43,26.25198332,83.75077264
20100917,48.1,91.6,29.11,24.4,4.71,3.54,3.09,26.25198332,83.75077264
20100918,20.08,92.08,28.3,24.71,3.59,4.17,4.14,26.25198332,83.75077264
20100919,1.77,89.62,29.14,24.41,4.73,3.21,2.5,26.25198332,83.75077264
20100920,1.31,87.11,30.92,24.27,6.66,3.75,3.36,26.25198332,83.75077264
20100921,1.11,87.26,31.14,24.96,6.18,2.61,4.2,26.25198332,83.75077264
20100922,7.04,82.89,31.36,24.52,6.84,1.02,2.29,26.25198332,83.75077264
20100923,3.49,78.8,30.98,24.74,6.24,1.19,2.39,26.25198332,83.75077264
20100924,0.0,77.52,31.54,22.92,8.62,2.44,3.1,26.25198332,83.75077264
20100925,0.0,76.72,31.69,23.73,7.96,1.46,2.11,26.25198332,83.75077264
20100926,0.0,83.18,31.4,23.88,7.51,1.18,3.64,26.25198332,83.75077264
20100927,0.0,83.99,30.94,22.98,7.97,2.16,2.38,26.25198332,83.75077264
20100928,0.0,85.11,30.22,21.98,8.25,2.04,2.43,26.25198332,83.75077264
20100929,0.0,78.62,30.47,20.84,9.63,2.01,3.98,26.25198332,83.75077264
20100930,0.0,75.94,30.5,21.79,8.7,1.05,1.62,26.25198332,83.75077264
20101001,0.0,77.26,31.79,22.13,9.67,1.53,2.22,26.25198332,83.75077264
20101002,0.0,77.89,32.54,23.49,9.05,1.5,2.78,26.25198332,83.75077264
20101003,0.0,80.0,32.62,23.61,9.01,2.07,3.47,26.25198332,83.75077264
20101004,0.72,81.31,31.38,23.4,7.97,2.26,2.7,26.25198332,83.75077264
20101005,4.27,76.67,31.1,22.15,8.96,2.08,4.33,26.25198332,83.75077264
20101006,2.21,82.07,30.41,21.23,9.18,0.79,3.61,26.25198332,83.75077264
20101007,4.36,86.17,29.69,22.55,7.14,3.72,2.39,26.25198332,83.75077264
20101008,0.11,83.01,29.32,21.75,7.57,3.84,5.82,26.25198332,83.75077264
20101009,0.0,82.98,30.33,21.79,8.54,3.3,3.29,26.25198332,83.75077264
20101010,0.79,78.86,31.36,21.23,10.13,3.38,4.97,26.25198332,83.75077264
20101011,0.36,75.8,31.06,22.28,8.78,2.01,4.07,26.25198332,83.75077264
20101012,0.0,77.9,30.52,20.96,9.56,1.92,4.41,26.25198332,83.75077264
20101013,0.0,74.02,30.67,21.65,9.03,1.54,1.65,26.25198332,83.75077264
20101014,0.02,76.48,30.92,21.92,8.99,1.53,2.8,26.25198332,83.75077264
20101015,0.82,82.47,31.83,22.85,8.98,1.59,3.95,26.25198332,83.75077264
20101016,9.9,90.6,28.44,23.85,4.59,3.04,1.56,26.25198332,83.75077264
20101017,17.29,88.9,27.82,21.82,6.0,2.97,1.34,26.25198332,83.75077264
20101018,1.49,85.63,30.14,21.63,8.51,3.54,4.38,26.25198332,83.75077264
20101019,0.06,83.94,30.38,22.75,7.63,1.16,2.91,26.25198332,83.75077264
20101020,3.53,78.9,30.5,23.12,7.39,1.31,3.57,26.25198332,83.75077264
20101021,5.41,79.84,30.0,22.67,7.33,1.43,3.44,26.25198332,83.75077264
20101022,0.37,76.18,29.98,21.79,8.19,1.18,1.71,26.25198332,83.75077264
20101023,0.0,78.55,29.67,20.55,9.12,1.81,3.66,26.25198332,83.75077264
20101024,0.0,79.97,29.97,18.97,11.01,1.43,2.68,26.25198332,83.75077264
20101025,0.0,73.28,28.64,18.27,10.37,1.53,2.3,26.25198332,83.75077264
20101026,0.0,70.24,28.87,17.0,11.87,1.76,2.87,26.25198332,83.75077264
20101027,0.0,71.57,28.94,17.32,11.62,1.41,3.15,26.25198332,83.75077264
20101028,0.0,68.83,27.9,15.45,12.45,2.11,4.07,26.25198332,83.75077264
20101029,0.0,66.85,27.47,15.0,12.47,1.8,3.07,26.25198332,83.75077264
20101030,0.18,69.99,28.09,14.44,13.65,2.25,3.31,26.25198332,83.75077264
20101031,0.67,70.52,27.5,16.37,11.13,2.09,4.07,26.25198332,83.75077264
20101101,0.02,73.19,27.43,15.79,11.64,2.25,4.08,26.25198332,83.75077264
20101102,0.01,67.42,27.76,17.39,10.37,1.63,2.54,26.25198332,83.75077264
20101103,0.0,69.93,28.0,16.9,11.1,2.4,3.12,26.25198332,83.75077264
20101104,0.0,71.02,28.07,16.77,11.3,1.79,2.54,26.25198332,83.75077264
20101105,0.0,67.12,28.28,17.05,11.23,1.62,2.65,26.25198332,83.75077264
20101106,0.0,68.53,29.05,16.91,12.15,1.94,2.59,26.25198332,83.75077264
20101107,0.0,73.81,30.38,18.05,12.33,2.03,4.34,26.25198332,83.75077264
20101108,0.0,74.82,30.29,18.67,11.62,2.46,4.71,26.25198332,83.75077264
20101109,0.0,76.4,29.98,19.88,10.1,1.74,2.96,26.25198332,83.75077264
20101110,0.0,72.88,29.48,19.91,9.57,2.18,3.45,26.25198332,83.75077264
20101111,0.0,67.93,28.39,17.58,10.8,1.32,2.29,26.25198332,83.75077264
20101112,0.0,67.26,27.27,17.34,9.94,1.74,2.33,26.25198332,83.75077264
20101113,0.01,68.41,28.04,17.05,10.99,1.85,3.3,26.25198332,83.75077264
20101114,0.04,72.29,27.97,16.02,11.95,1.71,4.22,26.25198332,83.75077264
20101115,0.0,72.89,29.17,16.77,12.4,1.99,4.52,26.25198332,83.75077264
20101116,0.01,76.5,28.33,18.69,9.63,1.16,3.78,26.25198332,83.75077264
20101117,0.02,77.46,27.94,18.79,9.15,3.16,4.55,26.25198332,83.75077264
20101118,0.14,75.81,28.05,18.76,9.29,2.15,2.61,26.25198332,83.75077264
20101119,0.01,77.37,27.9,18.25,9.66,3.35,4.14,26.25198332,83.75077264
20101120,0.0,70.7,26.99,15.01,11.98,2.12,3.54,26.25198332,83.75077264
20101121,0.0,64.62,25.13,11.18,13.95,3.46,6.19,26.25198332,83.75077264
20101122,0.0,64.56,24.46,14.21,10.26,2.06,4.23,26.25198332,83.75077264
20101123,0.0,68.42,24.95,13.88,11.07,2.36,3.46,26.25198332,83.75077264
20101124,0.0,66.54,27.45,13.9,13.54,2.38,3.17,26.25198332,83.75077264
20101125,0.0,69.28,26.69,15.42,11.27,1.81,3.59,26.25198332,83.75077264
20101126,0.0,81.13,26.36,16.36,10.0,2.55,2.6,26.25198332,83.75077264
20101127,1.0,77.58,26.95,18.09,8.86,2.84,5.35,26.25198332,83.75077264
20101128,0.84,70.71,25.5,16.28,9.22,3.8,6.0,26.25198332,83.75077264
20101129,0.0,64.96,26.44,14.91,11.53,3.36,4.48,26.25198332,83.75077264
20101130,0.0,62.94,24.74,11.14,13.61,2.11,4.92,26.25198332,83.75077264
20101201,0.0,54.66,23.8,11.03,12.76,1.93,3.97,26.25198332,83.75077264
20101202,0.0,52.14,24.32,11.99,12.32,1.92,3.09,26.25198332,83.75077264
20101203,0.0,53.44,23.75,11.54,12.21,1.46,2.36,26.25198332,83.75077264
20101204,0.0,55.12,24.45,11.55,12.9,2.33,3.9,26.25198332,83.75077264
20101205,0.0,56.12,24.8,11.58,13.22,1.75,2.87,26.25198332,83.75077264
20101206,0.0,54.11,25.91,11.23,14.68,2.25,3.83,26.25198332,83.75077264
20101207,0.0,58.7,25.86,13.51,12.35,2.06,3.85,26.25198332,83.75077264
20101208,0.78,62.94,26.12,16.78,9.34,1.59,3.09,26.25198332,83.75077264
20101209,0.12,73.58,26.26,16.61,9.65,1.08,2.94,26.25198332,83.75077264
20101210,0.0,65.05,27.03,15.65,11.38,2.35,5.62,26.25198332,83.75077264
20101211,0.0,67.29,24.68,13.25,11.43,2.4,5.53,26.25198332,83.75077264
20101212,0.0,61.81,21.22,8.5,12.73,3.62,5.78,26.25198332,83.75077264
20101213,0.0,58.24,23.39,10.42,12.97,1.69,3.43,26.25198332,83.75077264
20101214,0.0,62.01,21.45,8.61,12.84,2.26,3.89,26.25198332,83.75077264
20101215,0.0,58.68,21.79,7.1,14.69,1.55,3.77,26.25198332,83.75077264
20101216,0.0,57.5,22.01,7.61,14.4,1.66,4.22,26.25198332,83.75077264
20101217,0.0,62.04,22.03,7.25,14.78,1.69,2.99,26.25198332,83.75077264
20101218,0.0,58.0,23.03,6.82,16.2,1.56,3.78,26.25198332,83.75077264
20101219,0.0,60.15,22.09,7.27,14.82,1.61,4.9,26.25198332,83.75077264
20101220,0.0,60.29,20.59,5.14,15.45,1.97,4.09,26.25198332,83.75077264
20101221,0.0,55.83,20.57,5.57,15.0,1.5,2.8,26.25198332,83.75077264
20101222,0.0,49.44,20.69,5.09,15.6,1.54,3.63,26.25198332,83.75077264
20101223,0.0,47.92,21.5,7.31,14.2,2.5,4.34,26.25198332,83.75077264
20101224,0.0,52.91,22.56,8.18,14.38,1.88,3.62,26.25198332,83.75077264
20101225,0.0,53.11,22.32,6.98,15.34,2.04,3.54,26.25198332,83.75077264
20101226,0.0,49.82,21.09,8.81,12.28,1.75,2.58,26.25198332,83.75077264
20101227,0.0,52.57,21.92,7.97,13.94,2.6,2.9,26.25198332,83.75077264
20101228,0.0,57.46,23.24,7.09,16.15,1.39,1.62,26.25198332,83.75077264
20101229,0.0,58.71,23.79,8.29,15.51,1.43,1.89,26.25198332,83.75077264
20101230,0.0,53.38,25.73,10.34,15.39,1.96,2.29,26.25198332,83.75077264
20101231,1.5,62.91,24.96,10.45,14.51,2.69,4.09,26.25198332,83.75077264
20110101,1.06,71.43,21.88,10.34,11.54,5.45,7.5,26.25198332,83.75077264
20110102,0.0,57.75,21.11,6.15,14.97,2.01,4.45,26.25198332,83.75077264
20110103,0.0,57.43,19.71,5.97,13.74,1.91,5.24,26.25198332,83.75077264
20110104,0.0,63.26,18.42,4.22,14.2,1.41,3.8,26.25198332,83.75077264
20110105,0.0,67.67,18.0,3.9,14.1,1.35,3.2,26.25198332,83.75077264
20110106,0.0,58.3,19.78,3.4,16.38,2.14,3.42,26.25198332,83.75077264
20110107,0.0,51.8,20.13,3.94,16.18,3.03,6.18,26.25198332,83.75077264
20110108,0.0,42.02,20.19,6.12,14.07,2.41,3.99,26.25198332,83.75077264
20110109,0.0,47.54,21.97,5.09,16.88,2.18,6.26,26.25198332,83.75077264
20110110,0.0,55.67,20.41,4.88,15.53,2.99,4.42,26.25198332,83.75077264
20110111,0.0,50.59,20.36,3.74,16.62,2.24,5.2,26.25198332,83.75077264
20110112,0.0,48.84,19.42,4.29,15.13,1.81,3.2,26.25198332,83.75077264
20110113,0.0,46.48,22.01,6.03,15.97,2.28,3.09,26.25198332,83.75077264
20110114,0.0,48.65,24.75,7.59,17.16,2.92,5.57,26.25198332,83.75077264
20110115,0.0,53.11,25.28,9.83,15.45,1.84,3.78,26.25198332,83.75077264
20110116,0.0,49.25,22.18,8.53,13.64,6.9,8.6,26.25198332,83.75077264
20110117,0.0,42.74,20.95,4.29,16.66,3.24,4.61,26.25198332,83.75077264
20110118,0.0,37.92,22.37,8.3,14.07,3.33,3.87,26.25198332,83.75077264
20110119,0.0,45.74,22.33,6.21,16.12,3.98,4.72,26.25198332,83.75077264
20110120,0.0,47.73,21.25,7.07,14.18,2.44,4.49,26.25198332,83.75077264
20110121,0.0,47.81,21.5,7.78,13.72,3.29,4.01,26.25198332,83.75077264
20110122,0.0,46.96,23.67,6.71,16.96,1.88,3.46,26.25198332,83.75077264
20110123,0.0,48.62,25.07,9.5,15.57,2.74,3.04,26.25198332,83.75077264
20110124,0.0,45.19,25.67,9.48,16.18,2.86,4.05,26.25198332,83.75077264
20110125,0.0,43.81,26.23,11.41,14.82,2.04,3.56,26.25198332,83.75077264
20110126,0.09,49.88,23.97,12.68,11.29,2.43,6.03,26.25198332,83.75077264
20110127,0.0,49.82,25.36,9.09,16.27,2.3,3.58,26.25198332,83.75077264
20110128,0.0,39.79,24.65,8.73,15.92,1.86,5.21,26.25198332,83.75077264
20110129,0.03,42.6,23.96,8.55,15.41,2.15,3.63,26.25198332,83.75077264
20110130,0.19,51.93,25.82,11.13,14.69,2.79,4.06,26.25198332,83.75077264
20110131,0.0,48.44,26.37,11.68,14.69,4.67,8.07,26.25198332,83.75077264
20110201,0.0,48.23,25.55,8.86,16.69,3.19,5.37,26.25198332,83.75077264
20110202,0.0,47.94,25.15,9.99,15.16,2.26,4.07,26.25198332,83.75077264
20110203,0.0,48.54,25.12,9.35,15.77,1.62,1.92,26.25198332,83.75077264
20110204,0.0,47.11,26.53,10.21,16.31,1.44,1.59,26.25198332,83.75077264
20110205,0.0,45.24,26.71,11.84,14.87,1.07,1.57,26.25198332,83.75077264
20110206,0.0,42.86,28.1,12.72,15.38,2.27,2.7,26.25198332,83.75077264
20110207,0.0,40.43,29.83,12.12,17.7,2.81,3.34,26.25198332,83.75077264
20110208,0.0,39.83,29.9,14.54,15.36,3.6,8.04,26.25198332,83.75077264
20110209,0.0,37.08,28.72,10.82,17.89,2.62,3.08,26.25198332,83.75077264
20110210,0.0,36.48,28.02,8.15,19.87,3.34,5.47,26.25198332,83.75077264
20110211,0.0,34.06,28.33,9.48,18.86,2.9,3.68,26.25198332,83.75077264
20110212,0.0,36.05,28.68,8.99,19.7,2.55,3.72,26.25198332,83.75077264
20110213,0.0,39.73,30.35,11.82,18.53,3.15,3.39,26.25198332,83.75077264
20110214,0.0,41.54,30.75,12.84,17.91,2.95,7.02,26.25198332,83.75077264
20110215,0.33,44.66,29.96,16.64,13.32,1.98,5.45,26.25198332,83.75077264
20110216,10.18,66.1,27.52,15.33,12.19,5.01,6.11,26.25198332,83.75077264
20110217,0.17,60.79,26.26,14.9,11.36,3.99,5.53,26.25198332,83.75077264
20110218,0.0,44.48,26.31,11.08,15.23,3.38,3.11,26.25198332,83.75077264
20110219,0.0,37.5,26.56,11.15,15.4,2.86,4.33,26.25198332,83.75077264
20110220,0.0,35.06,27.59,11.54,16.05,3.06,3.97,26.25198332,83.75077264
20110221,0.0,37.1,27.74,12.8,14.94,3.3,5.54,26.25198332,83.75077264
20110222,0.0,46.5,27.84,10.15,17.69,1.91,3.69,26.25198332,83.75077264
20110223,0.0,40.26,29.33,12.53,16.8,2.19,3.33,26.25198332,83.75077264
20110224,0.02,35.78,29.27,12.87,16.4,3.57,3.6,26.25198332,83.75077264
20110225,0.8,50.28,27.23,14.54,12.69,4.56,6.08,26.25198332,83.75077264
20110226,0.11,50.71,29.36,12.98,16.38,2.72,4.67,26.25198332,83.75077264
20110227,0.0,39.49,30.39,13.74,16.65,4.34,7.04,26.25198332,83.75077264
20110228,0.0,31.17,29.71,11.46,18.25,3.41,4.13,26.25198332,83.75077264
20110301,0.0,30.31,30.46,10.07,20.39,2.34,4.36,26.25198332,83.75077264
20110302,0.0,35.63,31.96,12.7,19.26,1.96,2.54,26.25198332,83.75077264
20110303,0.08,37.28,33.33,15.44,17.89,2.8,6.26,26.25198332,83.75077264
20110304,2.76,46.54,30.38,18.0,12.38,4.46,6.08,26.25198332,83.75077264
20110305,0.0,39.36,33.38,16.5,16.88,4.11,6.05,26.25198332,83.75077264
20110306,0.0,25.97,32.78,14.42,18.36,4.98,6.04,26.25198332,83.75077264
20110307,0.0,25.14,34.01,14.92,19.09,4.68,5.3,26.25198332,83.75077264
20110308,0.0,25.3,34.72,15.67,19.05,5.95,6.67,26.25198332,83.75077264
20110309,0.03,30.68,34.66,17.55,17.1,1.56,5.01,26.25198332,83.75077264
20110310,0.01,29.91,34.76,17.18,17.57,2.62,7.18,26.25198332,83.75077264
20110311,0.0,30.7,33.99,17.93,16.06,2.97,7.48,26.25198332,83.75077264
20110312,0.0,28.14,32.73,15.42,17.31,2.4,4.23,26.25198332,83.75077264
20110313,0.0,28.11,32.4,13.86,18.55,2.27,2.55,26.25198332,83.75077264
20110314,0.0,24.61,34.02,17.12,16.9,2.28,3.58,26.25198332,83.75077264
20110315,0.0,25.85,35.27,16.16,19.11,2.08,3.62,26.25198332,83.75077264
20110316,0.0,23.77,36.39,17.13,19.26,3.5,4.14,26.25198332,83.75077264
20110317,0.0,23.24,36.66,17.98,18.68,2.53,4.87,26.25198332,83.75077264
20110318,0.0,25.99,36.67,16.98,19.68,3.04,5.32,26.25198332,83.75077264
20110319,0.0,21.88,39.71,20.24,19.46,6.0,7.09,26.25198332,83.75077264
20110320,0.0,19.83,39.21,19.26,19.94,4.03,4.77,26.25198332,83.75077264
20110321,0.0,17.66,37.52,18.92,18.6,4.05,5.02,26.25198332,83.75077264
20110322,0.0,17.19,37.29,15.54,21.74,3.01,3.47,26.25198332,83.75077264
20110323,0.0,16.25,37.62,19.77,17.86,4.29,5.03,26.25198332,83.75077264
20110324,0.0,17.59,37.87,21.27,16.59,3.42,6.53,26.25198332,83.75077264
20110325,0.0,25.57,38.04,20.4,17.64,1.94,3.93,26.25198332,83.75077264
20110326,0.0,21.07,38.1,21.3,16.81,3.13,4.69,26.25198332,83.75077264
20110327,0.0,18.22,37.8,20.42,17.38,2.77,5.98,26.25198332,83.75077264
20110328,0.49,27.3,37.37,19.1,18.27,4.13,7.34,26.25198332,83.75077264
20110329,0.0,35.37,36.91,20.95,15.97,6.02,7.85,26.25198332,83.75077264
20110330,0.93,40.87,35.87,21.76,14.11,5.3,7.59,26.25198332,83.75077264
20110331,3.74,32.8,36.12,22.3,13.83,5.61,6.88,26.25198332,83.75077264
20110401,0.0,22.19,37.33,19.19,18.14,4.41,5.5,26.25198332,83.75077264
20110402,0.0,21.07,38.19,20.13,18.06,2.69,4.83,26.25198332,83.75077264
20110403,0.0,22.04,39.25,20.65,18.61,2.71,6.09,26.25198332,83.75077264
20110404,1.09,29.22,35.75,24.01,11.73,6.11,6.59,26.25198332,83.75077264
20110405,0.0,19.22,37.23,20.23,17.0,2.64,3.46,26.25198332,83.75077264
20110406,0.0,14.28,37.79,18.29,19.5,3.42,4.69,26.25198332,83.75077264
20110407,0.0,13.14,39.02,21.15,17.87,4.52,5.36,26.25198332,83.75077264
20110408,0.0,15.76,39.1,22.52,16.57,2.28,2.57,26.25198332,83.75077264
20110409,0.0,17.13,39.07,22.62,16.44,3.57,6.29,26.25198332,83.75077264
20110410,0.0,21.19,38.9,21.83,17.08,2.84,4.91,26.25198332,83.75077264
20110411,0.0,18.44,39.88,24.68,15.2,4.04,5.1,26.25198332,83.75077264
20110412,0.6,22.48,36.75,24.9,11.85,4.65,5.65,26.25198332,83.75077264
20110413,0.21,35.37,34.7,22.55,12.15,4.35,5.46,26.25198332,83.75077264
20110414,0.04,29.33,38.15,23.57,14.58,3.21,3.21,26.25198332,83.75077264
20110415,0.12,23.65,38.6,24.04,14.56,3.2,3.9,26.25198332,83.75077264
20110416,0.07,19.95,40.11,22.53,17.58,1.99,3.63,26.25198332,83.75077264
20110417,0.0,19.6,41.2,23.13,18.07,3.13,5.17,26.25198332,83.75077264
20110418,0.13,27.06,40.04,24.91,15.12,2.77,5.49,26.25198332,83.75077264
20110419,7.14,40.15,39.39,25.11,14.28,4.59,7.78,26.25198332,83.75077264
20110420,0.0,30.71,39.21,23.81,15.4,3.43,3.92,26.25198332,83.75077264
20110421,0.0,16.83,39.3,21.27,18.03,2.83,3.73,26.25198332,83.75077264
20110422,0.0,21.2,39.23,23.11,16.12,2.43,3.93,26.25198332,83.75077264
20110423,0.0,21.96,40.44,22.09,18.35,2.83,5.64,26.25198332,83.75077264
20110424,0.0,17.66,40.86,23.17,17.69,2.53,4.57,26.25198332,83.75077264
20110425,7.29,28.72,38.9,24.17,14.74,1.69,5.41,26.25198332,83.75077264
20110426,2.35,50.98,34.56,22.46,12.1,5.82,4.71,26.25198332,83.75077264
20110427,0.0,42.75,37.82,23.52,14.29,3.93,4.15,26.25198332,83.75077264
20110428,0.0,40.25,38.18,23.84,14.33,2.52,5.85,26.25198332,83.75077264
20110429,0.1,34.3,39.76,25.64,14.12,4.57,6.81,26.25198332,83.75077264
20110430,0.02,37.39,40.46,25.73,14.73,4.09,6.1,26.25198332,83.75077264
20110501,0.01,29.71,42.64,25.6,17.04,6.46,7.62,26.25198332,83.75077264
20110502,0.0,16.35,43.94,24.66,19.28,4.18,5.07,26.25198332,83.75077264
20110503,0.36,18.26,43.9,29.51,14.39,2.48,5.15,26.25198332,83.75077264
20110504,4.28,29.37,41.37,26.91,14.46,4.22,7.47,26.25198332,83.75077264
20110505,0.28,40.59,38.49,27.15,11.33,4.23,5.93,26.25198332,83.75077264
20110506,0.0,34.14,40.93,26.75,14.18,2.56,5.36,26.25198332,83.75077264
20110507,6.76,38.8,38.78,27.88,10.91,2.58,6.01,26.25198332,83.75077264
20110508,0.28,34.88,39.94,26.75,13.19,3.47,4.09,26.25198332,83.75077264
20110509,0.0,26.53,41.78,26.12,15.66,3.11,3.84,26.25198332,83.75077264
20110510,0.0,22.26,43.95,25.75,18.2,4.38,5.06,26.25198332,83.75077264
20110511,0.0,20.22,43.9,28.04,15.86,3.64,4.01,26.25198332,83.75077264
20110512,0.08,20.11,44.52,27.81,16.71,5.41,7.58,26.25198332,83.75077264
20110513,0.66,33.88,42.55,28.02,14.53,4.63,7.1,26.25198332,83.75077264
20110514,0.84,29.32,43.06,27.51,15.56,3.43,6.51,26.25198332,83.75077264
20110515,0.47,23.01,44.53,27.82,16.71,2.91,6.81,26.25198332,83.75077264
20110516,0.85,23.38,44.04,27.88,16.16,3.95,7.23,26.25198332,83.75077264
20110517,0.11,38.94,41.59,30.13,11.46,6.55,8.31,26.25198332,83.75077264
20110518,5.9,41.64,41.05,31.07,9.99,3.21,5.51,26.25198332,83.75077264
20110519,7.06,55.51,36.42,27.76,8.66,2.68,5.15,26.25198332,83.75077264
20110520,1.27,49.04,38.08,25.43,12.65,5.23,6.32,26.25198332,83.75077264
20110521,12.74,49.29,38.3,27.34,10.97,3.33,5.48,26.25198332,83.75077264
20110522,15.43,52.7,37.74,27.55,10.18,2.32,4.27,26.25198332,83.75077264
20110523,0.31,40.65,40.74,27.04,13.71,5.12,5.88,26.25198332,83.75077264
20110524,0.0,31.65,42.32,28.96,13.36,4.43,4.93,26.25198332,83.75077264
20110525,0.3,32.2,41.63,27.29,14.34,3.23,6.22,26.25198332,83.75077264
20110526,12.91,52.32,38.59,28.13,10.46,3.86,4.78,26.25198332,83.75077264
20110527,0.29,44.09,41.33,28.33,13.0,1.79,3.7,26.25198332,83.75077264
20110528,0.14,40.96,40.65,29.15,11.5,2.76,5.48,26.25198332,83.75077264
20110529,0.0,43.18,40.45,29.05,11.4,3.43,5.6,26.25198332,83.75077264
20110530,2.08,41.41,40.47,29.14,11.33,3.87,6.74,26.25198332,83.75077264
20110531,0.04,38.16,40.68,29.12,11.57,2.47,2.99,26.25198332,83.75077264
20110601,0.0,33.43,42.05,30.02,12.03,2.86,3.27,26.25198332,83.75077264
20110602,0.0,34.5,43.1,28.41,14.69,2.97,4.12,26.25198332,83.75077264
20110603,0.0,32.41,42.74,29.05,13.69,2.1,4.62,26.25198332,83.75077264
20110604,0.0,25.94,42.59,28.8,13.79,3.22,3.77,26.25198332,83.75077264
20110605,0.0,20.3,43.34,26.23,17.11,3.52,7.05,26.25198332,83.75077264
20110606,0.0,31.03,42.63,26.62,16.01,3.08,6.35,26.25198332,83.75077264
20110607,6.16,37.65,41.07,28.92,12.15,2.63,5.89,26.25198332,83.75077264
20110608,1.43,41.41,39.76,29.32,10.44,3.8,6.26,26.25198332,83.75077264
20110609,0.44,42.76,39.46,28.97,10.49,6.33,8.75,26.25198332,83.75077264
20110610,0.0,35.4,42.09,30.2,11.89,4.6,7.2,26.25198332,83.75077264
20110611,0.0,32.82,41.46,29.26,12.2,3.62,2.83,26.25198332,83.75077264
20110612,0.33,30.1,42.73,29.24,13.5,3.57,6.3,26.25198332,83.75077264
20110613,7.12,48.25,38.27,30.65,7.62,4.07,5.82,26.25198332,83.75077264
20110614,1.72,45.91,39.78,28.95,10.83,1.93,4.54,26.25198332,83.75077264
20110615,7.62,47.62,39.31,30.23,9.08,3.32,5.87,26.25198332,83.75077264
20110616,7.48,50.29,39.21,29.77,9.44,3.19,4.09,26.25198332,83.75077264
20110617,12.89,57.35,36.95,29.53,7.42,4.09,5.42,26.25198332,83.75077264
20110618,19.08,63.36,34.44,27.99,6.45,5.49,6.99,26.25198332,83.75077264
20110619,16.87,68.92,32.98,26.62,6.36,5.12,5.41,26.25198332,83.75077264
20110620,33.21,74.17,33.36,25.66,7.69,5.24,6.18,26.25198332,83.75077264
20110621,1.33,67.47,35.9,26.85,9.05,6.64,6.2,26.25198332,83.75077264
20110622,0.06,64.49,37.07,27.46,9.61,3.05,2.31,26.25198332,83.75077264
20110623,0.09,60.38,37.89,28.76,9.13,3.94,3.14,26.25198332,83.75077264
20110624,1.8,57.79,38.33,29.24,9.09,2.41,2.91,26.25198332,83.75077264
20110625,2.41,64.23,36.06,28.61,7.45,4.52,4.66,26.25198332,83.75077264
20110626,14.17,72.67,34.5,27.52,6.98,2.55,2.35,26.25198332,83.75077264
20110627,8.06,71.08,36.51,27.02,9.5,2.73,3.15,26.25198332,83.75077264
20110628,10.19,74.97,34.06,26.36,7.71,4.09,3.99,26.25198332,83.75077264
20110629,40.05,82.32,31.62,26.57,5.05,3.79,3.7,26.25198332,83.75077264
20110630,27.72,84.6,31.65,26.18,5.47,3.56,3.89,26.25198332,83.75077264
20110701,19.08,82.05,32.17,26.31,5.86,5.71,4.75,26.25198332,83.75077264
20110702,54.83,87.59,30.94,27.19,3.75,3.25,3.67,26.25198332,83.75077264
20110703,13.84,82.42,32.64,26.27,6.37,4.37,4.74,26.25198332,83.75077264
20110704,2.98,75.79,34.64,26.45,8.19,2.37,5.26,26.25198332,83.75077264
20110705,3.16,80.63,32.83,26.67,6.16,3.87,2.5,26.25198332,83.75077264
20110706,0.15,77.91,33.22,26.18,7.04,2.5,3.92,26.25198332,83.75077264
20110707,1.75,78.67,33.49,25.88,7.61,2.34,2.91,26.25198332,83.75077264
20110708,3.12,78.83,33.81,25.72,8.09,2.03,3.42,26.25198332,83.75077264
20110709,3.67,76.61,34.19,26.57,7.62,2.28,1.85,26.25198332,83.75077264
20110710,5.77,77.91,33.91,27.13,6.78,3.58,4.48,26.25198332,83.75077264
20110711,2.85,82.22,33.34,26.15,7.19,3.73,3.27,26.25198332,83.75077264
20110712,5.57,82.08,32.99,27.39,5.6,3.33,4.02,26.25198332,83.75077264
20110713,1.67,83.29,32.75,26.73,6.03,2.04,2.84,26.25198332,83.75077264
20110714,0.0,82.72,32.82,26.32,6.5,1.15,2.99,26.25198332,83.75077264
20110715,1.77,82.06,33.51,26.45,7.06,2.84,3.28,26.25198332,83.75077264
20110716,4.18,80.68,33.39,26.68,6.71,2.94,2.32,26.25198332,83.75077264
20110717,3.3,78.36,34.11,26.22,7.89,3.55,2.46,26.25198332,83.75077264
20110718,5.07,77.49,34.75,26.05,8.7,4.17,4.92,26.25198332,83.75077264
20110719,28.58,89.93,30.52,27.37,3.15,3.65,4.23,26.25198332,83.75077264
20110720,23.04,86.73,31.06,26.38,4.68,2.7,4.74,26.25198332,83.75077264
20110721,4.05,83.19,32.93,25.93,7.0,3.1,3.94,26.25198332,83.75077264
20110722,3.25,81.34,33.65,26.56,7.1,5.24,6.02,26.25198332,83.75077264
20110723,1.24,81.08,32.6,25.69,6.91,4.25,3.72,26.25198332,83.75077264
20110724,0.45,81.72,32.48,25.3,7.18,3.45,3.07,26.25198332,83.75077264
20110725,0.2,79.85,33.36,25.39,7.97,2.81,2.83,26.25198332,83.75077264
20110726,0.19,75.98,35.0,25.87,9.13,2.53,3.59,26.25198332,83.75077264
20110727,14.01,86.46,31.67,26.74,4.93,1.7,2.8,26.25198332,83.75077264
20110728,16.44,83.19,33.48,26.38,7.1,2.16,2.59,26.25198332,83.75077264
20110729,3.11,81.01,33.53,26.89,6.64,1.41,1.88,26.25198332,83.75077264
20110730,7.17,78.57,33.49,27.17,6.32,1.34,3.29,26.25198332,83.75077264
20110731,17.39,82.31,33.38,26.38,7.0,2.33,4.79,26.25198332,83.75077264
20110801,4.19,86.16,31.88,26.66,5.22,1.74,3.03,26.25198332,83.75077264
20110802,7.44,80.97,33.16,27.22,5.94,1.01,2.08,26.25198332,83.75077264
20110803,12.98,87.66,31.01,27.63,3.38,1.07,2.88,26.25198332,83.75077264
20110804,15.26,82.32,33.62,26.33,7.29,1.42,3.56,26.25198332,83.75077264
20110805,8.4,82.82,33.13,27.14,5.99,1.78,2.18,26.25198332,83.75077264
20110806,29.24,86.26,32.08,26.93,5.15,4.73,5.6,26.25198332,83.75077264
20110807,21.5,90.12,31.05,26.19,4.86,4.12,4.55,26.25198332,83.75077264
20110808,9.23,87.18,31.28,26.08,5.19,5.25,5.39,26.25198332,83.75077264
20110809,21.04,86.58,31.29,25.41,5.88,6.86,7.66,26.25198332,83.75077264
20110810,17.74,90.61,28.59,25.87,2.73,3.71,4.37,26.25198332,83.75077264
20110811,12.49,88.63,31.21,25.91,5.29,4.29,3.75,26.25198332,83.75077264
20110812,0.95,87.16,31.51,25.39,6.13,3.91,3.63,26.25198332,83.75077264
20110813,8.72,87.72,31.18,25.07,6.11,5.76,6.14,26.25198332,83.75077264
20110814,19.46,91.82,29.33,25.84,3.49,3.68,3.54,26.25198332,83.75077264
20110815,24.5,87.26,31.32,25.94,5.38,3.77,5.69,26.25198332,83.75077264
20110816,7.68,88.86,30.62,25.48,5.14,2.57,2.55,26.25198332,83.75077264
20110817,10.2,90.52,30.36,25.14,5.21,1.77,3.53,26.25198332,83.75077264
20110818,11.23,88.83,29.56,25.52,4.04,1.28,2.62,26.25198332,83.75077264
20110819,3.13,89.12,29.87,24.65,5.21,3.06,2.75,26.25198332,83.75077264
20110820,0.13,84.54,31.75,25.11,6.64,3.11,2.58,26.25198332,83.75077264
20110821,0.0,79.32,33.27,24.55,8.72,2.04,4.7,26.25198332,83.75077264
20110822,10.49,80.43,33.38,27.26,6.12,1.73,3.61,26.25198332,83.75077264
20110823,7.41,88.53,31.25,26.47,4.77,2.26,3.55,26.25198332,83.75077264
20110824,2.67,83.36,32.23,26.57,5.65,1.98,4.34,26.25198332,83.75077264
20110825,13.68,87.54,31.27,25.49,5.78,3.4,3.92,26.25198332,83.75077264
20110826,1.03,85.63,32.25,25.47,6.78,3.13,5.32,26.25198332,83.75077264
20110827,0.05,85.75,32.26,25.83,6.43,4.15,2.89,26.25198332,83.75077264
20110828,6.37,85.69,32.3,24.86,7.44,2.8,1.88,26.25198332,83.75077264
20110829,0.17,87.01,32.08,25.62,6.47,3.19,1.91,26.25198332,83.75077264
20110830,0.0,85.77,32.53,25.83,6.69,2.54,2.02,26.25198332,83.75077264
20110831,0.0,85.34,32.59,25.81,6.77,2.74,2.64,26.25198332,83.75077264
20110901,2.14,84.65,32.34,25.56,6.78,3.23,3.05,26.25198332,83.75077264
20110902,2.68,90.32,29.13,25.27,3.86,6.17,6.51,26.25198332,83.75077264
20110903,2.05,88.39,30.2,24.66,5.54,6.85,6.46,26.25198332,83.75077264
20110904,0.52,84.75,32.08,25.11,6.97,3.62,3.43,26.25198332,83.75077264
20110905,0.27,84.22,32.75,25.08,7.67,3.49,3.88,26.25198332,83.75077264
20110906,3.84,84.42,32.25,25.21,7.04,2.35,3.2,26.25198332,83.75077264
20110907,8.33,83.36,31.83,25.41,6.42,1.68,3.66,26.25198332,83.75077264
20110908,5.02,84.92,31.87,25.31,6.56,2.07,2.42,26.25198332,83.75077264
20110909,3.93,86.91,31.52,25.09,6.43,4.4,3.46,26.25198332,83.75077264
20110910,0.9,85.73,31.64,25.6,6.04,6.57,6.91,26.25198332,83.75077264
20110911,0.69,84.71,32.16,25.61,6.55,4.17,3.52,26.25198332,83.75077264
20110912,0.17,80.37,32.9,24.88,8.02,2.02,4.47,26.25198332,83.75077264
20110913,0.05,78.57,33.27,25.65,7.62,2.22,3.42,26.25198332,83.75077264
20110914,14.47,81.84,32.07,26.55,5.52,1.24,2.28,26.25198332,83.75077264
20110915,12.82,85.53,31.23,25.57,5.66,2.72,2.82,26.25198332,83.75077264
20110916,11.33,84.69,31.41,25.09,6.31,2.0,3.83,26.25198332,83.75077264
20110917,6.3,85.34,31.1,24.81,6.29,1.51,2.13,26.25198332,83.75077264
20110918,5.76,85.05,32.1,24.84,7.26,1.62,3.08,26.25198332,83.75077264
20110919,10.93,84.13,31.89,24.84,7.05,1.5,1.56,26.25198332,83.75077264
20110920,15.13,82.86,30.18,24.72,5.45,2.16,2.49,26.25198332,83.75077264
20110921,6.53,81.85,31.36,24.2,7.16,1.36,3.48,26.25198332,83.75077264
20110922,4.58,86.32,31.19,24.53,6.66,3.03,4.8,26.25198332,83.75077264
20110923,4.18,91.53,29.2,24.41,4.79,3.11,2.34,26.25198332,83.75077264
20110924,32.15,91.48,29.51,24.69,4.82,3.21,2.57,26.25198332,83.75077264
20110925,44.0,91.08,28.41,23.73,4.68,3.73,4.03,26.25198332,83.75077264
20110926,7.7,84.99,30.81,23.64,7.17,5.94,7.62,26.25198332,83.75077264
20110927,0.27,85.56,30.93,23.54,7.39,2.5,2.38,26.25198332,83.75077264
20110928,0.0,84.06,30.85,22.4,8.45,1.75,2.55,26.25198332,83.75077264
20110929,0.0,85.69,30.83,23.27,7.57,1.78,1.78,26.25198332,83.75077264
20110930,0.0,85.09,30.9,23.02,7.88,1.08,3.48,26.25198332,83.75077264
20111001,0.0,85.19,31.32,22.26,9.06,1.6,2.22,26.25198332,83.75077264
20111002,0.0,85.31,30.9,21.94,8.96,1.53,3.55,26.25198332,83.75077264
20111003,0.0,84.98,31.4,22.57,8.84,1.35,2.0,26.25198332,83.75077264
20111004,0.47,78.21,31.46,22.46,9.0,1.96,4.41,26.25198332,83.75077264
20111005,0.04,75.58,31.54,23.98,7.56,1.51,2.4,26.25198332,83.75077264
20111006,0.0,75.87,32.5,23.8,8.71,1.65,2.99,26.25198332,83.75077264
20111007,0.1,76.75,31.88,23.38,8.5,1.03,2.13,26.25198332,83.75077264
20111008,0.18,75.02,31.4,23.99,7.42,0.8,1.35,26.25198332,83.75077264
20111009,0.01,75.25,32.0,23.74,8.27,1.69,2.93,26.25198332,83.75077264
20111010,0.0,75.4,31.85,22.58,9.27,2.05,4.2,26.25198332,83.75077264
20111011,0.0,80.09,31.58,21.71,9.87,1.16,3.66,26.25198332,83.75077264
20111012,0.0,78.0,30.48,19.91,10.57,1.38,3.05,26.25198332,83.75077264
20111013,0.0,74.54,30.26,18.33,11.93,0.93,2.58,26.25198332,83.75077264
20111014,0.0,78.72,30.43,19.69,10.74,0.81,2.9,26.25198332,83.75077264
20111015,0.0,78.1,31.0,19.9,11.1,0.75,3.54,26.25198332,83.75077264
20111016,0.0,69.71,30.71,17.49,13.22,1.38,4.31,26.25198332,83.75077264
20111017,0.01,69.32,30.57,20.13,10.44,1.66,3.17,26.25198332,83.75077264
20111018,0.01,74.22,30.25,22.2,8.05,1.55,2.57,26.25198332,83.75077264
20111019,0.0,74.91,30.96,21.52,9.44,2.22,5.21,26.25198332,83.75077264
20111020,0.32,62.96,30.73,18.51,12.23,2.36,5.28,26.25198332,83.75077264
20111021,0.34,69.23,29.34,19.86,9.47,3.62,5.67,26.25198332,83.75077264
20111022,0.01,73.02,28.73,17.46,11.27,2.94,4.22,26.25198332,83.75077264
20111023,0.0,76.48,30.08,19.04,11.05,1.98,4.54,26.25198332,83.75077264
20111024,0.0,76.97,29.92,18.98,10.94,1.43,3.55,26.25198332,83.75077264
20111025,0.0,72.1,30.33,18.69,11.63,2.52,4.91,26.25198332,83.75077264
20111026,0.0,69.58,30.35,20.02,10.33,2.89,6.22,26.25198332,83.75077264
20111027,0.0,69.04,29.97,16.95,13.02,1.61,4.24,26.25198332,83.75077264
20111028,0.0,65.04,28.93,15.51,13.42,1.5,3.61,26.25198332,83.75077264
20111029,0.0,55.45,28.24,16.6,11.63,1.99,2.61,26.25198332,83.75077264
20111030,0.0,63.08,27.13,15.18,11.95,0.95,1.93,26.25198332,83.75077264
20111031,0.0,63.6,27.46,15.8,11.66,1.45,2.51,26.25198332,83.75077264
20111101,0.0,69.67,27.6,16.24,11.37,2.05,3.89,26.25198332,83.75077264
20111102,0.0,70.61,27.14,15.68,11.45,1.78,3.29,26.25198332,83.75077264
20111103,0.0,70.65,27.74,15.94,11.8,1.92,3.48,26.25198332,83.75077264
20111104,0.0,71.67,27.93,17.01,10.91,2.04,3.55,26.25198332,83.75077264
20111105,0.0,74.69,28.03,17.12,10.91,2.42,5.7,26.25198332,83.75077264
20111106,0.0,75.55,27.7,15.56,12.14,1.92,3.05,26.25198332,83.75077264
20111107,0.0,70.26,27.99,16.69,11.31,2.13,3.08,26.25198332,83.75077264
20111108,0.0,67.02,27.57,15.57,12.0,2.48,4.97,26.25198332,83.75077264
20111109,0.0,67.78,27.73,14.05,13.68,1.66,4.18,26.25198332,83.75077264
20111110,0.0,66.55,26.82,14.27,12.55,1.82,3.62,26.25198332,83.75077264
20111111,0.0,67.09,27.66,16.3,11.37,1.86,3.15,26.25198332,83.75077264
20111112,0.0,65.89,27.76,16.89,10.87,1.55,2.59,26.25198332,83.75077264
20111113,0.0,65.6,28.79,16.71,12.08,1.84,2.94,26.25198332,83.75077264
20111114,0.0,61.8,28.56,17.03,11.53,1.65,2.84,26.25198332,83.75077264
20111115,0.0,66.32,27.22,16.75,10.47,2.7,5.84,26.25198332,83.75077264
20111116,0.0,68.5,27.34,14.06,13.28,1.43,3.63,26.25198332,83.75077264
20111117,0.0,66.1,27.64,14.43,13.21,2.75,3.65,26.25198332,83.75077264
20111118,0.0,60.85,27.04,14.66,12.38,1.46,2.2,26.25198332,83.75077264
20111119,0.0,60.9,27.07,15.07,12.0,1.09,1.64,26.25198332,83.75077264
20111120,0.0,64.09,28.12,16.11,12.01,2.46,2.82,26.25198332,83.75077264
20111121,0.0,64.74,28.62,16.17,12.45,2.01,2.24,26.25198332,83.75077264
20111122,0.0,60.85,28.81,16.03,12.78,1.35,2.57,26.25198332,83.75077264
20111123,0.0,59.94,29.38,15.83,13.54,2.06,2.13,26.25198332,83.75077264
20111124,0.0,62.38,28.57,15.16,13.41,2.37,3.73,26.25198332,83.75077264
20111125,0.0,61.61,28.93,16.08,12.84,2.1,4.87,26.25198332,83.75077264
20111126,0.0,66.28,27.24,13.62,13.63,1.33,4.17,26.25198332,83.75077264
20111127,0.0,64.75,25.95,12.98,12.97,1.64,3.09,26.25198332,83.75077264
20111128,0.0,64.74,26.12,12.05,14.08,2.02,2.96,26.25198332,83.75077264
20111129,0.0,60.11,25.88,12.01,13.87,1.76,3.98,26.25198332,83.75077264
20111130,0.0,54.15,24.74,11.1,13.64,2.03,4.09,26.25198332,83.75077264
20111201,0.0,53.61,25.52,12.9,12.62,1.84,2.95,26.25198332,83.75077264
20111202,0.0,59.89,27.66,14.51,13.15,2.74,6.02,26.25198332,83.75077264
20111203,0.0,65.24,26.82,13.64,13.17,1.96,4.62,26.25198332,83.75077264
20111204,0.0,68.46,25.73,13.39,12.34,1.43,3.12,26.25198332,83.75077264
20111205,0.0,57.85,25.43,12.36,13.06,1.73,2.52,26.25198332,83.75077264
20111206,0.0,55.57,24.81,12.42,12.4,1.46,2.11,26.25198332,83.75077264
20111207,0.0,57.0,24.37,12.42,11.95,1.59,2.44,26.25198332,83.75077264
20111208,0.0,57.98,25.55,13.25,12.3,1.1,1.65,26.25198332,83.75077264
20111209,0.0,60.24,26.25,12.21,14.03,2.12,2.84,26.25198332,83.75077264
20111210,0.0,63.56,26.55,13.57,12.98,1.69,3.39,26.25198332,83.75077264
20111211,0.0,55.58,24.84,11.98,12.85,1.72,4.3,26.25198332,83.75077264
20111212,0.0,53.17,23.67,11.69,11.98,2.29,4.82,26.25198332,83.75077264
20111213,0.0,64.61,24.0,9.82,14.17,1.44,3.93,26.25198332,83.75077264
20111214,0.0,55.82,22.89,8.33,14.56,1.47,4.27,26.25198332,83.75077264
20111215,0.0,46.69,22.1,8.92,13.18,2.64,2.97,26.25198332,83.75077264
20111216,0.0,47.38,21.18,7.85,13.33,2.29,3.93,26.25198332,83.75077264
20111217,0.0,49.78,20.77,6.1,14.67,1.88,2.76,26.25198332,83.75077264
20111218,0.0,48.89,20.12,7.5,12.62,2.27,3.62,26.25198332,83.75077264
20111219,0.0,53.27,20.73,6.68,14.05,1.65,3.3,26.25198332,83.75077264
20111220,0.0,52.87,19.68,6.07,13.61,2.58,4.28,26.25198332,83.75077264
20111221,0.0,52.38,21.51,5.36,16.15,2.0,3.18,26.25198332,83.75077264
20111222,0.0,56.12,22.21,6.64,15.57,1.77,3.83,26.25198332,83.75077264
20111223,0.0,54.81,22.53,7.02,15.51,2.62,3.23,26.25198332,83.75077264
20111224,0.0,43.88,23.03,6.3,16.73,1.23,3.1,26.25198332,83.75077264
20111225,0.0,38.01,22.49,7.13,15.36,1.85,2.96,26.25198332,83.75077264
20111226,0.0,42.92,21.87,8.38,13.49,2.42,3.73,26.25198332,83.75077264
20111227,0.0,45.45,22.59,8.21,14.38,1.82,3.07,26.25198332,83.75077264
20111228,0.0,50.28,24.6,10.33,14.28,2.27,3.65,26.25198332,83.75077264
20111229,0.0,56.6,24.5,9.71,14.79,2.43,4.21,26.25198332,83.75077264
20111230,0.0,53.78,25.15,11.07,14.08,2.33,3.95,26.25198332,83.75077264
20111231,0.12,50.41,26.1,13.12,12.99,2.11,3.4,26.25198332,83.75077264
20120101,7.85,68.17,23.3,13.34,9.96,5.04,8.64,26.25198332,83.75077264
20120102,11.0,81.56,22.1,13.88,8.22,2.94,4.18,26.25198332,83.75077264
20120103,0.0,68.92,23.55,11.88,11.67,1.82,4.39,26.25198332,83.75077264
20120104,0.0,62.9,23.49,11.13,12.36,2.03,4.71,26.25198332,83.75077264
20120105,0.0,61.03,23.69,10.98,12.72,2.54,5.32,26.25198332,83.75077264
20120106,0.01,59.59,24.36,10.88,13.48,2.35,5.16,26.25198332,83.75077264
20120107,0.33,73.82,24.66,12.52,12.14,1.98,3.17,26.25198332,83.75077264
20120108,0.07,78.24,21.03,15.16,5.88,2.89,2.55,26.25198332,83.75077264
20120109,1.03,71.42,22.3,13.11,9.19,3.91,5.76,26.25198332,83.75077264
20120110,0.0,63.82,22.65,10.09,12.56,3.36,7.55,26.25198332,83.75077264
20120111,0.0,57.87,19.91,5.85,14.06,1.43,4.97,26.25198332,83.75077264
20120112,0.0,62.62,19.91,5.63,14.28,2.9,4.45,26.25198332,83.75077264
20120113,0.0,53.19,20.55,5.61,14.94,2.72,3.97,26.25198332,83.75077264
20120114,0.0,51.97,20.56,3.92,16.64,2.22,4.03,26.25198332,83.75077264
20120115,0.0,48.43,22.79,5.85,16.95,2.26,3.8,26.25198332,83.75077264
20120116,0.02,46.48,24.95,8.73,16.22,2.03,4.43,26.25198332,83.75077264
20120117,0.38,53.97,23.52,10.77,12.75,2.66,5.41,26.25198332,83.75077264
20120118,0.15,55.02,24.94,11.24,13.7,2.39,4.88,26.25198332,83.75077264
20120119,0.02,57.43,24.39,11.68,12.7,2.5,3.34,26.25198332,83.75077264
20120120,0.0,67.82,22.19,10.73,11.46,2.81,5.94,26.25198332,83.75077264
20120121,0.0,53.56,22.45,9.24,13.21,2.6,2.65,26.25198332,83.75077264
20120122,0.0,45.05,21.72,5.38,16.33,1.54,5.22,26.25198332,83.75077264
20120123,0.0,43.88,21.2,6.54,14.66,1.98,2.99,26.25198332,83.75077264
20120124,0.0,43.71,23.64,5.49,18.15,1.78,3.66,26.25198332,83.75077264
20120125,0.0,45.04,24.89,6.65,18.24,2.25,3.47,26.25198332,83.75077264
20120126,0.0,47.54,25.78,9.25,16.53,3.02,4.55,26.25198332,83.75077264
20120127,0.0,46.38,24.73,8.71,16.02,3.69,3.92,26.25198332,83.75077264
20120128,0.0,46.27,24.14,8.73,15.41,3.88,7.66,26.25198332,83.75077264
20120129,0.0,54.68,23.59,8.85,14.74,1.5,3.54,26.25198332,83.75077264
20120130,0.0,39.94,24.02,6.92,17.1,1.35,4.21,26.25198332,83.75077264
20120131,0.0,41.55,23.91,6.8,17.11,3.14,5.3,26.25198332,83.75077264
20120201,0.0,39.83,23.08,6.03,17.05,2.72,4.58,26.25198332,83.75077264
20120202,0.0,42.65,24.41,5.73,18.67,1.81,4.68,26.25198332,83.75077264
20120203,0.0,40.17,24.85,6.95,17.9,1.97,4.2,26.25198332,83.75077264
20120204,0.0,39.35,24.76,9.54,15.22,1.78,4.17,26.25198332,83.75077264
20120205,0.0,38.02,28.09,11.08,17.01,2.16,5.18,26.25198332,83.75077264
20120206,0.0,43.09,28.47,11.49,16.97,4.31,5.65,26.25198332,83.75077264
20120207,0.0,45.51,29.25,11.42,17.82,2.55,4.61,26.25198332,83.75077264
20120208,5.45,70.19,22.95,13.52,9.44,2.62,3.31,26.25198332,83.75077264
20120209,0.0,48.61,22.96,8.91,14.06,3.64,4.68,26.25198332,83.75077264
20120210,0.0,38.03,23.73,4.72,19.01,1.89,4.63,26.25198332,83.75077264
20120211,0.0,37.62,23.53,5.85,17.68,1.24,3.6,26.25198332,83.75077264
20120212,0.0,37.96,24.02,7.16,16.86,1.58,3.37,26.25198332,83.75077264
20120213,0.23,38.88,26.17,9.49,16.69,2.2,5.69,26.25198332,83.75077264
20120214,0.2,45.7,29.43,12.24,17.19,3.43,7.76,26.25198332,83.75077264
20120215,0.06,41.93,29.68,14.31,15.38,2.56,5.99,26.25198332,83.75077264
20120216,0.32,53.15,27.87,13.82,14.05,2.23,5.38,26.25198332,83.75077264
20120217,0.06,45.58,28.57,14.79,13.78,3.14,5.57,26.25198332,83.75077264
20120218,0.0,30.47,28.67,10.4,18.27,3.51,4.93,26.25198332,83.75077264
20120219,0.0,32.82,28.64,8.75,19.89,3.56,4.52,26.25198332,83.75077264
20120220,0.0,39.55,30.22,10.4,19.82,3.14,3.95,26.25198332,83.75077264
20120221,0.0,38.79,30.91,12.69,18.22,3.67,4.3,26.25198332,83.75077264
20120222,0.0,35.7,33.1,16.04,17.06,3.06,5.56,26.25198332,83.75077264
20120223,0.0,35.29,34.63,14.6,20.02,5.18,6.67,26.25198332,83.75077264
20120224,0.0,34.89,33.43,14.71,18.71,4.44,6.14,26.25198332,83.75077264
20120225,0.0,32.69,32.73,14.09,18.64,4.59,6.21,26.25198332,83.75077264
20120226,0.0,23.08,32.28,13.15,19.12,5.34,6.09,26.25198332,83.75077264
20120227,0.0,24.45,30.69,10.43,20.27,4.46,4.68,26.25198332,83.75077264
20120228,0.0,26.93,31.74,11.63,20.11,3.85,4.33,26.25198332,83.75077264
20120229,0.0,29.4,30.89,14.81,16.08,5.3,6.41,26.25198332,83.75077264
20120301,0.0,29.37,30.87,12.81,18.06,3.6,4.2,26.25198332,83.75077264
20120302,0.0,27.38,30.83,12.62,18.21,4.14,4.19,26.25198332,83.75077264
20120303,0.0,27.35,31.61,11.59,20.02,4.49,4.85,26.25198332,83.75077264
20120304,0.0,32.16,32.58,12.88,19.7,5.07,5.71,26.25198332,83.75077264
20120305,0.0,35.02,33.68,15.47,18.21,3.24,3.76,26.25198332,83.75077264
20120306,0.0,34.61,34.83,18.39,16.44,5.43,7.66,26.25198332,83.75077264
20120307,0.0,30.15,33.07,19.11,13.96,4.57,7.25,26.25198332,83.75077264
20120308,0.0,22.95,32.75,14.74,18.01,3.14,7.25,26.25198332,83.75077264
20120309,0.0,18.99,31.02,12.42,18.59,2.38,5.32,26.25198332,83.75077264
20120310,0.0,16.71,30.71,11.46,19.25,2.81,6.22,26.25198332,83.75077264
20120311,0.0,17.33,32.39,11.75,20.64,2.25,6.0,26.25198332,83.75077264
20120312,0.52,21.6,33.54,14.24,19.31,3.08,6.85,26.25198332,83.75077264
20120313,13.16,61.57,28.68,16.34,12.34,5.6,6.48,26.25198332,83.75077264
20120314,0.0,50.27,29.71,15.33,14.38,4.97,7.13,26.25198332,83.75077264
20120315,0.0,30.21,31.65,12.33,19.32,5.13,6.32,26.25198332,83.75077264
20120316,0.0,25.78,32.32,12.1,20.22,3.75,5.77,26.25198332,83.75077264
20120317,0.0,23.17,34.26,15.97,18.28,3.01,6.18,26.25198332,83.75077264
20120318,0.0,30.01,33.73,15.05,18.68,2.95,6.48,26.25198332,83.75077264
20120319,0.0,33.33,35.5,16.81,18.69,3.12,4.79,26.25198332,83.75077264
20120320,0.0,29.01,37.03,18.99,18.04,3.44,4.13,26.25198332,83.75077264
20120321,0.0,22.33,38.81,20.77,18.04,5.73,9.78,26.25198332,83.75077264
20120322,0.0,14.74,35.14,14.82,20.33,4.03,4.33,26.25198332,83.75077264
20120323,0.0,14.01,36.15,12.93,23.22,4.61,5.69,26.25198332,83.75077264
20120324,0.0,15.54,37.27,16.49,20.78,4.34,5.45,26.25198332,83.75077264
20120325,0.0,17.09,36.83,16.71,20.12,2.1,2.18,26.25198332,83.75077264
20120326,0.0,15.96,38.23,17.9,20.33,1.84,2.23,26.25198332,83.75077264
20120327,0.0,15.11,39.7,21.41,18.29,3.59,4.52,26.25198332,83.75077264
20120328,0.0,16.77,40.04,19.64,20.4,4.33,5.76,26.25198332,83.75077264
20120329,0.0,17.73,37.86,20.78,17.08,6.5,5.77,26.25198332,83.75077264
20120330,0.0,15.73,37.57,18.07,19.49,3.3,5.77,26.25198332,83.75077264
20120331,0.0,15.18,38.27,19.44,18.82,1.27,2.66,26.25198332,83.75077264
20120401,0.0,17.62,39.55,19.98,19.57,1.84,4.31,26.25198332,83.75077264
20120402,0.0,19.71,38.94,21.4,17.54,2.79,5.27,26.25198332,83.75077264
20120403,0.0,18.7,40.38,21.94,18.45,2.76,5.32,26.25198332,83.75077264
20120404,0.0,20.42,41.39,24.56,16.84,1.94,2.39,26.25198332,83.75077264
20120405,0.02,20.88,40.18,24.43,15.75,3.39,5.07,26.25198332,83.75077264
20120406,5.02,25.7,38.11,24.97,13.14,2.68,3.21,26.25198332,83.75077264
20120407,4.48,31.96,38.12,22.3,15.82,2.71,5.21,26.25198332,83.75077264
20120408,0.79,30.23,38.36,21.85,16.5,2.62,5.38,26.25198332,83.75077264
20120409,0.27,24.0,39.38,23.67,15.71,2.66,3.13,26.25198332,83.75077264
20120410,0.01,29.03,39.13,22.49,16.64,5.58,7.76,26.25198332,83.75077264
20120411,3.03,38.99,36.82,23.16,13.66,6.03,7.28,26.25198332,83.75077264
20120412,2.39,39.33,38.0,22.26,15.74,4.61,6.63,26.25198332,83.75077264
20120413,0.01,27.27,39.86,23.0,16.86,3.89,5.54,26.25198332,83.75077264
20120414,0.0,26.36,39.36,24.23,15.13,3.89,7.34,26.25198332,83.75077264
20120415,1.52,30.59,37.72,23.31,14.41,3.1,2.51,26.25198332,83.75077264
20120416,0.08,29.05,37.37,22.21,15.17,4.64,4.29,26.25198332,83.75077264
20120417,0.0,25.83,39.5,21.88,17.61,4.57,3.66,26.25198332,83.75077264
20120418,0.0,24.95,40.81,23.79,17.02,5.29,5.83,26.25198332,83.75077264
20120419,0.0,23.75,41.3,25.1,16.2,6.12,7.08,26.25198332,83.75077264
20120420,0.0,19.49,40.89,26.4,14.5,3.82,5.91,26.25198332,83.75077264
20120421,0.0,22.68,40.97,26.83,14.14,3.64,4.26,26.25198332,83.75077264
20120422,0.0,19.74,39.81,23.93,15.88,6.8,5.6,26.25198332,83.75077264
20120423,0.0,19.37,40.99,24.67,16.32,5.7,6.63,26.25198332,83.75077264
20120424,0.0,17.84,42.36,24.3,18.06,4.14,4.54,26.25198332,83.75077264
20120425,0.0,17.56,42.67,25.71,16.96,3.07,5.86,26.25198332,83.75077264
20120426,0.09,19.1,42.17,26.02,16.15,3.51,4.72,26.25198332,83.75077264
20120427,0.29,18.89,42.48,26.19,16.29,3.08,2.9,26.25198332,83.75077264
20120428,0.01,17.62,41.17,26.99,14.18,5.56,4.13,26.25198332,83.75077264
20120429,0.0,16.52,42.24,25.93,16.31,4.05,7.62,26.25198332,83.75077264
20120430,0.0,12.66,41.96,24.66,17.3,2.63,6.98,26.25198332,83.75077264
20120501,0.0,13.38,41.44,24.11,17.33,2.93,5.85,26.25198332,83.75077264
20120502,0.0,13.1,41.49,24.2,17.29,3.52,4.31,26.25198332,83.75077264
20120503,0.0,12.13,40.86,26.19,14.66,3.09,6.46,26.25198332,83.75077264
20120504,0.0,12.76,41.09,24.83,16.26,3.2,7.81,26.25198332,83.75077264
20120505,0.47,29.1,39.67,26.3,13.37,5.12,6.76,26.25198332,83.75077264
20120506,0.35,25.2,40.55,24.93,15.62,3.27,5.78,26.25198332,83.75077264
20120507,0.0,20.54,42.01,26.24,15.77,1.57,2.38,26.25198332,83.75077264
20120508,0.0,20.82,42.12,27.5,14.62,2.13,4.89,26.25198332,83.75077264
20120509,0.0,24.56,42.09,28.05,14.05,1.25,3.95,26.25198332,83.75077264
20120510,2.04,32.46,41.73,29.18,12.54,4.39,7.17,26.25198332,83.75077264
20120511,0.0,28.55,42.83,28.84,13.98,3.37,5.48,26.25198332,83.75077264
20120512,0.0,21.65,44.09,29.75,14.34,3.94,5.92,26.25198332,83.75077264
20120513,0.0,18.8,44.35,28.86,15.49,6.06,7.25,26.25198332,83.75077264
20120514,0.0,18.58,44.03,28.95,15.08,5.67,5.95,26.25198332,83.75077264
20120515,0.0,17.75,43.8,28.85,14.95,3.66,3.93,26.25198332,83.75077264
20120516,0.0,15.15,43.6,27.49,16.11,5.86,6.4,26.25198332,83.75077264
20120517,0.0,14.18,45.93,29.57,16.36,5.18,5.99,26.25198332,83.75077264
20120518,0.08,17.31,43.91,29.64,14.27,4.3,4.63,26.25198332,83.75077264
20120519,0.01,22.22,43.55,29.23,14.33,3.58,5.73,26.25198332,83.75077264
20120520,0.0,13.65,44.34,29.83,14.52,3.04,5.39,26.25198332,83.75077264
20120521,0.0,10.75,43.96,29.63,14.33,3.16,3.86,26.25198332,83.75077264
20120522,0.01,11.06,46.08,31.25,14.83,6.34,7.54,26.25198332,83.75077264
20120523,0.0,13.34,46.18,28.83,17.36,6.14,7.35,26.25198332,83.75077264
20120524,0.0,9.69,45.47,26.78,18.69,5.98,6.15,26.25198332,83.75077264
20120525,0.0,9.3,45.65,29.96,15.68,3.3,3.67,26.25198332,83.75077264
20120526,0.0,13.41,44.97,27.7,17.27,3.58,5.31,26.25198332,83.75077264
20120527,0.0,18.09,45.08,29.42,15.66,3.42,5.71,26.25198332,83.75077264
20120528,0.0,12.49,45.53,30.99,14.53,3.33,3.86,26.25198332,83.75077264
20120529,0.0,14.32,46.01,28.62,17.38,3.14,3.95,26.25198332,83.75077264
20120530,0.0,14.47,44.88,30.36,14.52,2.66,3.5,26.25198332,83.75077264
20120531,0.12,22.11,45.0,31.11,13.89,4.42,7.1,26.25198332,83.75077264
20120601,2.38,27.88,45.85,31.45,14.4,4.73,7.74,26.25198332,83.75077264
20120602,3.51,30.78,45.51,32.13,13.37,5.11,7.69,26.25198332,83.75077264
20120603,0.0,17.98,47.17,30.92,16.25,6.28,5.86,26.25198332,83.75077264
20120604,0.0,16.33,46.47,30.76,15.71,2.67,3.98,26.25198332,83.75077264
20120605,0.41,18.46,45.75,31.89,13.86,3.13,2.65,26.25198332,83.75077264
20120606,0.09,19.07,45.55,33.35,12.21,2.37,2.65,26.25198332,83.75077264
20120607,0.0,21.27,44.78,33.6,11.19,4.63,5.28,26.25198332,83.75077264
20120608,0.05,21.59,44.07,32.38,11.7,4.03,5.82,26.25198332,83.75077264
20120609,0.18,17.81,45.76,33.11,12.65,3.81,3.53,26.25198332,83.75077264
20120610,0.43,18.5,44.7,30.42,14.29,5.11,5.08,26.25198332,83.75077264
20120611,0.0,16.49,45.55,31.07,14.47,2.41,4.73,26.25198332,83.75077264
20120612,0.0,18.04,45.77,29.95,15.81,3.46,7.02,26.25198332,83.75077264
20120613,0.0,19.84,46.52,31.21,15.32,3.17,6.72,26.25198332,83.75077264
20120614,0.0,14.33,48.39,32.55,15.84,5.2,5.81,26.25198332,83.75077264
20120615,0.0,12.87,48.07,31.87,16.2,4.74,4.93,26.25198332,83.75077264
20120616,0.0,13.96,47.54,32.3,15.24,4.56,4.41,26.25198332,83.75077264
20120617,0.51,37.79,41.73,30.5,11.23,8.21,9.48,26.25198332,83.75077264
20120618,3.34,55.27,36.37,29.0,7.37,5.31,6.95,26.25198332,83.75077264
20120619,0.46,44.73,40.42,30.18,10.23,1.9,2.97,26.25198332,83.75077264
20120620,2.29,38.25,42.21,32.54,9.68,4.88,6.52,26.25198332,83.75077264
20120621,3.03,45.55,41.27,31.22,10.05,4.83,6.99,26.25198332,83.75077264
20120622,3.65,62.46,35.55,29.72,5.83,3.49,2.65,26.25198332,83.75077264
20120623,6.14,57.75,36.01,29.25,6.77,2.59,3.89,26.25198332,83.75077264
20120624,9.32,50.6,39.69,29.17,10.52,4.36,6.0,26.25198332,83.75077264
20120625,5.56,38.99,43.6,29.33,14.26,3.82,3.17,26.25198332,83.75077264
20120626,0.1,29.05,44.51,31.44,13.07,7.35,5.2,26.25198332,83.75077264
20120627,0.0,30.32,42.8,32.12,10.68,5.35,5.72,26.25198332,83.75077264
20120628,0.0,32.91,43.12,32.06,11.07,5.56,7.04,26.25198332,83.75077264
20120629,0.0,33.04,43.49,30.39,13.1,2.77,5.8,26.25198332,83.75077264
20120630,0.02,33.35,44.09,30.09,13.99,4.25,7.82,26.25198332,83.75077264
20120701,0.12,43.73,41.84,31.55,10.29,2.5,4.35,26.25198332,83.75077264
20120702,0.05,49.51,39.51,31.43,8.08,5.39,5.75,26.25198332,83.75077264
20120703,0.37,43.93,41.36,31.07,10.29,4.87,5.83,26.25198332,83.75077264
20120704,0.4,50.8,38.98,30.49,8.49,4.66,5.17,26.25198332,83.75077264
20120705,15.14,62.23,35.75,29.74,6.01,5.08,5.91,26.25198332,83.75077264
20120706,51.21,81.97,32.23,27.78,4.44,3.18,3.79,26.25198332,83.75077264
20120707,37.68,83.07,31.82,27.03,4.79,3.42,3.62,26.25198332,83.75077264
20120708,11.63,76.89,33.19,26.85,6.35,2.63,3.15,26.25198332,83.75077264
20120709,6.05,69.6,36.1,26.7,9.4,4.16,3.14,26.25198332,83.75077264
20120710,4.36,67.86,35.74,27.3,8.44,5.95,7.63,26.25198332,83.75077264
20120711,4.47,67.61,35.49,28.25,7.24,4.44,5.59,26.25198332,83.75077264
20120712,7.99,72.72,34.92,27.94,6.98,3.38,2.22,26.25198332,83.75077264
20120713,13.77,74.3,34.97,27.09,7.88,3.82,3.7,26.25198332,83.75077264
20120714,24.66,77.12,34.0,27.16,6.84,2.97,3.01,26.25198332,83.75077264
20120715,24.53,81.44,33.57,26.65,6.93,1.14,3.01,26.25198332,83.75077264
20120716,30.02,84.54,31.55,26.83,4.72,1.24,2.34,26.25198332,83.75077264
20120717,5.98,75.68,35.19,26.21,8.99,3.56,5.15,26.25198332,83.75077264
20120718,2.11,74.73,36.44,26.27,10.16,3.66,4.37,26.25198332,83.75077264
20120719,10.9,85.58,32.24,27.52,4.72,4.98,7.95,26.25198332,83.75077264
20120720,8.73,80.48,32.97,26.54,6.43,2.76,4.35,26.25198332,83.75077264
20120721,2.41,83.02,32.54,26.04,6.5,2.4,1.74,26.25198332,83.75077264
20120722,0.22,81.36,32.71,26.32,6.38,2.79,1.84,26.25198332,83.75077264
20120723,0.55,78.26,34.46,25.16,9.3,2.78,4.94,26.25198332,83.75077264
20120724,18.76,80.77,33.01,26.59,6.42,1.57,3.25,26.25198332,83.75077264
20120725,26.73,84.52,31.99,25.73,6.26,2.98,2.66,26.25198332,83.75077264
20120726,5.11,81.29,33.07,25.62,7.45,1.76,1.07,26.25198332,83.75077264
20120727,1.86,79.49,32.98,26.01,6.98,2.6,2.59,26.25198332,83.75077264
20120728,11.8,81.68,32.37,25.97,6.41,1.65,2.96,26.25198332,83.75077264
20120729,5.43,82.34,32.93,26.08,6.85,2.67,1.41,26.25198332,83.75077264
20120730,1.47,80.22,33.48,26.11,7.37,2.66,1.07,26.25198332,83.75077264
20120731,1.79,79.62,33.34,24.69,8.65,2.31,2.31,26.25198332,83.75077264
20120801,0.3,74.88,34.27,27.1,7.17,1.62,2.07,26.25198332,83.75077264
20120802,6.85,77.94,34.16,26.73,7.42,2.77,3.48,26.25198332,83.75077264
20120803,48.36,83.92,32.26,26.55,5.7,2.0,1.58,26.25198332,83.75077264
20120804,3.07,74.28,33.8,25.87,7.93,1.52,3.17,26.25198332,83.75077264
20120805,4.92,78.28,32.7,26.03,6.67,3.17,5.04,26.25198332,83.75077264
20120806,2.32,85.4,31.69,25.99,5.7,3.05,1.78,26.25198332,83.75077264
20120807,0.7,83.02,32.29,25.56,6.73,2.64,1.63,26.25198332,83.75077264
20120808,2.32,83.91,32.5,26.01,6.5,2.47,2.58,26.25198332,83.75077264
20120809,5.35,81.79,32.21,25.06,7.16,3.12,2.84,26.25198332,83.75077264
20120810,2.23,77.16,32.72,26.02,6.7,2.26,4.42,26.25198332,83.75077264
20120811,3.41,84.3,30.11,25.73,4.38,4.75,3.9,26.25198332,83.75077264
20120812,27.58,85.0,31.21,25.22,5.99,4.08,3.25,26.25198332,83.75077264
20120813,6.48,84.79,30.92,25.07,5.85,2.59,4.3,26.25198332,83.75077264
20120814,10.66,82.84,31.54,25.2,6.34,1.02,2.51,26.25198332,83.75077264
20120815,1.88,77.85,33.0,24.95,8.05,1.44,3.11,26.25198332,83.75077264
20120816,5.69,74.71,33.57,25.66,7.91,1.91,3.45,26.25198332,83.75077264
20120817,13.57,80.69,32.82,25.5,7.32,2.53,3.29,26.25198332,83.75077264
20120818,8.67,80.84,33.05,26.35,6.7,2.46,4.68,26.25198332,83.75077264
20120819,0.53,82.22,33.06,25.22,7.84,2.39,1.6,26.25198332,83.75077264
20120820,0.81,84.99,31.37,25.47,5.9,1.97,2.07,26.25198332,83.75077264
20120821,1.95,82.05,32.87,24.94,7.93,2.2,1.86,26.25198332,83.75077264
20120822,10.41,91.5,29.53,25.97,3.55,2.68,1.69,26.25198332,83.75077264
20120823,6.83,89.29,29.23,25.39,3.84,2.48,3.66,26.25198332,83.75077264
20120824,4.64,83.98,31.87,24.82,7.05,2.32,2.48,26.25198332,83.75077264
20120825,18.87,83.42,32.02,25.23,6.79,2.01,3.32,26.25198332,83.75077264
20120826,5.56,80.92,32.4,24.88,7.52,1.53,4.03,26.25198332,83.75077264
20120827,1.4,83.64,30.98,24.39,6.58,2.61,3.06,26.25198332,83.75077264
20120828,1.7,83.88,32.16,24.69,7.47,2.77,2.24,26.25198332,83.75077264
20120829,1.33,83.0,32.5,24.75,7.74,2.61,2.4,26.25198332,83.75077264
20120830,0.82,81.45,32.67,24.95,7.72,1.4,2.9,26.25198332,83.75077264
20120831,0.45,81.01,32.83,25.1,7.73,2.92,3.54,26.25198332,83.75077264
20120901,14.68,78.24,33.45,25.44,8.02,1.22,3.58,26.25198332,83.75077264
20120902,15.38,82.0,32.18,25.55,6.63,2.71,3.39,26.25198332,83.75077264
20120903,2.2,81.13,32.47,24.56,7.91,1.76,4.18,26.25198332,83.75077264
20120904,1.97,84.73,31.52,24.53,6.99,3.77,2.48,26.25198332,83.75077264
20120905,1.02,85.3,30.75,24.77,5.98,5.69,6.32,26.25198332,83.75077264
20120906,1.4,83.9,30.8,24.91,5.9,5.01,3.79,26.25198332,83.75077264
20120907,2.79,83.84,30.16,24.21,5.95,4.03,4.76,26.25198332,83.75077264
20120908,2.52,76.5,32.55,24.14,8.41,2.0,2.21,26.25198332,83.75077264
20120909,3.09,77.26,32.61,24.66,7.95,2.84,4.78,26.25198332,83.75077264
20120910,2.37,83.26,31.31,24.82,6.49,2.26,1.99,26.25198332,83.75077264
20120911,0.8,83.35,31.76,24.5,7.26,2.59,3.0,26.25198332,83.75077264
20120912,17.25,84.1,31.14,24.87,6.26,1.4,1.88,26.25198332,83.75077264
20120913,18.79,84.24,32.01,25.02,6.98,3.25,4.01,26.25198332,83.75077264
20120914,16.79,84.21,31.63,25.18,6.45,2.36,2.77,26.25198332,83.75077264
20120915,34.59,81.04,31.54,25.33,6.2,1.39,3.01,26.25198332,83.75077264
20120916,39.36,87.22,30.75,24.94,5.81,3.73,3.65,26.25198332,83.75077264
20120917,81.58,92.24,29.12,24.52,4.61,4.4,3.83,26.25198332,83.75077264
20120918,58.47,91.12,29.09,23.88,5.21,4.76,5.74,26.25198332,83.75077264
20120919,1.49,86.62,30.97,24.24,6.73,2.11,4.08,26.25198332,83.75077264
20120920,0.09,86.12,31.23,24.71,6.52,1.71,2.44,26.25198332,83.75077264
20120921,0.04,86.97,31.14,24.88,6.25,2.29,1.04,26.25198332,83.75077264
20120922,0.0,83.02,31.33,23.57,7.76,1.82,2.87,26.25198332,83.75077264
20120923,0.03,83.13,31.55,22.51,9.04,1.72,2.23,26.25198332,83.75077264
20120924,0.02,85.32,30.86,21.32,9.54,2.45,2.26,26.25198332,83.75077264
20120925,0.0,85.07,31.12,20.88,10.25,1.32,1.85,26.25198332,83.75077264
20120926,0.03,81.19,30.84,21.35,9.49,1.45,3.3,26.25198332,83.75077264
20120927,0.0,79.31,31.38,21.17,10.2,2.19,4.08,26.25198332,83.75077264
20120928,0.0,81.54,30.77,22.41,8.36,1.71,3.11,26.25198332,83.75077264
20120929,0.03,81.1,31.3,22.2,9.1,1.57,3.17,26.25198332,83.75077264
20120930,0.02,83.29,31.65,22.48,9.17,1.43,2.09,26.25198332,83.75077264
20121001,0.22,82.45,32.05,22.79,9.26,1.61,2.48,26.25198332,83.75077264
20121002,0.55,83.92,31.07,23.23,7.84,1.35,1.89,26.25198332,83.75077264
20121003,0.98,84.95,31.07,22.99,8.08,2.77,4.87,26.25198332,83.75077264
20121004,0.24,85.26,31.4,23.55,7.85,2.3,1.86,26.25198332,83.75077264
20121005,0.66,82.73,30.84,19.73,11.11,1.45,2.07,26.25198332,83.75077264
20121006,0.23,76.76,30.79,19.58,11.21,1.61,3.19,26.25198332,83.75077264
20121007,0.0,71.52,31.27,20.39,10.88,1.12,1.77,26.25198332,83.75077264
20121008,8.12,75.55,30.33,20.98,9.35,1.68,2.87,26.25198332,83.75077264
20121009,3.07,79.83,29.11,20.42,8.68,2.19,4.85,26.25198332,83.75077264
20121010,0.61,78.19,28.57,19.69,8.88,2.13,4.67,26.25198332,83.75077264
20121011,0.13,81.96,29.18,19.32,9.86,2.33,3.48,26.25198332,83.75077264
20121012,0.0,75.27,29.67,18.45,11.22,1.66,3.29,26.25198332,83.75077264
20121013,0.0,74.49,29.64,17.91,11.74,1.82,3.95,26.25198332,83.75077264
20121014,0.0,74.78,29.52,17.67,11.85,1.5,3.3,26.25198332,83.75077264
20121015,0.0,75.79,29.07,17.81,11.26,2.92,4.62,26.25198332,83.75077264
20121016,0.0,77.43,29.02,18.66,10.37,3.04,5.31,26.25198332,83.75077264
20121017,0.12,76.95,29.48,18.79,10.69,3.15,5.0,26.25198332,83.75077264
20121018,0.0,74.78,29.9,18.09,11.81,2.15,4.72,26.25198332,83.75077264
20121019,0.0,69.59,29.73,17.11,12.62,2.43,5.51,26.25198332,83.75077264
20121020,0.0,69.14,28.8,16.29,12.51,2.52,5.52,26.25198332,83.75077264
20121021,0.0,74.41,26.72,16.32,10.4,3.03,5.76,26.25198332,83.75077264
20121022,0.0,73.17,28.48,15.94,12.54,2.72,5.14,26.25198332,83.75077264
20121023,0.0,71.07,28.19,15.85,12.34,1.36,3.08,26.25198332,83.75077264
20121024,0.0,75.22,28.8,16.01,12.79,2.95,5.2,26.25198332,83.75077264
20121025,0.02,70.19,28.41,16.4,12.01,1.75,2.56,26.25198332,83.75077264
20121026,0.17,68.69,27.73,17.05,10.69,1.81,2.76,26.25198332,83.75077264
20121027,0.0,65.97,27.33,16.43,10.9,1.37,1.77,26.25198332,83.75077264
20121028,0.0,66.71,27.32,14.78,12.54,1.79,2.14,26.25198332,83.75077264
20121029,0.0,68.3,27.75,14.35,13.39,1.42,2.73,26.25198332,83.75077264
20121030,0.0,60.78,27.81,14.31,13.5,1.6,2.51,26.25198332,83.75077264
20121031,0.0,56.05,28.0,14.19,13.81,1.88,2.83,26.25198332,83.75077264
20121101,0.0,57.2,26.93,13.72,13.21,2.01,3.3,26.25198332,83.75077264
20121102,0.0,60.23,26.33,15.1,11.23,1.52,2.48,26.25198332,83.75077264
20121103,1.94,66.46,27.04,15.52,11.52,1.55,2.08,26.25198332,83.75077264
20121104,0.06,69.45,26.97,14.71,12.26,2.05,2.84,26.25198332,83.75077264
20121105,0.46,69.87,27.06,15.37,11.69,2.27,4.07,26.25198332,83.75077264
20121106,0.03,73.0,26.9,13.2,13.7,1.94,3.94,26.25198332,83.75077264
20121107,0.0,75.16,27.08,14.3,12.77,2.01,2.97,26.25198332,83.75077264
20121108,0.0,71.38,27.28,13.23,14.04,1.85,3.97,26.25198332,83.75077264
20121109,0.0,66.65,26.26,12.22,14.03,1.79,2.84,26.25198332,83.75077264
20121110,0.0,64.45,24.55,12.1,12.45,2.31,3.6,26.25198332,83.75077264
20121111,0.0,66.4,25.87,12.17,13.71,1.85,3.66,26.25198332,83.75077264
20121112,0.0,64.65,26.53,14.62,11.91,1.95,2.35,26.25198332,83.75077264
20121113,0.0,67.2,26.74,13.45,13.29,2.86,4.8,26.25198332,83.75077264
20121114,0.0,71.75,25.56,11.96,13.61,2.16,2.77,26.25198332,83.75077264
20121115,0.0,66.34,25.9,11.03,14.87,1.92,3.78,26.25198332,83.75077264
20121116,0.0,65.44,25.77,10.81,14.96,1.81,4.58,26.25198332,83.75077264
20121117,0.0,56.57,26.88,10.78,16.1,2.61,4.49,26.25198332,83.75077264
20121118,0.0,51.9,25.54,11.39,14.15,2.49,3.86,26.25198332,83.75077264
20121119,0.0,52.3,22.82,11.67,11.16,1.35,2.38,26.25198332,83.75077264
20121120,0.0,61.55,24.9,9.5,15.4,1.06,1.97,26.25198332,83.75077264
20121121,0.6,60.79,25.96,11.52,14.44,1.64,3.38,26.25198332,83.75077264
20121122,0.0,57.39,26.13,10.62,15.52,1.5,2.61,26.25198332,83.75077264
20121123,0.0,54.07,24.61,10.24,14.36,1.84,2.37,26.25198332,83.75077264
20121124,0.0,57.39,24.19,9.79,14.4,2.71,4.46,26.25198332,83.75077264
20121125,0.0,59.63,26.04,9.8,16.24,2.94,2.75,26.25198332,83.75077264
20121126,0.0,62.61,24.93,9.61,15.32,1.38,4.05,26.25198332,83.75077264
20121127,0.0,59.57,24.27,9.39,14.88,2.01,4.37,26.25198332,83.75077264
20121128,0.0,57.38,24.16,8.14,16.01,1.75,3.84,26.25198332,83.75077264
20121129,0.0,54.85,24.17,8.25,15.92,2.47,3.95,26.25198332,83.75077264
20121130,0.0,57.4,26.32,10.15,16.17,3.33,5.06,26.25198332,83.75077264
20121201,0.0,57.74,25.59,9.19,16.4,2.47,3.77,26.25198332,83.75077264
20121202,0.0,54.12,24.01,8.46,15.55,1.48,3.22,26.25198332,83.75077264
20121203,0.0,51.84,24.48,7.77,16.72,2.15,5.73,26.25198332,83.75077264
20121204,0.0,54.64,25.82,8.04,17.78,2.61,4.31,26.25198332,83.75077264
20121205,0.0,57.68,24.21,7.33,16.88,1.8,4.79,26.25198332,83.75077264
20121206,0.0,59.6,22.67,9.38,13.3,1.89,4.43,26.25198332,83.75077264
20121207,0.0,60.41,22.43,7.55,14.88,1.74,3.79,26.25198332,83.75077264
20121208,0.0,54.61,23.58,7.49,16.08,2.68,3.02,26.25198332,83.75077264
20121209,0.0,50.85,25.06,9.37,15.68,3.0,3.53,26.25198332,83.75077264
20121210,0.0,50.01,25.41,9.21,16.2,2.69,5.42,26.25198332,83.75077264
20121211,0.0,61.58,24.46,11.08,13.38,1.61,3.41,26.25198332,83.75077264
20121212,0.0,63.94,24.34,12.91,11.43,1.75,3.09,26.25198332,83.75077264
20121213,0.0,60.24,23.81,11.62,12.19,2.31,4.59,26.25198332,83.75077264
20121214,0.0,58.64,23.73,10.42,13.31,2.29,3.69,26.25198332,83.75077264
20121215,0.0,66.14,24.92,12.68,12.24,2.17,2.71,26.25198332,83.75077264
20121216,0.0,70.38,25.18,10.93,14.25,4.44,6.68,26.25198332,83.75077264
20121217,0.0,59.71,25.9,12.16,13.73,4.06,3.98,26.25198332,83.75077264
20121218,0.0,57.36,22.76,8.36,14.4,1.58,4.08,26.25198332,83.75077264
20121219,0.0,55.8,24.07,9.07,15.0,3.69,3.36,26.25198332,83.75077264
20121220,0.0,51.76,20.74,7.08,13.66,4.04,7.36,26.25198332,83.75077264
20121221,0.0,45.91,21.91,6.11,15.81,2.14,2.45,26.25198332,83.75077264
20121222,0.0,49.25,20.36,5.4,14.96,3.44,4.01,26.25198332,83.75077264
20121223,0.0,53.05,20.3,4.99,15.31,1.24,2.55,26.25198332,83.75077264
20121224,0.0,48.14,21.78,4.79,17.0,1.69,3.61,26.25198332,83.75077264
20121225,0.0,50.47,20.47,4.9,15.57,2.73,3.22,26.25198332,83.75077264
20121226,0.0,53.33,19.68,4.7,14.98,2.06,3.05,26.25198332,83.75077264
20121227,0.0,52.19,19.85,4.56,15.29,1.81,2.66,26.25198332,83.75077264
20121228,0.0,46.02,20.65,4.71,15.93,2.0,3.13,26.25198332,83.75077264
20121229,0.0,41.4,19.82,4.27,15.55,2.29,3.26,26.25198332,83.75077264
20121230,0.0,45.7,21.11,4.37,16.74,3.58,6.07,26.25198332,83.75077264
20121231,0.0,54.4,22.04,9.07,12.97,2.95,3.83,26.25198332,83.75077264
20130101,0.0,57.24,20.74,7.64,13.11,2.31,4.12,26.25198332,83.75077264
20130102,0.0,54.82,20.83,9.18,11.65,2.26,4.45,26.25198332,83.75077264
20130103,0.0,50.79,20.43,6.79,13.64,2.4,2.55,26.25198332,83.75077264
20130104,0.0,48.44,18.98,4.24,14.74,2.44,3.6,26.25198332,83.75077264
20130105,0.0,48.31,18.64,3.38,15.26,1.95,3.26,26.25198332,83.75077264
20130106,0.0,45.16,18.17,3.61,14.56,1.56,2.9,26.25198332,83.75077264
20130107,0.0,45.49,18.1,1.97,16.13,1.83,3.95,26.25198332,83.75077264
20130108,0.0,41.79,18.18,1.16,17.02,3.17,4.63,26.25198332,83.75077264
20130109,0.0,41.39,18.94,1.64,17.29,3.42,4.43,26.25198332,83.75077264
20130110,0.0,55.13,19.86,3.98,15.88,2.95,4.14,26.25198332,83.75077264
20130111,0.0,58.67,20.34,3.61,16.72,3.96,4.56,26.25198332,83.75077264
20130112,0.0,50.5,20.76,4.53,16.22,2.7,3.3,26.25198332,83.75077264
20130113,0.0,48.18,23.15,7.06,16.08,2.56,4.7,26.25198332,83.75077264
20130114,0.0,53.91,24.24,7.79,16.45,2.2,3.97,26.25198332,83.75077264
20130115,0.0,52.33,22.8,7.43,15.37,2.47,3.62,26.25198332,83.75077264
20130116,0.0,49.85,25.28,9.58,15.7,2.79,4.4,26.25198332,83.75077264
20130117,0.0,56.57,26.14,11.66,14.48,2.32,5.31,26.25198332,83.75077264
20130118,2.83,56.43,26.63,11.07,15.55,3.86,6.3,26.25198332,83.75077264
20130119,8.3,71.84,23.35,12.64,10.71,5.49,7.31,26.25198332,83.75077264
20130120,0.11,56.49,22.31,8.58,13.74,1.5,3.54,26.25198332,83.75077264
20130121,0.0,41.77,21.87,5.67,16.2,1.38,3.6,26.25198332,83.75077264
20130122,0.0,38.54,20.39,5.94,14.45,1.24,2.53,26.25198332,83.75077264
20130123,0.0,42.28,21.71,4.57,17.13,1.32,2.09,26.25198332,83.75077264
20130124,0.0,42.76,21.67,4.89,16.78,1.77,2.8,26.25198332,83.75077264
20130125,0.0,39.73,21.75,4.54,17.22,1.83,2.61,26.25198332,83.75077264
20130126,0.0,41.95,23.03,5.17,17.86,2.68,2.73,26.25198332,83.75077264
20130127,0.0,42.79,23.3,5.69,17.61,2.34,3.45,26.25198332,83.75077264
20130128,0.0,39.28,23.47,5.43,18.03,1.37,3.44,26.25198332,83.75077264
20130129,0.0,36.12,23.24,6.31,16.93,3.07,3.91,26.25198332,83.75077264
20130130,0.0,37.87,24.23,7.24,16.99,2.52,3.76,26.25198332,83.75077264
20130131,0.0,37.35,24.95,8.95,16.0,3.82,5.93,26.25198332,83.75077264
20130201,0.0,36.7,24.91,11.85,13.06,3.12,4.9,26.25198332,83.75077264
20130202,0.0,39.21,23.37,11.18,12.19,2.64,3.39,26.25198332,83.75077264
20130203,0.0,37.92,25.61,8.98,16.62,3.43,5.09,26.25198332,83.75077264
20130204,0.24,43.03,24.51,10.19,14.32,2.57,5.82,26.25198332,83.75077264
20130205,0.07,45.65,28.6,12.21,16.38,2.6,4.59,26.25198332,83.75077264
20130206,0.52,50.48,28.62,14.9,13.73,3.42,7.04,26.25198332,83.75077264
20130207,4.81,72.86,25.63,13.78,11.84,2.15,5.33,26.25198332,83.75077264
20130208,0.0,42.33,25.87,8.12,17.75,2.1,4.45,26.25198332,83.75077264
20130209,0.0,40.38,25.92,8.53,17.39,2.15,3.75,26.25198332,83.75077264
20130210,0.0,34.94,25.55,11.45,14.09,2.12,3.91,26.25198332,83.75077264
20130211,0.0,40.53,26.88,8.21,18.66,2.07,1.9,26.25198332,83.75077264
20130212,0.0,40.65,29.08,9.8,19.28,3.17,5.68,26.25198332,83.75077264
20130213,0.0,43.0,29.91,11.43,18.48,3.21,5.12,26.25198332,83.75077264
20130214,0.0,38.1,29.64,10.37,19.27,2.62,3.66,26.25198332,83.75077264
20130215,2.33,59.58,20.72,13.91,6.82,4.03,4.51,26.25198332,83.75077264
20130216,17.71,82.69,20.45,12.83,7.62,4.55,6.5,26.25198332,83.75077264
20130217,16.13,73.95,24.3,13.47,10.83,3.07,4.8,26.25198332,83.75077264
20130218,0.1,64.44,23.96,10.94,13.02,2.02,1.67,26.25198332,83.75077264
20130219,0.67,58.05,25.03,10.35,14.68,2.65,4.37,26.25198332,83.75077264
20130220,0.0,51.18,26.13,12.04,14.09,3.14,3.62,26.25198332,83.75077264
20130221,0.01,50.63,26.97,10.55,16.42,1.96,2.79,26.25198332,83.75077264
20130222,0.0,43.94,27.58,11.79,15.79,1.92,3.51,26.25198332,83.75077264
20130223,1.32,42.17,29.78,13.75,16.04,2.35,4.2,26.25198332,83.75077264
20130224,0.95,59.15,28.55,15.47,13.08,4.83,7.59,26.25198332,83.75077264
20130225,0.03,61.76,28.11,11.75,16.36,1.95,3.41,26.25198332,83.75077264
20130226,0.13,53.53,29.39,12.76,16.63,1.94,3.16,26.25198332,83.75077264
20130227,0.0,42.45,32.69,12.77,19.92,2.8,4.66,26.25198332,83.75077264
20130228,0.0,38.26,32.46,15.72,16.74,5.02,4.68,26.25198332,83.75077264
20130301,0.0,38.54,29.5,12.39,17.11,3.86,4.39,26.25198332,83.75077264
20130302,0.0,39.96,30.75,10.44,20.3,2.01,4.9,26.25198332,83.75077264
20130303,0.0,38.8,30.73,10.13,20.59,1.97,4.04,26.25198332,83.75077264
20130304,0.0,39.24,31.41,11.58,19.83,1.45,4.68,26.25198332,83.75077264
20130305,0.0,37.65,31.71,13.32,18.38,1.13,3.01,26.25198332,83.75077264
20130306,0.0,34.6,32.09,12.71,19.39,1.45,2.56,26.25198332,83.75077264
20130307,0.0,37.24,31.89,12.94,18.95,1.42,2.94,26.25198332,83.75077264
20130308,0.28,34.57,32.6,13.14,19.46,1.91,4.11,26.25198332,83.75077264
20130309,0.0,32.54,33.03,13.19,19.84,2.99,3.22,26.25198332,83.75077264
20130310,0.0,29.13,34.2,14.82,19.38,2.85,5.05,26.25198332,83.75077264
20130311,0.08,30.01,34.67,16.18,18.49,1.5,3.11,26.25198332,83.75077264
20130312,0.03,31.15,33.91,17.45,16.46,4.29,5.17,26.25198332,83.75077264
20130313,0.0,32.07,34.47,17.33,17.14,2.42,2.8,26.25198332,83.75077264
20130314,0.06,32.5,35.06,17.34,17.72,2.78,4.38,26.25198332,83.75077264
20130315,0.4,36.9,35.37,20.62,14.75,3.44,4.5,26.25198332,83.75077264
20130316,0.04,35.42,33.95,18.24,15.71,2.63,4.55,26.25198332,83.75077264
20130317,0.0,41.05,32.19,18.14,14.06,3.46,3.07,26.25198332,83.75077264
20130318,0.0,29.64,33.66,15.92,17.73,5.41,5.21,26.25198332,83.75077264
20130319,0.0,34.73,34.91,16.0,18.92,3.46,5.11,26.25198332,83.75077264
20130320,0.0,33.42,36.6,19.12,17.47,3.76,5.05,26.25198332,83.75077264
20130321,0.0,30.88,36.8,18.96,17.83,5.93,7.34,26.25198332,83.75077264
20130322,0.35,31.56,36.88,17.86,19.02,3.12,5.31,26.25198332,83.75077264
20130323,0.0,25.79,36.66,19.81,16.85,2.64,5.13,26.25198332,83.75077264
20130324,0.0,26.7,37.51,18.17,19.35,3.43,5.27,26.25198332,83.75077264
20130325,0.0,28.23,37.71,20.16,17.55,6.46,7.04,26.25198332,83.75077264
20130326,0.0,26.55,36.54,18.6,17.94,4.24,3.12,26.25198332,83.75077264
20130327,0.0,23.05,38.09,18.75,19.33,4.11,4.38,26.25198332,83.75077264
20130328,0.0,28.84,35.9,21.21,14.69,3.92,5.8,26.25198332,83.75077264
20130329,1.33,35.23,38.49,20.3,18.19,4.18,4.14,26.25198332,83.75077264
20130330,0.03,32.15,36.52,20.47,16.05,4.92,4.89,26.25198332,83.75077264
20130331,0.02,31.0,36.54,19.86,16.67,2.77,3.21,26.25198332,83.75077264
20130401,0.0,27.16,37.93,19.93,18.01,3.38,4.27,26.25198332,83.75077264
20130402,0.01,21.56,39.71,21.55,18.16,6.38,9.75,26.25198332,83.75077264
20130403,0.03,27.35,39.9,23.07,16.82,5.08,8.05,26.25198332,83.75077264
20130404,0.16,23.83,38.11,23.57,14.54,6.47,5.79,26.25198332,83.75077264
20130405,0.0,17.02,37.89,20.84,17.05,5.78,4.39,26.25198332,83.75077264
20130406,0.0,15.34,38.35,20.0,18.35,6.01,4.51,26.25198332,83.75077264
20130407,0.0,16.78,40.71,18.28,22.43,3.55,4.92,26.25198332,83.75077264
20130408,0.0,19.33,41.76,20.98,20.78,3.64,4.47,26.25198332,83.75077264
20130409,0.0,16.03,42.27,24.73,17.54,4.55,5.36,26.25198332,83.75077264
20130410,0.0,14.31,43.57,25.68,17.89,5.26,8.16,26.25198332,83.75077264
20130411,0.0,19.51,41.97,25.3,16.66,3.54,5.57,26.25198332,83.75077264
20130412,0.0,19.22,43.15,26.88,16.27,4.76,6.39,26.25198332,83.75077264
20130413,0.0,16.89,42.14,24.56,17.58,3.67,5.42,26.25198332,83.75077264
20130414,0.0,17.19,41.99,25.84,16.14,3.84,6.96,26.25198332,83.75077264
20130415,0.29,22.16,40.24,24.68,15.57,4.42,4.82,26.25198332,83.75077264
20130416,0.0,19.47,41.16,25.83,15.33,3.74,5.11,26.25198332,83.75077264
20130417,0.0,28.52,39.77,24.59,15.18,5.68,6.82,26.25198332,83.75077264
20130418,0.0,25.89,40.91,24.06,16.85,3.27,6.1,26.25198332,83.75077264
20130419,1.14,24.01,40.01,23.64,16.37,3.46,5.54,26.25198332,83.75077264
20130420,8.22,50.44,33.98,24.03,9.96,5.18,6.59,26.25198332,83.75077264
20130421,13.66,78.55,24.64,21.36,3.29,3.79,3.11,26.25198332,83.75077264
20130422,0.33,59.3,30.3,19.78,10.53,1.49,2.27,26.25198332,83.75077264
20130423,0.17,48.88,34.12,19.92,14.21,2.65,4.98,26.25198332,83.75077264
20130424,0.01,39.47,36.01,21.61,14.4,2.79,5.43,26.25198332,83.75077264
20130425,0.01,33.45,38.13,22.65,15.49,3.49,5.13,26.25198332,83.75077264
20130426,0.0,31.92,39.41,23.87,15.54,3.05,4.89,26.25198332,83.75077264
20130427,0.04,27.94,41.9,24.49,17.41,5.3,5.92,26.25198332,83.75077264
20130428,0.22,25.05,42.1,23.93,18.16,4.61,5.49,26.25198332,83.75077264
20130429,0.0,25.58,41.8,25.6,16.2,3.69,4.97,26.25198332,83.75077264
20130430,0.0,23.13,43.79,25.77,18.03,5.16,5.92,26.25198332,83.75077264
20130501,0.0,22.67,44.04,26.44,17.6,5.25,6.37,26.25198332,83.75077264
20130502,0.0,12.77,44.19,25.77,18.43,2.89,5.51,26.25198332,83.75077264
20130503,0.0,11.41,42.34,24.75,17.59,5.73,7.12,26.25198332,83.75077264
20130504,0.0,13.42,43.68,23.78,19.91,2.23,4.31,26.25198332,83.75077264
20130505,0.0,28.54,42.47,24.86,17.61,6.44,7.97,26.25198332,83.75077264
20130506,0.02,29.49,41.43,27.1,14.32,5.61,8.38,26.25198332,83.75077264
20130507,0.08,25.98,42.16,26.72,15.44,5.19,6.26,26.25198332,83.75077264
20130508,0.31,16.23,43.68,27.43,16.26,3.95,4.85,26.25198332,83.75077264
20130509,0.24,14.56,45.26,25.85,19.41,4.91,6.3,26.25198332,83.75077264
20130510,0.04,15.54,44.89,27.23,17.66,2.84,3.89,26.25198332,83.75077264
20130511,0.94,16.44,44.07,27.1,16.98,2.89,5.8,26.25198332,83.75077264
20130512,0.58,17.89,43.16,27.81,15.35,4.3,6.49,26.25198332,83.75077264
20130513,1.21,21.32,39.99,25.53,14.46,3.58,6.3,26.25198332,83.75077264
20130514,0.0,21.79,40.08,25.88,14.21,3.42,6.7,26.25198332,83.75077264
20130515,0.0,20.34,42.36,26.11,16.26,4.61,7.94,26.25198332,83.75077264
20130516,0.0,19.92,42.9,26.8,16.1,3.61,6.2,26.25198332,83.75077264
20130517,0.0,17.4,42.75,26.85,15.9,4.98,7.98,26.25198332,83.75077264
20130518,0.88,17.59,42.65,25.81,16.85,6.33,9.27,26.25198332,83.75077264
20130519,0.0,18.7,41.51,25.55,15.95,4.97,8.37,26.25198332,83.75077264
20130520,0.21,20.98,41.09,26.66,14.43,3.48,7.52,26.25198332,83.75077264
20130521,2.21,24.82,41.32,25.88,15.44,3.5,6.92,26.25198332,83.75077264
20130522,0.01,24.47,42.3,26.37,15.93,3.76,6.87,26.25198332,83.75077264
20130523,0.1,25.05,42.6,27.2,15.4,5.74,8.86,26.25198332,83.75077264
20130524,0.0,26.12,42.61,26.38,16.22,4.69,7.96,26.25198332,83.75077264
20130525,0.14,21.49,43.01,26.93,16.08,4.36,7.46,26.25198332,83.75077264
20130526,0.29,23.25,42.75,27.76,14.99,3.74,6.79,26.25198332,83.75077264
20130527,4.21,35.89,40.97,28.73,12.24,2.07,5.27,26.25198332,83.75077264
20130528,0.0,31.43,40.44,27.49,12.94,2.81,6.3,26.25198332,83.75077264
20130529,0.25,26.16,41.87,27.02,14.85,3.67,7.2,26.25198332,83.75077264
20130530,9.9,44.21,38.17,25.77,12.39,3.63,4.05,26.25198332,83.75077264
20130531,28.16,65.12,31.71,24.13,7.58,4.3,4.37,26.25198332,83.75077264
20130601,2.89,54.99,35.25,24.19,11.06,5.35,5.37,26.25198332,83.75077264
20130602,0.06,52.53,35.59,25.74,9.85,4.05,3.61,26.25198332,83.75077264
20130603,0.0,45.02,39.24,26.77,12.48,2.17,3.19,26.25198332,83.75077264
20130604,0.0,40.9,40.26,28.96,11.3,1.9,4.81,26.25198332,83.75077264
20130605,0.25,43.2,39.69,29.17,10.52,1.86,4.72,26.25198332,83.75077264
20130606,0.65,45.13,39.75,29.78,9.97,3.2,5.36,26.25198332,83.75077264
20130607,1.96,52.04,37.74,28.19,9.55,3.08,4.99,26.25198332,83.75077264
20130608,1.43,52.34,37.17,28.1,9.08,3.06,4.92,26.25198332,83.75077264
20130609,1.38,45.51,39.3,28.66,10.64,3.41,6.2,26.25198332,83.75077264
20130610,0.69,44.73,39.62,29.82,9.8,2.75,4.5,26.25198332,83.75077264
20130611,4.44,47.41,39.71,30.19,9.52,4.87,4.63,26.25198332,83.75077264
20130612,0.79,45.3,40.79,29.44,11.36,5.45,4.48,26.25198332,83.75077264
20130613,0.1,45.18,40.28,29.85,10.43,4.53,4.62,26.25198332,83.75077264
20130614,1.59,52.43,37.94,29.32,8.61,5.15,5.49,26.25198332,83.75077264
20130615,3.43,65.01,33.82,27.54,6.27,4.02,4.33,26.25198332,83.75077264
20130616,8.09,67.06,33.66,27.21,6.44,4.19,4.22,26.25198332,83.75077264
20130617,50.26,70.87,33.51,27.17,6.34,2.79,2.65,26.25198332,83.75077264
20130618,15.48,70.29,34.06,26.57,7.49,3.64,4.94,26.25198332,83.75077264
20130619,14.2,67.97,34.33,26.57,7.77,2.65,4.3,26.25198332,83.75077264
20130620,0.17,58.14,36.05,27.23,8.82,2.78,3.1,26.25198332,83.75077264
20130621,0.09,53.27,37.7,27.85,9.84,2.19,5.07,26.25198332,83.75077264
20130622,6.48,56.48,37.43,28.14,9.29,1.87,4.24,26.25198332,83.75077264
20130623,17.98,60.13,36.48,29.15,7.34,1.41,3.91,26.25198332,83.75077264
20130624,10.22,64.66,36.4,27.8,8.6,1.68,2.82,26.25198332,83.75077264
20130625,1.81,65.41,35.99,27.36,8.63,4.68,3.86,26.25198332,83.75077264
20130626,6.2,72.84,34.85,27.45,7.4,3.6,3.24,26.25198332,83.75077264
20130627,25.04,79.33,33.62,26.87,6.75,2.99,2.01,26.25198332,83.75077264
20130628,110.31,82.03,32.74,26.59,6.15,1.85,3.96,26.25198332,83.75077264
20130629,64.64,90.42,30.85,26.73,4.12,2.99,3.17,26.25198332,83.75077264
20130630,15.4,84.49,32.88,26.41,6.47,3.55,5.35,26.25198332,83.75077264
20130701,12.17,80.96,32.8,25.18,7.62,3.09,3.59,26.25198332,83.75077264
20130702,6.67,79.68,33.43,26.02,7.41,3.5,3.92,26.25198332,83.75077264
20130703,5.06,81.65,33.16,26.26,6.91,2.95,2.72,26.25198332,83.75077264
20130704,0.56,79.47,33.12,26.15,6.97,2.04,4.59,26.25198332,83.75077264
20130705,7.62,82.77,31.24,26.34,4.9,1.62,3.26,26.25198332,83.75077264
20130706,4.67,81.1,32.13,25.88,6.25,1.33,2.39,26.25198332,83.75077264
20130707,2.89,80.14,33.18,25.74,7.44,1.22,2.11,26.25198332,83.75077264
20130708,15.41,78.58,33.68,26.19,7.49,1.27,1.72,26.25198332,83.75077264
20130709,30.15,81.76,32.93,26.74,6.19,1.45,3.44,26.25198332,83.75077264
20130710,28.56,84.99,32.26,26.49,5.77,2.88,1.66,26.25198332,83.75077264
20130711,4.12,87.55,30.78,26.16,4.62,2.62,2.82,26.25198332,83.75077264
20130712,0.08,82.93,32.56,25.53,7.03,3.25,2.71,26.25198332,83.75077264
20130713,0.2,83.37,31.73,26.19,5.54,4.67,5.82,26.25198332,83.75077264
20130714,0.01,82.26,32.44,25.57,6.87,0.98,3.19,26.25198332,83.75077264
20130715,0.0,80.36,34.2,25.61,8.59,2.55,2.52,26.25198332,83.75077264
20130716,0.0,79.73,33.17,25.9,7.27,2.23,2.72,26.25198332,83.75077264
20130717,0.98,79.96,33.43,26.23,7.21,3.87,4.55,26.25198332,83.75077264
20130718,1.54,78.49,32.86,26.09,6.77,2.66,5.68,26.25198332,83.75077264
20130719,8.45,79.71,33.4,26.23,7.17,1.09,3.54,26.25198332,83.75077264
20130720,2.42,84.97,31.97,25.8,6.17,2.84,1.53,26.25198332,83.75077264
20130721,0.05,80.87,33.09,25.43,7.67,1.99,3.65,26.25198332,83.75077264
20130722,2.83,78.8,33.91,26.09,7.81,3.86,2.63,26.25198332,83.75077264
20130723,0.17,77.05,34.34,25.65,8.69,2.9,2.45,26.25198332,83.75077264
20130724,1.38,79.98,32.93,26.4,6.53,3.06,2.64,26.25198332,83.75077264
20130725,3.62,77.38,33.27,26.02,7.25,2.32,4.97,26.25198332,83.75077264
20130726,5.76,74.96,33.84,26.72,7.12,2.1,3.18,26.25198332,83.75077264
20130727,3.13,81.3,32.68,26.07,6.61,6.1,6.86,26.25198332,83.75077264
20130728,3.47,82.2,32.87,25.6,7.27,3.76,3.58,26.25198332,83.75077264
20130729,0.85,76.75,33.66,25.42,8.24,1.87,4.5,26.25198332,83.75077264
20130730,0.38,76.91,34.1,26.18,7.92,2.31,5.26,26.25198332,83.75077264
20130731,5.49,80.22,33.19,26.34,6.85,3.08,3.37,26.25198332,83.75077264
20130801,0.71,77.14,33.54,25.78,7.76,2.79,3.53,26.25198332,83.75077264
20130802,0.18,77.54,33.26,25.2,8.06,4.04,2.94,26.25198332,83.75077264
20130803,2.76,73.85,33.79,25.59,8.2,3.64,6.09,26.25198332,83.75077264
20130804,6.38,70.65,34.86,26.43,8.43,0.8,1.69,26.25198332,83.75077264
20130805,6.39,72.79,34.06,27.43,6.63,2.16,5.08,26.25198332,83.75077264
20130806,4.74,77.32,33.47,25.15,8.32,2.69,2.75,26.25198332,83.75077264
20130807,12.43,77.78,32.9,25.72,7.18,1.7,3.83,26.25198332,83.75077264
20130808,17.92,78.39,33.12,26.05,7.07,2.14,4.95,26.25198332,83.75077264
20130809,17.2,84.2,31.43,25.52,5.91,3.0,2.34,26.25198332,83.75077264
20130810,4.08,81.58,32.5,25.76,6.74,3.23,2.83,26.25198332,83.75077264
20130811,2.19,77.43,33.33,25.74,7.6,2.75,5.37,26.25198332,83.75077264
20130812,23.06,81.05,32.31,25.46,6.85,1.41,1.97,26.25198332,83.75077264
20130813,5.69,80.73,32.46,25.1,7.36,1.95,1.56,26.25198332,83.75077264
20130814,1.6,76.77,33.58,24.99,8.6,1.22,3.12,26.25198332,83.75077264
20130815,5.92,72.51,33.5,25.43,8.07,2.04,4.1,26.25198332,83.75077264
20130816,12.39,79.66,32.9,26.13,6.76,1.55,2.11,26.25198332,83.75077264
20130817,6.99,85.66,31.32,25.68,5.64,2.16,1.46,26.25198332,83.75077264
20130818,8.98,82.42,31.98,25.26,6.72,3.68,4.2,26.25198332,83.75077264
20130819,6.25,79.52,33.16,24.99,8.17,2.96,3.12,26.25198332,83.75077264
20130820,3.83,83.2,31.45,25.2,6.25,2.75,2.34,26.25198332,83.75077264
20130821,3.79,86.31,30.4,25.76,4.64,6.55,7.0,26.25198332,83.75077264
20130822,2.38,86.31,30.28,24.76,5.52,4.25,4.39,26.25198332,83.75077264
20130823,0.34,82.28,32.75,23.96,8.79,2.95,1.81,26.25198332,83.75077264
20130824,0.06,74.71,33.41,24.39,9.01,2.87,4.84,26.25198332,83.75077264
20130825,2.17,76.12,33.74,25.9,7.84,2.32,2.57,26.25198332,83.75077264
20130826,6.31,80.92,30.74,26.13,4.6,1.67,4.11,26.25198332,83.75077264
20130827,23.75,89.88,29.72,24.51,5.21,2.67,4.89,26.25198332,83.75077264
20130828,13.3,79.62,32.63,24.95,7.68,1.0,1.69,26.25198332,83.75077264
20130829,8.15,85.61,31.03,25.08,5.95,3.85,3.79,26.25198332,83.75077264
20130830,2.42,79.81,32.33,24.74,7.59,2.08,2.53,26.25198332,83.75077264
20130831,4.21,77.35,32.56,25.46,7.1,1.53,2.61,26.25198332,83.75077264
20130901,21.71,86.36,31.41,25.4,6.0,2.47,1.93,26.25198332,83.75077264
20130902,56.73,88.43,31.78,25.53,6.24,1.68,2.89,26.25198332,83.75077264
20130903,36.23,86.8,32.4,25.72,6.68,2.19,4.65,26.25198332,83.75077264
20130904,11.95,85.85,31.9,24.76,7.14,3.91,4.17,26.25198332,83.75077264
20130905,0.89,85.05,32.76,24.24,8.52,3.26,2.5,26.25198332,83.75077264
20130906,0.2,83.17,32.66,24.22,8.44,3.05,3.56,26.25198332,83.75077264
20130907,0.67,79.69,31.7,24.1,7.6,2.01,2.99,26.25198332,83.75077264
20130908,0.08,78.49,31.84,23.86,7.98,1.15,2.11,26.25198332,83.75077264
20130909,1.08,79.45,32.69,24.21,8.48,0.71,2.33,26.25198332,83.75077264
20130910,8.3,78.82,32.52,25.18,7.34,1.15,1.47,26.25198332,83.75077264
20130911,2.32,77.9,32.54,25.63,6.91,2.34,3.27,26.25198332,83.75077264
20130912,0.0,79.7,32.42,24.72,7.7,2.32,2.94,26.25198332,83.75077264
20130913,3.95,76.09,32.38,24.66,7.72,1.54,2.36,26.25198332,83.75077264
20130914,0.41,75.09,32.39,24.96,7.43,1.71,3.48,26.25198332,83.75077264
20130915,1.57,77.98,31.61,23.51,8.1,2.29,3.52,26.25198332,83.75077264
20130916,3.51,75.26,31.91,23.83,8.08,2.02,2.55,26.25198332,83.75077264
20130917,0.13,76.42,31.6,24.64,6.97,1.1,1.31,26.25198332,83.75077264
20130918,0.33,73.91,32.79,24.0,8.79,2.13,2.93,26.25198332,83.75077264
20130919,5.74,79.7,31.21,25.42,5.79,4.07,5.67,26.25198332,83.75077264
20130920,1.6,88.09,30.74,24.82,5.92,4.81,4.21,26.25198332,83.75077264
20130921,0.05,84.71,31.68,25.31,6.37,3.17,1.7,26.25198332,83.75077264
20130922,0.16,82.05,32.62,24.83,7.79,2.34,2.29,26.25198332,83.75077264
20130923,0.06,79.55,33.11,24.31,8.8,1.65,1.11,26.25198332,83.75077264
20130924,4.63,77.22,33.38,25.36,8.02,1.77,2.46,26.25198332,83.75077264
20130925,3.53,82.08,32.52,27.03,5.49,2.08,2.95,26.25198332,83.75077264
20130926,0.51,82.51,30.99,26.38,4.6,1.27,2.26,26.25198332,83.75077264
20130927,0.06,79.74,32.55,24.58,7.97,1.37,1.71,26.25198332,83.75077264
20130928,15.48,81.66,31.82,25.41,6.41,1.76,2.15,26.25198332,83.75077264
20130929,6.25,84.17,31.32,24.67,6.65,3.4,4.71,26.25198332,83.75077264
20130930,0.25,83.85,30.11,23.29,6.82,3.86,2.39,26.25198332,83.75077264
20131001,1.03,83.44,31.01,22.63,8.38,3.16,2.9,26.25198332,83.75077264
20131002,2.12,87.07,30.21,23.36,6.85,5.32,4.53,26.25198332,83.75077264
20131003,2.15,88.17,28.57,23.55,5.02,2.01,2.94,26.25198332,83.75077264
20131004,6.03,90.88,27.49,23.74,3.75,3.12,2.37,26.25198332,83.75077264
20131005,37.01,90.82,28.63,23.65,4.98,3.4,5.52,26.25198332,83.75077264
20131006,11.61,86.67,30.77,22.34,8.42,2.07,3.39,26.25198332,83.75077264
20131007,2.16,89.92,28.0,23.42,4.58,2.56,4.3,26.25198332,83.75077264
20131008,0.14,83.87,31.04,22.45,8.59,1.93,3.05,26.25198332,83.75077264
20131009,1.31,84.18,30.66,21.95,8.72,2.11,3.12,26.25198332,83.75077264
20131010,0.4,86.95,28.91,21.61,7.3,2.27,2.17,26.25198332,83.75077264
20131011,0.18,81.6,30.13,23.25,6.88,1.42,3.99,26.25198332,83.75077264
20131012,0.78,83.31,30.73,22.39,8.33,1.73,3.5,26.25198332,83.75077264
20131013,8.84,89.63,27.54,23.22,4.31,7.91,9.18,26.25198332,83.75077264
20131014,85.5,92.11,24.87,21.48,3.39,4.28,5.56,26.25198332,83.75077264
20131015,5.52,91.31,26.48,21.02,5.46,4.7,5.42,26.25198332,83.75077264
20131016,2.91,89.68,27.76,20.93,6.84,2.01,1.76,26.25198332,83.75077264
20131017,0.54,83.13,29.6,21.78,7.83,1.59,2.87,26.25198332,83.75077264
20131018,1.7,83.27,30.39,21.81,8.58,1.23,3.4,26.25198332,83.75077264
20131019,4.33,76.56,30.28,20.79,9.5,1.69,4.03,26.25198332,83.75077264
20131020,2.1,76.58,29.61,21.65,7.96,0.98,1.89,26.25198332,83.75077264
20131021,0.25,70.18,29.48,19.33,10.15,1.5,1.91,26.25198332,83.75077264
20131022,0.04,65.44,29.45,19.78,9.67,1.34,2.04,26.25198332,83.75077264
20131023,0.03,75.26,28.41,17.65,10.76,1.49,2.63,26.25198332,83.75077264
20131024,0.3,78.96,29.21,17.93,11.29,1.5,4.0,26.25198332,83.75077264
20131025,0.76,83.05,29.26,18.47,10.79,0.79,3.4,26.25198332,83.75077264
20131026,0.0,84.21,28.42,19.65,8.78,2.47,4.02,26.25198332,83.75077264
20131027,0.02,83.26,28.49,19.09,9.4,1.24,3.48,26.25198332,83.75077264
20131028,0.02,80.76,28.39,18.44,9.95,2.29,5.46,26.25198332,83.75077264
20131029,0.0,82.19,27.23,15.46,11.77,1.71,4.42,26.25198332,83.75077264
20131030,0.0,78.47,27.72,15.32,12.4,0.97,2.97,26.25198332,83.75077264
20131031,0.0,70.03,28.72,15.76,12.96,1.64,2.72,26.25198332,83.75077264
20131101,0.02,73.7,28.51,17.58,10.94,1.11,2.28,26.25198332,83.75077264
20131102,0.0,79.7,28.73,17.84,10.89,1.48,1.97,26.25198332,83.75077264
20131103,0.11,75.44,27.62,17.66,9.97,1.31,4.0,26.25198332,83.75077264
20131104,0.0,69.39,26.39,15.04,11.35,1.64,3.56,26.25198332,83.75077264
20131105,0.0,68.56,25.69,13.19,12.51,2.41,3.69,26.25198332,83.75077264
20131106,0.0,65.08,26.34,14.62,11.72,1.0,1.51,26.25198332,83.75077264
20131107,0.0,64.36,26.43,15.03,11.4,1.79,2.24,26.25198332,83.75077264
20131108,0.0,62.62,27.05,15.3,11.75,2.19,2.74,26.25198332,83.75077264
20131109,0.0,69.87,26.51,15.43,11.08,2.08,3.57,26.25198332,83.75077264
20131110,0.0,75.36,27.31,14.1,13.21,1.4,5.09,26.25198332,83.75077264
20131111,0.0,70.66,25.71,11.76,13.95,1.34,5.28,26.25198332,83.75077264
20131112,0.0,70.18,26.2,11.71,14.49,2.33,4.8,26.25198332,83.75077264
20131113,0.0,68.7,25.44,11.55,13.9,1.82,4.43,26.25198332,83.75077264
20131114,0.0,66.52,25.6,11.71,13.89,2.17,4.78,26.25198332,83.75077264
20131115,0.0,62.97,26.02,14.19,11.83,1.38,2.19,26.25198332,83.75077264
20131116,0.0,61.75,26.61,14.77,11.84,2.24,3.79,26.25198332,83.75077264
20131117,0.0,70.13,27.33,13.32,14.01,1.32,4.66,26.25198332,83.75077264
20131118,0.0,70.33,26.01,11.26,14.75,1.24,4.81,26.25198332,83.75077264
20131119,0.0,69.64,25.66,10.19,15.47,1.23,4.68,26.25198332,83.75077264
20131120,0.0,66.98,24.79,10.19,14.59,1.55,3.86,26.25198332,83.75077264
20131121,0.0,58.14,25.46,11.76,13.7,1.72,2.81,26.25198332,83.75077264
20131122,0.0,59.01,24.62,12.48,12.15,1.61,2.6,26.25198332,83.75077264
20131123,0.0,67.52,25.47,11.4,14.07,1.48,4.43,26.25198332,83.75077264
20131124,0.0,72.12,25.01,11.16,13.85,2.15,5.65,26.25198332,83.75077264
20131125,0.0,74.41,24.35,11.1,13.25,1.27,3.08,26.25198332,83.75077264
20131126,0.0,71.88,24.94,10.66,14.28,2.69,4.99,26.25198332,83.75077264
20131127,0.0,70.8,25.31,12.71,12.59,1.96,2.21,26.25198332,83.75077264
20131128,0.0,69.04,25.84,14.68,11.16,2.13,2.41,26.25198332,83.75077264
20131129,0.0,73.25,26.56,14.52,12.04,2.61,5.84,26.25198332,83.75077264
20131130,0.0,68.14,26.08,11.96,14.12,1.36,4.12,26.25198332,83.75077264
20131201,0.0,63.11,25.15,10.08,15.08,1.52,4.68,26.25198332,83.75077264
20131202,0.0,58.06,25.86,11.33,14.53,1.76,3.62,26.25198332,83.75077264
20131203,0.0,56.91,26.09,12.08,14.01,0.99,2.13,26.25198332,83.75077264
20131204,0.0,58.96,25.54,11.12,14.42,1.45,4.01,26.25198332,83.75077264
20131205,0.0,64.39,25.6,9.84,15.76,1.74,4.88,26.25198332,83.75077264
20131206,0.0,63.19,25.05,9.59,15.46,1.91,5.07,26.25198332,83.75077264
20131207,0.0,59.05,24.99,11.27,13.72,1.68,3.44,26.25198332,83.75077264
20131208,0.0,57.7,24.57,10.86,13.71,1.97,3.59,26.25198332,83.75077264
20131209,0.0,62.7,24.28,10.91,13.36,1.67,3.04,26.25198332,83.75077264
20131210,0.0,66.0,25.36,11.5,13.87,1.43,3.84,26.25198332,83.75077264
20131211,0.0,64.5,24.43,9.18,15.25,1.85,4.88,26.25198332,83.75077264
20131212,0.0,65.77,24.13,8.45,15.68,1.67,4.23,26.25198332,83.75077264
20131213,0.0,66.28,23.55,8.44,15.1,2.4,5.33,26.25198332,83.75077264
20131214,0.0,58.63,23.61,10.9,12.71,1.41,2.28,26.25198332,83.75077264
20131215,0.0,60.57,23.47,11.34,12.13,1.33,2.07,26.25198332,83.75077264
20131216,0.0,61.89,22.49,11.1,11.39,0.78,0.95,26.25198332,83.75077264
20131217,0.0,65.94,22.28,10.87,11.41,1.36,2.08,26.25198332,83.75077264
20131218,0.0,67.72,22.54,10.1,12.43,2.03,3.11,26.25198332,83.75077264
20131219,0.0,68.78,22.97,10.97,12.0,2.09,3.69,26.25198332,83.75077264
20131220,0.0,70.24,24.25,11.25,13.0,2.26,4.0,26.25198332,83.75077264
20131221,0.0,67.29,24.54,11.17,13.37,1.97,3.05,26.25198332,83.75077264
20131222,0.0,67.97,24.03,12.07,11.96,2.91,5.94,26.25198332,83.75077264
20131223,0.0,68.04,25.28,13.99,11.29,2.48,6.12,26.25198332,83.75077264
20131224,0.0,62.71,23.18,9.83,13.36,2.47,4.57,26.25198332,83.75077264
20131225,0.0,54.69,22.18,7.39,14.79,2.45,4.35,26.25198332,83.75077264
20131226,0.0,56.69,21.68,6.87,14.81,2.14,3.49,26.25198332,83.75077264
20131227,0.0,50.69,24.36,7.5,16.86,1.99,3.47,26.25198332,83.75077264
20131228,0.01,68.35,21.73,8.53,13.2,3.11,3.96,26.25198332,83.75077264
20131229,0.0,64.29,23.57,9.04,14.53,2.08,3.34,26.25198332,83.75077264
20131230,0.0,47.88,23.56,8.7,14.86,3.01,5.65,26.25198332,83.75077264
20131231,0.0,51.67,24.42,8.75,15.67,2.48,3.94,26.25198332,83.75077264
20140101,0.09,65.42,25.08,11.27,13.81,4.87,8.2,26.25198332,83.75077264
20140102,0.05,59.77,23.48,11.27,12.21,3.32,2.11,26.25198332,83.75077264
20140103,0.0,52.58,20.86,5.79,15.07,1.83,4.6,26.25198332,83.75077264
20140104,0.0,45.41,20.99,4.8,16.19,2.08,3.59,26.25198332,83.75077264
20140105,0.02,73.94,19.21,9.25,9.96,1.96,5.13,26.25198332,83.75077264
20140106,0.0,66.66,23.11,9.32,13.79,2.31,4.93,26.25198332,83.75077264
20140107,0.0,45.02,21.67,5.39,16.28,2.8,4.4,26.25198332,83.75077264
20140108,0.0,40.47,21.64,5.08,16.56,2.34,4.25,26.25198332,83.75077264
20140109,0.05,41.2,21.62,7.25,14.38,1.16,2.77,26.25198332,83.75077264
20140110,0.15,64.33,22.86,11.29,11.57,2.13,3.91,26.25198332,83.75077264
20140111,7.8,86.0,17.7,11.56,6.14,6.51,7.98,26.25198332,83.75077264
20140112,0.2,76.31,21.98,10.31,11.67,2.26,4.97,26.25198332,83.75077264
20140113,0.0,59.4,22.42,7.72,14.7,2.25,5.5,26.25198332,83.75077264
20140114,0.0,52.06,22.75,7.38,15.37,2.22,4.91,26.25198332,83.75077264
20140115,0.02,51.33,22.45,9.48,12.97,2.41,5.08,26.25198332,83.75077264
20140116,0.0,64.93,23.61,7.99,15.62,2.75,4.3,26.25198332,83.75077264
20140117,0.0,57.4,24.0,10.53,13.47,2.88,6.53,26.25198332,83.75077264
20140118,15.49,78.6,17.96,10.56,7.39,7.14,8.67,26.25198332,83.75077264
20140119,0.18,77.12,22.34,9.23,13.11,2.66,6.63,26.25198332,83.75077264
20140120,0.03,64.56,23.66,7.87,15.79,2.25,6.06,26.25198332,83.75077264
20140121,0.0,55.17,23.93,10.99,12.94,2.11,3.76,26.25198332,83.75077264
20140122,0.0,53.61,24.71,12.75,11.96,2.33,2.93,26.25198332,83.75077264
20140123,0.0,58.06,24.97,12.34,12.63,3.08,5.9,26.25198332,83.75077264
20140124,0.0,67.29,25.52,13.38,12.14,2.06,4.96,26.25198332,83.75077264
20140125,0.0,61.33,24.83,10.76,14.07,2.33,4.16,26.25198332,83.75077264
20140126,0.0,55.81,23.59,8.48,15.12,2.84,4.23,26.25198332,83.75077264
20140127,0.0,54.24,23.62,7.33,16.3,2.26,5.58,26.25198332,83.75077264
20140128,0.0,53.26,24.76,7.75,17.01,2.61,5.45,26.25198332,83.75077264
20140129,0.0,48.95,24.85,10.18,14.67,2.8,5.07,26.25198332,83.75077264
20140130,0.0,49.51,23.28,8.64,14.65,1.6,3.94,26.25198332,83.75077264
20140131,0.0,51.02,23.38,7.56,15.82,1.97,4.94,26.25198332,83.75077264
20140201,0.0,49.88,23.61,6.95,16.67,1.26,5.1,26.25198332,83.75077264
20140202,0.0,50.51,24.59,7.61,16.98,1.34,5.44,26.25198332,83.75077264
20140203,0.0,47.45,26.18,9.4,16.78,2.57,4.89,26.25198332,83.75077264
20140204,0.0,51.12,28.35,10.2,18.15,3.92,4.76,26.25198332,83.75077264
20140205,0.0,50.68,28.39,11.04,17.34,2.42,4.86,26.25198332,83.75077264
20140206,0.0,48.69,28.82,12.26,16.57,4.38,4.84,26.25198332,83.75077264
20140207,0.0,51.64,29.71,12.62,17.09,3.29,7.88,26.25198332,83.75077264
20140208,0.0,52.32,29.21,14.15,15.06,3.92,5.45,26.25198332,83.75077264
20140209,0.0,47.26,27.17,12.35,14.81,3.24,4.06,26.25198332,83.75077264
20140210,0.0,39.02,25.09,9.0,16.09,2.48,3.94,26.25198332,83.75077264
20140211,0.0,37.13,25.8,8.28,17.52,3.99,7.38,26.25198332,83.75077264
20140212,0.0,35.19,25.78,8.21,17.57,3.23,4.38,26.25198332,83.75077264
20140213,0.0,34.02,26.96,7.16,19.8,3.28,7.14,26.25198332,83.75077264
20140214,6.49,73.21,16.7,12.46,4.24,3.83,4.12,26.25198332,83.75077264
20140215,4.74,78.33,22.34,10.22,12.12,3.42,5.17,26.25198332,83.75077264
20140216,3.6,71.58,21.93,10.44,11.49,3.48,7.39,26.25198332,83.75077264
20140217,0.0,47.44,24.99,8.07,16.92,4.96,5.23,26.25198332,83.75077264
20140218,0.04,41.57,25.33,7.63,17.69,3.78,7.24,26.25198332,83.75077264
20140219,0.0,36.05,25.55,9.64,15.91,1.81,2.82,26.25198332,83.75077264
20140220,0.0,35.44,26.04,9.86,16.19,1.66,2.08,26.25198332,83.75077264
20140221,1.53,39.05,27.8,12.31,15.49,3.86,7.63,26.25198332,83.75077264
20140222,1.04,68.09,25.33,14.16,11.17,4.82,6.75,26.25198332,83.75077264
20140223,4.51,69.5,26.92,14.94,11.97,2.57,6.24,26.25198332,83.75077264
20140224,0.0,54.56,27.42,13.18,14.24,2.01,2.58,26.25198332,83.75077264
20140225,0.0,40.54,28.82,12.48,16.33,1.48,4.71,26.25198332,83.75077264
20140226,0.41,55.43,25.6,15.61,9.98,1.95,3.76,26.25198332,83.75077264
20140227,1.92,79.99,25.29,16.0,9.29,2.05,4.88,26.25198332,83.75077264
20140228,4.72,82.5,23.1,15.77,7.33,4.8,7.26,26.25198332,83.75077264
20140301,5.3,71.19,27.61,16.32,11.3,4.02,6.35,26.25198332,83.75077264
20140302,0.0,60.99,27.14,14.37,12.77,2.57,5.07,26.25198332,83.75077264
20140303,0.02,47.69,28.4,12.76,15.64,1.55,3.4,26.25198332,83.75077264
20140304,0.0,40.35,25.74,10.91,14.83,2.21,6.11,26.25198332,83.75077264
20140305,0.0,44.75,28.12,9.65,18.47,2.22,4.07,26.25198332,83.75077264
20140306,0.0,42.77,30.42,12.42,17.99,2.71,4.93,26.25198332,83.75077264
20140307,0.0,42.31,29.78,12.79,16.98,3.78,5.85,26.25198332,83.75077264
20140308,0.01,38.1,29.96,11.01,18.95,2.57,3.56,26.25198332,83.75077264
20140309,0.0,39.62,30.03,12.59,17.44,2.25,5.16,26.25198332,83.75077264
20140310,0.0,41.24,28.86,15.85,13.01,2.58,4.53,26.25198332,83.75077264
20140311,0.0,39.26,32.44,13.96,18.48,2.07,2.78,26.25198332,83.75077264
20140312,0.01,43.51,32.93,17.22,15.71,3.35,5.66,26.25198332,83.75077264
20140313,0.01,43.41,32.89,17.07,15.82,4.33,5.27,26.25198332,83.75077264
20140314,0.0,32.24,32.57,13.98,18.6,2.05,4.78,26.25198332,83.75077264
20140315,0.0,31.96,32.93,13.31,19.62,2.67,4.91,26.25198332,83.75077264
20140316,0.0,34.56,34.04,14.0,20.04,1.22,3.29,26.25198332,83.75077264
20140317,0.0,39.18,34.06,16.15,17.9,2.02,4.43,26.25198332,83.75077264
20140318,0.0,32.47,36.09,19.7,16.39,2.27,3.78,26.25198332,83.75077264
20140319,0.0,29.44,35.57,19.14,16.43,5.17,6.53,26.25198332,83.75077264
20140320,0.0,31.89,32.83,14.71,18.12,3.86,6.22,26.25198332,83.75077264
20140321,0.0,29.26,34.17,18.49,15.68,2.04,2.61,26.25198332,83.75077264
20140322,0.16,25.55,35.22,17.51,17.71,3.4,5.02,26.25198332,83.75077264
20140323,0.19,29.08,35.01,17.26,17.75,3.3,5.1,26.25198332,83.75077264
20140324,0.0,34.49,34.35,17.58,16.77,2.39,5.02,26.25198332,83.75077264
20140325,0.0,35.55,35.95,19.6,16.35,2.06,3.26,26.25198332,83.75077264
20140326,0.04,35.57,37.31,20.5,16.8,3.88,5.07,26.25198332,83.75077264
20140327,0.01,30.88,39.59,21.44,18.15,5.45,5.93,26.25198332,83.75077264
20140328,0.0,26.36,39.83,22.66,17.17,4.62,4.54,26.25198332,83.75077264
20140329,0.0,25.75,39.89,21.53,18.35,5.2,5.68,26.25198332,83.75077264
20140330,0.0,26.32,39.3,23.2,16.1,5.69,6.09,26.25198332,83.75077264
20140331,0.0,22.74,37.14,19.33,17.82,4.51,4.87,26.25198332,83.75077264
20140401,0.0,19.4,37.83,17.9,19.93,5.28,6.61,26.25198332,83.75077264
20140402,0.0,22.77,38.51,18.67,19.84,5.88,6.5,26.25198332,83.75077264
20140403,0.01,25.29,38.92,21.02,17.9,2.05,4.89,26.25198332,83.75077264
20140404,0.08,28.06,37.63,19.02,18.61,1.58,5.4,26.25198332,83.75077264
20140405,0.0,25.15,38.62,19.65,18.97,3.29,4.97,26.25198332,83.75077264
20140406,0.0,22.71,40.64,23.44,17.2,3.41,4.39,26.25198332,83.75077264
20140407,0.0,24.91,41.29,22.79,18.5,2.94,4.64,26.25198332,83.75077264
20140408,0.08,22.08,42.24,25.6,16.64,6.91,9.82,26.25198332,83.75077264
20140409,0.14,14.81,38.88,21.03,17.86,3.04,4.24,26.25198332,83.75077264
20140410,0.0,13.49,39.06,19.75,19.31,3.43,2.99,26.25198332,83.75077264
20140411,0.0,12.53,39.55,19.32,20.23,4.31,4.85,26.25198332,83.75077264
20140412,0.0,13.28,39.73,22.73,17.0,4.37,5.13,26.25198332,83.75077264
20140413,0.0,15.9,40.2,21.32,18.88,4.03,7.77,26.25198332,83.75077264
20140414,0.0,19.8,39.7,23.83,15.87,4.02,5.66,26.25198332,83.75077264
20140415,0.0,20.97,40.54,23.26,17.28,2.78,2.95,26.25198332,83.75077264
20140416,0.0,18.77,41.57,26.43,15.13,4.8,8.3,26.25198332,83.75077264
20140417,0.0,18.68,41.21,24.43,16.78,4.0,4.04,26.25198332,83.75077264
20140418,0.0,19.26,41.24,26.07,15.17,5.03,5.28,26.25198332,83.75077264
20140419,0.0,23.49,40.48,25.17,15.31,2.76,5.12,26.25198332,83.75077264
20140420,0.0,22.07,38.73,25.19,13.54,3.06,3.49,26.25198332,83.75077264
20140421,0.0,16.52,40.52,23.18,17.34,3.37,3.74,26.25198332,83.75077264
20140422,0.0,13.27,41.89,24.53,17.37,3.83,5.34,26.25198332,83.75077264
20140423,0.0,16.73,40.83,25.02,15.81,4.98,2.66,26.25198332,83.75077264
20140424,0.0,19.16,41.74,25.65,16.08,3.68,3.61,26.25198332,83.75077264
20140425,0.0,15.69,42.75,25.2,17.55,3.43,3.38,26.25198332,83.75077264
20140426,0.03,16.6,44.02,26.03,17.99,2.83,3.19,26.25198332,83.75077264
20140427,0.0,16.42,43.98,26.75,17.24,3.67,5.04,26.25198332,83.75077264
20140428,0.07,12.89,43.42,26.58,16.84,6.74,7.61,26.25198332,83.75077264
20140429,0.0,8.94,44.3,26.81,17.49,3.14,3.52,26.25198332,83.75077264
20140430,0.0,10.45,44.58,26.23,18.35,2.94,3.88,26.25198332,83.75077264
20140501,0.0,15.64,44.96,25.27,19.69,2.45,4.87,26.25198332,83.75077264
20140502,1.93,24.51,43.08,25.74,17.34,3.31,4.68,26.25198332,83.75077264
20140503,0.28,30.58,42.01,27.74,14.27,6.31,8.64,26.25198332,83.75077264
20140504,1.88,31.08,41.09,27.39,13.7,4.7,7.43,26.25198332,83.75077264
20140505,1.45,33.27,40.02,27.49,12.53,5.57,8.03,26.25198332,83.75077264
20140506,6.05,34.8,39.72,25.91,13.8,3.39,6.2,26.25198332,83.75077264
20140507,0.73,31.65,40.88,27.34,13.54,2.43,2.31,26.25198332,83.75077264
20140508,0.0,26.42,41.88,28.27,13.61,5.75,5.91,26.25198332,83.75077264
20140509,0.0,18.78,44.66,27.91,16.76,6.72,4.91,26.25198332,83.75077264
20140510,0.03,20.83,44.63,27.88,16.75,7.38,8.11,26.25198332,83.75077264
20140511,0.0,18.46,44.81,27.14,17.67,2.29,4.36,26.25198332,83.75077264
20140512,0.0,19.38,43.51,28.22,15.28,4.62,4.47,26.25198332,83.75077264
20140513,0.02,21.38,42.49,29.78,12.71,4.29,5.01,26.25198332,83.75077264
20140514,0.0,22.44,42.89,27.97,14.91,5.33,5.63,26.25198332,83.75077264
20140515,0.0,21.4,42.13,28.47,13.66,4.82,4.07,26.25198332,83.75077264
20140516,0.0,19.46,42.87,27.38,15.49,4.57,3.94,26.25198332,83.75077264
20140517,0.0,18.94,43.96,28.12,15.84,4.47,4.7,26.25198332,83.75077264
20140518,0.0,15.82,44.12,29.04,15.08,5.26,4.13,26.25198332,83.75077264
20140519,0.0,14.04,45.19,29.81,15.38,4.33,2.31,26.25198332,83.75077264
20140520,0.01,12.58,45.82,27.95,17.87,4.21,5.02,26.25198332,83.75077264
20140521,0.0,17.09,44.5,29.81,14.69,6.66,4.49,26.25198332,83.75077264
20140522,0.0,14.8,44.62,28.63,15.99,3.71,2.46,26.25198332,83.75077264
20140523,0.0,11.82,45.36,27.41,17.95,3.3,6.71,26.25198332,83.75077264
20140524,0.01,23.29,43.89,29.05,14.83,5.86,7.61,26.25198332,83.75077264
20140525,5.53,37.04,41.14,31.02,10.12,3.66,4.6,26.25198332,83.75077264
20140526,20.01,53.0,34.39,28.32,6.07,4.7,4.63,26.25198332,83.75077264
20140527,10.56,61.41,32.0,25.45,6.56,4.77,4.45,26.25198332,83.75077264
20140528,1.02,50.24,38.1,24.12,13.97,2.92,5.64,26.25198332,83.75077264
20140529,0.06,35.78,42.41,26.72,15.7,3.82,7.8,26.25198332,83.75077264
20140530,1.74,37.6,42.35,27.13,15.23,4.01,7.06,26.25198332,83.75077264
20140531,5.12,43.4,39.49,27.81,11.68,3.59,5.94,26.25198332,83.75077264
20140601,0.0,43.73,40.24,27.68,12.57,3.25,4.77,26.25198332,83.75077264
20140602,0.01,40.87,41.07,28.86,12.21,2.86,3.78,26.25198332,83.75077264
20140603,0.14,34.22,42.75,29.21,13.54,2.49,3.77,26.25198332,83.75077264
20140604,0.04,27.64,43.51,30.46,13.05,2.22,3.84,26.25198332,83.75077264
20140605,0.16,26.9,44.36,29.08,15.28,3.1,5.04,26.25198332,83.75077264
20140606,0.15,26.21,46.18,29.7,16.48,4.11,7.99,26.25198332,83.75077264
20140607,0.12,34.83,44.94,30.13,14.81,4.1,7.44,26.25198332,83.75077264
20140608,0.21,33.41,44.85,30.31,14.54,4.45,6.67,26.25198332,83.75077264
20140609,0.24,26.45,45.57,29.59,15.98,4.0,7.17,26.25198332,83.75077264
20140610,3.58,34.48,44.74,28.91,15.83,4.75,7.92,26.25198332,83.75077264
20140611,0.58,31.07,45.7,29.59,16.11,4.14,6.99,26.25198332,83.75077264
20140612,0.16,20.12,45.58,29.71,15.88,6.24,7.03,26.25198332,83.75077264
20140613,0.01,20.11,45.91,31.84,14.07,6.58,5.28,26.25198332,83.75077264
20140614,0.0,27.32,43.32,31.17,12.14,3.71,4.33,26.25198332,83.75077264
20140615,0.12,30.44,42.6,31.21,11.39,1.82,3.03,26.25198332,83.75077264
20140616,1.69,31.1,42.43,32.94,9.49,1.06,3.13,26.25198332,83.75077264
20140617,15.89,45.05,38.86,31.27,7.59,3.99,6.14,26.25198332,83.75077264
20140618,6.05,50.69,39.65,29.18,10.47,3.15,4.18,26.25198332,83.75077264
20140619,14.08,54.69,37.62,31.41,6.21,2.2,2.38,26.25198332,83.75077264
20140620,16.05,56.57,37.49,30.88,6.61,3.13,3.3,26.25198332,83.75077264
20140621,24.32,60.0,38.85,29.55,9.3,3.01,4.04,26.25198332,83.75077264
20140622,4.27,47.01,42.5,28.94,13.56,4.39,4.95,26.25198332,83.75077264
20140623,4.1,41.65,42.37,30.67,11.69,4.26,3.95,26.25198332,83.75077264
20140624,0.47,42.33,41.94,30.04,11.9,2.73,3.24,26.25198332,83.75077264
20140625,0.7,38.36,41.69,30.04,11.65,1.56,4.37,26.25198332,83.75077264
20140626,2.12,42.5,40.94,29.66,11.27,2.06,4.55,26.25198332,83.75077264
20140627,3.72,41.9,40.94,30.7,10.25,1.72,3.43,26.25198332,83.75077264
20140628,1.55,42.37,41.06,31.14,9.92,2.51,4.24,26.25198332,83.75077264
20140629,10.43,45.06,40.64,31.73,8.91,4.08,5.18,26.25198332,83.75077264
20140630,25.51,53.0,38.68,30.44,8.24,2.59,2.98,26.25198332,83.75077264
20140701,14.69,56.59,38.45,28.66,9.79,3.4,5.28,26.25198332,83.75077264
20140702,3.24,53.93,37.74,28.97,8.77,2.17,4.17,26.25198332,83.75077264
20140703,6.81,55.53,38.77,28.26,10.51,2.88,4.17,26.25198332,83.75077264
20140704,17.05,68.34,34.25,27.47,6.78,4.39,6.47,26.25198332,83.75077264
20140705,19.74,73.91,35.19,27.06,8.13,3.27,5.14,26.25198332,83.75077264
20140706,32.8,85.61,31.88,27.92,3.96,2.59,2.73,26.25198332,83.75077264
20140707,5.39,76.46,34.14,26.92,7.22,2.58,3.72,26.25198332,83.75077264
20140708,0.41,67.07,36.29,27.35,8.94,2.4,2.62,26.25198332,83.75077264
20140709,1.55,57.66,38.27,28.35,9.92,2.28,5.42,26.25198332,83.75077264
20140710,5.89,63.46,36.99,27.91,9.08,2.41,5.31,26.25198332,83.75077264
20140711,7.57,76.22,33.59,28.0,5.59,1.78,4.26,26.25198332,83.75077264
20140712,5.1,72.39,35.85,27.67,8.18,0.86,2.48,26.25198332,83.75077264
20140713,2.11,75.31,34.64,28.04,6.61,2.99,3.01,26.25198332,83.75077264
20140714,1.76,74.38,35.72,27.75,7.97,2.25,1.81,26.25198332,83.75077264
20140715,5.19,82.96,32.7,27.99,4.71,3.13,3.02,26.25198332,83.75077264
20140716,2.84,79.16,33.85,26.71,7.14,5.08,3.98,26.25198332,83.75077264
20140717,11.41,77.67,34.45,26.86,7.58,1.84,2.97,26.25198332,83.75077264
20140718,11.34,83.73,32.02,27.64,4.37,4.15,4.76,26.25198332,83.75077264
20140719,10.15,79.59,34.09,26.3,7.79,2.13,2.94,26.25198332,83.75077264
20140720,16.29,76.29,34.94,27.71,7.23,4.63,5.4,26.25198332,83.75077264
20140721,2.67,82.55,31.78,27.77,4.01,6.65,8.42,26.25198332,83.75077264
20140722,2.31,78.48,33.82,26.48,7.34,5.14,4.33,26.25198332,83.75077264
20140723,2.04,78.76,33.07,26.38,6.69,4.33,3.01,26.25198332,83.75077264
20140724,8.21,77.89,32.56,25.96,6.6,2.08,3.8,26.25198332,83.75077264
20140725,2.18,73.76,33.79,26.25,7.54,1.35,2.79,26.25198332,83.75077264
20140726,2.74,74.47,33.5,26.8,6.69,4.5,5.48,26.25198332,83.75077264
20140727,1.98,76.68,33.8,26.99,6.82,3.18,3.13,26.25198332,83.75077264
20140728,0.56,76.87,33.07,26.61,6.46,2.67,2.88,26.25198332,83.75077264
20140729,4.59,73.03,35.19,26.63,8.57,2.86,3.01,26.25198332,83.75077264
20140730,2.82,74.74,34.32,26.93,7.39,3.18,2.16,26.25198332,83.75077264
20140731,1.85,72.65,35.44,27.25,8.19,3.81,3.44,26.25198332,83.75077264
20140801,0.14,70.84,35.7,27.04,8.66,2.69,2.89,26.25198332,83.75077264
20140802,8.01,68.78,35.72,27.06,8.66,1.46,3.98,26.25198332,83.75077264
20140803,12.17,76.25,34.22,27.77,6.45,1.19,2.65,26.25198332,83.75077264
20140804,9.77,79.49,34.54,27.57,6.97,3.45,4.67,26.25198332,83.75077264
20140805,1.13,74.76,34.81,26.66,8.16,7.62,9.0,26.25198332,83.75077264
20140806,1.31,73.4,34.33,26.19,8.14,6.99,6.8,26.25198332,83.75077264
20140807,0.59,71.84,34.82,26.01,8.81,1.75,2.86,26.25198332,83.75077264
20140808,11.46,74.25,33.97,27.47,6.5,3.77,4.5,26.25198332,83.75077264
20140809,29.4,80.58,32.92,26.23,6.69,1.38,2.29,26.25198332,83.75077264
20140810,11.88,78.21,33.94,26.92,7.02,2.65,2.91,26.25198332,83.75077264
20140811,13.67,76.22,33.98,27.11,6.87,2.42,3.07,26.25198332,83.75077264
20140812,7.13,77.49,34.17,27.75,6.41,4.27,5.64,26.25198332,83.75077264
20140813,23.18,85.92,33.09,27.1,5.99,2.87,2.77,26.25198332,83.75077264
20140814,72.26,90.65,31.05,26.99,4.06,1.93,1.66,26.25198332,83.75077264
20140815,24.4,85.19,32.24,26.42,5.82,3.01,5.71,26.25198332,83.75077264
20140816,5.13,87.43,30.27,26.09,4.18,2.56,2.59,26.25198332,83.75077264
20140817,2.81,84.0,31.91,25.55,6.36,3.01,2.51,26.25198332,83.75077264
20140818,7.71,80.27,33.25,25.6,7.65,1.39,2.49,26.25198332,83.75077264
20140819,0.05,80.03,33.87,25.67,8.19,1.67,2.79,26.25198332,83.75077264
20140820,7.91,78.51,34.73,25.91,8.82,1.89,4.5,26.25198332,83.75077264
20140821,5.46,84.23,32.6,26.45,6.15,1.0,4.16,26.25198332,83.75077264
20140822,2.11,78.68,34.06,24.59,9.46,1.68,4.37,26.25198332,83.75077264
20140823,7.17,77.83,34.35,25.16,9.2,1.93,3.32,26.25198332,83.75077264
20140824,4.46,78.46,34.76,25.19,9.57,1.96,3.14,26.25198332,83.75077264
20140825,2.45,75.61,34.75,25.4,9.36,3.21,5.29,26.25198332,83.75077264
20140826,13.3,78.97,34.24,25.73,8.51,1.64,4.39,26.25198332,83.75077264
20140827,12.17,82.73,33.18,25.45,7.73,1.99,4.27,26.25198332,83.75077264
20140828,0.52,84.71,31.74,25.86,5.88,3.0,2.06,26.25198332,83.75077264
20140829,0.33,85.08,31.29,25.11,6.18,2.58,2.17,26.25198332,83.75077264
20140830,2.6,85.94,31.66,25.81,5.85,1.55,2.69,26.25198332,83.75077264
20140831,3.14,85.58,32.05,25.57,6.48,4.87,5.12,26.25198332,83.75077264
20140901,0.86,88.83,29.15,24.8,4.35,3.83,4.28,26.25198332,83.75077264
20140902,0.96,86.79,30.77,25.12,5.65,4.29,4.03,26.25198332,83.75077264
20140903,1.4,83.78,32.23,25.26,6.98,3.89,3.41,26.25198332,83.75077264
20140904,1.38,82.34,31.62,25.13,6.49,2.15,2.05,26.25198332,83.75077264
20140905,7.93,78.24,32.43,24.98,7.45,1.32,2.31,26.25198332,83.75077264
20140906,2.23,83.9,32.06,26.07,5.99,2.23,4.47,26.25198332,83.75077264
20140907,0.67,84.18,32.61,25.32,7.28,3.92,3.09,26.25198332,83.75077264
20140908,0.32,84.21,31.8,25.75,6.05,4.01,2.64,26.25198332,83.75077264
20140909,1.94,85.72,31.87,25.29,6.57,2.31,1.67,26.25198332,83.75077264
20140910,1.49,87.43,30.69,25.21,5.48,2.29,3.58,26.25198332,83.75077264
20140911,2.01,88.64,30.07,25.31,4.76,1.76,4.23,26.25198332,83.75077264
20140912,7.94,85.95,30.55,24.87,5.69,2.72,3.63,26.25198332,83.75077264
20140913,23.18,87.91,29.55,25.21,4.33,2.8,3.2,26.25198332,83.75077264
20140914,11.86,87.29,28.51,24.38,4.12,3.3,4.62,26.25198332,83.75077264
20140915,1.17,84.66,30.13,23.84,6.3,2.1,2.34,26.25198332,83.75077264
20140916,5.35,87.63,30.19,24.01,6.18,3.09,3.98,26.25198332,83.75077264
20140917,0.28,80.99,32.73,24.47,8.25,0.73,2.06,26.25198332,83.75077264
20140918,5.23,74.03,33.2,24.12,9.08,2.56,3.92,26.25198332,83.75077264
20140919,26.83,73.44,34.43,25.14,9.29,2.08,4.76,26.25198332,83.75077264
20140920,34.5,87.16,31.0,25.94,5.06,1.61,2.49,26.25198332,83.75077264
20140921,11.22,82.23,31.34,24.46,6.88,1.8,4.31,26.25198332,83.75077264
20140922,4.38,77.96,32.37,23.78,8.6,2.45,3.67,26.25198332,83.75077264
20140923,3.67,80.29,32.11,21.67,10.44,2.49,2.89,26.25198332,83.75077264
20140924,14.78,77.06,32.05,22.34,9.71,2.77,6.03,26.25198332,83.75077264
20140925,7.76,78.98,31.25,21.67,9.58,2.35,2.57,26.25198332,83.75077264
20140926,4.89,78.98,31.9,20.29,11.61,1.85,2.37,26.25198332,83.75077264
20140927,0.51,78.34,32.13,21.26,10.88,2.31,4.25,26.25198332,83.75077264
20140928,0.07,74.45,32.63,21.95,10.68,2.08,4.67,26.25198332,83.75077264
20140929,5.78,76.31,31.79,22.84,8.94,1.91,3.05,26.25198332,83.75077264
20140930,3.92,73.31,32.33,22.36,9.98,2.1,4.84,26.25198332,83.75077264
20141001,0.5,75.46,31.08,22.5,8.58,1.23,2.73,26.25198332,83.75077264
20141002,5.55,72.19,30.94,22.54,8.4,1.09,1.54,26.25198332,83.75077264
20141003,0.02,74.0,31.92,22.5,9.42,1.82,4.41,26.25198332,83.75077264
20141004,0.01,73.82,31.96,22.26,9.71,2.49,5.66,26.25198332,83.75077264
20141005,0.0,75.78,32.1,22.39,9.71,2.31,4.24,26.25198332,83.75077264
20141006,0.03,74.96,32.26,23.13,9.12,1.26,2.26,26.25198332,83.75077264
20141007,0.02,77.11,32.25,23.7,8.55,1.94,4.17,26.25198332,83.75077264
20141008,0.0,73.92,32.22,22.93,9.29,2.18,4.59,26.25198332,83.75077264
20141009,0.0,73.04,32.28,22.53,9.76,1.84,3.3,26.25198332,83.75077264
20141010,0.1,67.41,32.53,22.38,10.15,2.21,3.64,26.25198332,83.75077264
20141011,0.0,64.4,32.6,20.46,12.14,1.06,2.02,26.25198332,83.75077264
20141012,2.38,80.23,31.13,19.92,11.21,2.08,2.91,26.25198332,83.75077264
20141013,6.3,91.03,26.92,22.55,4.36,3.06,3.19,26.25198332,83.75077264
20141014,75.06,93.1,26.58,22.52,4.06,7.33,7.38,26.25198332,83.75077264
20141015,10.1,86.35,28.31,20.76,7.55,2.07,4.05,26.25198332,83.75077264
20141016,0.0,80.48,28.34,18.88,9.46,1.52,2.83,26.25198332,83.75077264
20141017,0.0,74.95,29.43,17.58,11.86,1.69,2.73,26.25198332,83.75077264
20141018,0.0,65.73,28.94,16.94,12.0,1.1,2.12,26.25198332,83.75077264
20141019,0.0,69.46,28.63,15.61,13.02,1.93,3.08,26.25198332,83.75077264
20141020,0.0,64.04,28.53,14.91,13.62,2.23,4.39,26.25198332,83.75077264
20141021,0.0,63.71,29.35,16.95,12.4,1.58,2.64,26.25198332,83.75077264
20141022,0.01,66.72,29.19,18.02,11.17,1.67,2.7,26.25198332,83.75077264
20141023,0.0,71.91,29.41,17.27,12.14,1.69,3.53,26.25198332,83.75077264
20141024,0.0,68.0,29.14,17.81,11.33,2.12,3.72,26.25198332,83.75077264
20141025,0.0,75.17,27.57,19.52,8.04,0.96,2.03,26.25198332,83.75077264
20141026,2.71,73.54,28.27,18.48,9.79,1.07,1.42,26.25198332,83.75077264
20141027,0.19,72.05,28.51,18.39,10.13,1.76,3.14,26.25198332,83.75077264
20141028,0.17,71.38,27.65,17.04,10.61,2.38,3.82,26.25198332,83.75077264
20141029,0.01,66.81,28.59,16.67,11.93,2.27,3.4,26.25198332,83.75077264
20141030,0.0,70.62,28.54,17.49,11.05,1.74,3.35,26.25198332,83.75077264
20141031,0.0,74.14,27.7,17.53,10.17,1.81,2.23,26.25198332,83.75077264
20141101,0.0,69.89,28.37,16.56,11.81,1.93,2.59,26.25198332,83.75077264
20141102,0.0,67.23,28.69,15.14,13.56,1.57,3.68,26.25198332,83.75077264
20141103,0.0,62.86,28.05,13.12,14.93,1.37,2.84,26.25198332,83.75077264
20141104,0.0,61.94,28.86,13.5,15.36,1.57,3.22,26.25198332,83.75077264
20141105,0.0,61.04,28.82,16.39,12.42,1.45,2.37,26.25198332,83.75077264
20141106,0.0,66.61,29.41,16.25,13.16,1.69,2.67,26.25198332,83.75077264
20141107,0.0,59.51,28.88,14.83,14.05,1.3,2.47,26.25198332,83.75077264
20141108,0.0,60.35,29.73,17.79,11.93,1.53,2.37,26.25198332,83.75077264
20141109,0.0,63.93,29.17,16.54,12.63,2.2,3.86,26.25198332,83.75077264
20141110,0.0,62.83,29.43,16.45,12.98,2.24,4.34,26.25198332,83.75077264
20141111,0.0,60.19,29.76,16.34,13.42,1.39,2.18,26.25198332,83.75077264
20141112,0.0,60.2,28.84,15.12,13.72,2.57,5.47,26.25198332,83.75077264
20141113,0.0,53.8,28.08,11.05,17.03,1.77,5.76,26.25198332,83.75077264
20141114,0.0,53.98,27.63,11.78,15.85,1.79,3.39,26.25198332,83.75077264
20141115,0.0,54.91,27.73,11.19,16.54,2.19,4.36,26.25198332,83.75077264
20141116,0.0,54.23,26.97,12.23,14.73,1.34,2.57,26.25198332,83.75077264
20141117,0.0,48.98,26.76,10.37,16.39,2.32,4.96,26.25198332,83.75077264
20141118,0.0,46.73,26.92,12.01,14.91,1.04,1.6,26.25198332,83.75077264
20141119,0.0,50.66,26.79,11.48,15.31,1.29,3.55,26.25198332,83.75077264
20141120,0.0,49.35,25.61,9.95,15.66,2.33,4.01,26.25198332,83.75077264
20141121,0.0,50.66,25.96,10.23,15.73,1.71,3.27,26.25198332,83.75077264
20141122,0.0,48.22,26.05,9.86,16.19,1.89,3.91,26.25198332,83.75077264
20141123,0.0,49.12,26.51,10.64,15.87,2.34,2.79,26.25198332,83.75077264
20141124,0.0,49.92,26.36,9.87,16.49,2.01,2.94,26.25198332,83.75077264
20141125,0.0,46.02,25.68,9.49,16.19,2.29,3.33,26.25198332,83.75077264
20141126,0.0,49.5,25.16,9.33,15.82,3.0,4.64,26.25198332,83.75077264
20141127,0.0,46.5,24.48,10.91,13.56,1.0,1.81,26.25198332,83.75077264
20141128,0.0,48.93,24.54,11.06,13.48,2.17,3.5,26.25198332,83.75077264
20141129,0.0,53.43,25.98,11.69,14.29,1.7,2.25,26.25198332,83.75077264
20141130,0.0,58.76,27.75,12.5,15.25,2.88,4.46,26.25198332,83.75077264
20141201,0.0,57.2,27.44,11.38,16.07,3.17,3.43,26.25198332,83.75077264
20141202,0.0,54.1,26.54,9.07,17.46,1.54,3.12,26.25198332,83.75077264
20141203,0.0,50.45,26.06,9.4,16.66,3.84,5.55,26.25198332,83.75077264
20141204,0.0,47.74,26.62,10.17,16.45,1.8,2.76,26.25198332,83.75077264
20141205,0.0,51.33,25.91,11.62,14.29,1.99,3.04,26.25198332,83.75077264
20141206,0.0,49.71,25.65,9.96,15.69,2.37,2.83,26.25198332,83.75077264
20141207,0.0,48.25,25.6,9.8,15.8,2.7,3.32,26.25198332,83.75077264
20141208,0.0,45.59,25.46,8.9,16.56,3.02,3.07,26.25198332,83.75077264
20141209,0.0,40.74,26.03,11.04,14.99,1.31,1.84,26.25198332,83.75077264
20141210,0.0,43.03,25.31,8.46,16.85,2.67,3.12,26.25198332,83.75077264
20141211,0.0,49.4,19.9,9.38,10.52,1.99,3.65,26.25198332,83.75077264
20141212,6.41,39.71,22.82,6.01,16.81,3.18,5.54,26.25198332,83.75077264
20141213,0.27,50.56,20.91,9.08,11.83,5.12,5.87,26.25198332,83.75077264
20141214,3.0,82.43,19.71,13.42,6.28,5.09,6.25,26.25198332,83.75077264
20141215,2.75,80.8,22.41,13.94,8.47,3.2,5.58,26.25198332,83.75077264
20141216,0.24,67.17,22.99,9.58,13.41,2.68,4.12,26.25198332,83.75077264
20141217,0.47,58.78,22.7,7.8,14.9,2.34,4.12,26.25198332,83.75077264
20141218,0.0,52.86,21.53,5.94,15.59,1.84,5.13,26.25198332,83.75077264
20141219,0.0,52.91,20.56,5.25,15.31,2.44,4.8,26.25198332,83.75077264
20141220,0.0,52.73,20.98,5.63,15.35,1.59,4.37,26.25198332,83.75077264
20141221,0.0,48.29,22.05,4.4,17.65,1.46,4.53,26.25198332,83.75077264
20141222,0.0,44.27,21.34,4.83,16.51,1.18,3.22,26.25198332,83.75077264
20141223,0.0,40.76,21.5,5.98,15.52,1.25,2.56,26.25198332,83.75077264
20141224,0.0,45.34,21.83,5.68,16.14,1.64,2.65,26.25198332,83.75077264
20141225,0.0,53.6,21.52,5.22,16.3,2.02,3.45,26.25198332,83.75077264
20141226,0.0,53.54,21.41,5.16,16.24,2.14,4.64,26.25198332,83.75077264
20141227,0.0,52.32,21.11,4.68,16.42,1.95,4.93,26.25198332,83.75077264
20141228,0.0,47.47,21.96,4.92,17.04,2.17,4.02,26.25198332,83.75077264
20141229,0.0,44.24,22.56,5.46,17.1,2.56,4.58,26.25198332,83.75077264
20141230,0.0,44.4,21.66,6.47,15.19,2.72,5.28,26.25198332,83.75077264
20141231,0.0,49.13,23.71,8.53,15.18,2.41,3.48,26.25198332,83.75077264
20150101,10.28,57.96,24.85,13.06,11.79,2.87,3.94,26.25198332,83.75077264
20150102,16.21,81.05,22.55,16.04,6.51,3.16,4.03,26.25198332,83.75077264
20150103,3.47,85.44,24.3,14.04,10.26,1.74,4.89,26.25198332,83.75077264
20150104,1.12,73.95,24.55,14.59,9.96,3.27,4.06,26.25198332,83.75077264
20150105,0.0,58.28,21.81,10.1,11.71,3.54,2.12,26.25198332,83.75077264
20150106,0.0,58.79,21.07,5.99,15.08,1.56,5.56,26.25198332,83.75077264
20150107,0.0,56.29,22.12,7.53,14.59,1.74,2.8,26.25198332,83.75077264
20150108,0.0,60.17,21.67,7.66,14.01,1.76,5.96,26.25198332,83.75077264
20150109,0.01,55.12,22.18,6.51,15.67,1.81,5.19,26.25198332,83.75077264
20150110,0.0,51.47,21.11,4.63,16.48,1.97,4.99,26.25198332,83.75077264
20150111,0.0,49.12,21.24,4.45,16.79,2.25,3.25,26.25198332,83.75077264
20150112,0.0,46.11,20.66,5.66,15.0,1.31,2.19,26.25198332,83.75077264
20150113,0.0,46.49,21.72,5.17,16.55,2.58,4.23,26.25198332,83.75077264
20150114,0.0,45.64,21.58,8.03,13.55,2.51,3.99,26.25198332,83.75077264
20150115,0.0,51.97,22.84,8.59,14.24,2.64,6.25,26.25198332,83.75077264
20150116,0.0,56.61,22.99,7.24,15.75,1.32,5.58,26.25198332,83.75077264
20150117,0.0,57.59,22.33,5.9,16.43,2.27,4.23,26.25198332,83.75077264
20150118,0.0,55.95,22.4,6.68,15.72,2.15,4.22,26.25198332,83.75077264
20150119,0.0,51.41,22.13,5.54,16.59,1.77,4.59,26.25198332,83.75077264
20150120,0.0,47.41,21.52,5.18,16.34,2.25,3.72,26.25198332,83.75077264
20150121,0.0,42.39,21.88,6.09,15.79,2.03,3.62,26.25198332,83.75077264
20150122,0.0,42.03,24.43,7.75,16.68,2.66,4.43,26.25198332,83.75077264
20150123,0.38,64.56,24.16,12.43,11.73,4.05,6.27,26.25198332,83.75077264
20150124,0.2,60.34,25.33,10.65,14.67,2.88,4.79,26.25198332,83.75077264
20150125,0.0,53.73,25.64,8.4,17.24,2.31,5.46,26.25198332,83.75077264
20150126,0.67,73.64,21.99,13.32,8.67,3.36,5.92,26.25198332,83.75077264
20150127,2.91,81.52,21.22,12.0,9.22,2.06,4.23,26.25198332,83.75077264
20150128,0.15,61.16,25.12,11.81,13.3,1.51,3.54,26.25198332,83.75077264
20150129,2.33,56.85,23.01,12.29,10.73,3.53,7.2,26.25198332,83.75077264
20150130,0.0,44.49,22.73,6.83,15.89,2.87,5.07,26.25198332,83.75077264
20150131,0.0,44.13,23.29,5.21,18.08,2.46,5.41,26.25198332,83.75077264
20150201,0.0,42.39,23.0,6.88,16.12,1.33,3.2,26.25198332,83.75077264
20150202,0.0,39.86,24.67,8.97,15.71,2.62,3.77,26.25198332,83.75077264
20150203,0.0,40.1,27.4,10.44,16.95,2.01,3.09,26.25198332,83.75077264
20150204,0.22,45.38,28.46,12.12,16.34,5.32,8.33,26.25198332,83.75077264
20150205,0.28,47.12,25.02,8.21,16.81,1.83,6.15,26.25198332,83.75077264
20150206,0.0,39.52,24.71,7.15,17.56,1.37,4.33,26.25198332,83.75077264
20150207,0.0,44.27,26.75,8.23,18.52,2.49,2.88,26.25198332,83.75077264
20150208,0.48,57.59,25.26,12.9,12.36,4.35,5.48,26.25198332,83.75077264
20150209,0.0,60.07,26.62,12.84,13.78,2.2,2.75,26.25198332,83.75077264
20150210,0.0,40.05,28.07,10.37,17.7,2.19,4.93,26.25198332,83.75077264
20150211,0.0,38.3,27.04,8.43,18.62,2.49,6.38,26.25198332,83.75077264
20150212,0.02,44.72,26.87,10.39,16.48,2.26,4.6,26.25198332,83.75077264
20150213,0.0,42.2,26.87,10.18,16.69,2.75,4.12,26.25198332,83.75077264
20150214,0.0,37.03,27.91,8.8,19.11,3.42,7.87,26.25198332,83.75077264
20150215,0.0,41.88,28.71,11.71,16.99,2.55,5.54,26.25198332,83.75077264
20150216,0.0,44.16,28.38,13.63,14.75,2.16,4.74,26.25198332,83.75077264
20150217,0.0,46.84,28.35,14.13,14.22,2.83,3.46,26.25198332,83.75077264
20150218,0.01,48.1,30.18,14.27,15.91,3.64,4.57,26.25198332,83.75077264
20150219,0.09,43.7,30.33,16.51,13.82,2.33,3.41,26.25198332,83.75077264
20150220,0.07,38.86,30.89,14.05,16.84,2.78,3.92,26.25198332,83.75077264
20150221,0.0,38.25,32.2,16.97,15.23,4.86,7.71,26.25198332,83.75077264
20150222,0.0,38.31,32.94,14.83,18.11,2.91,5.09,26.25198332,83.75077264
20150223,0.14,38.34,31.91,17.32,14.59,2.23,3.76,26.25198332,83.75077264
20150224,0.0,38.5,32.23,16.1,16.13,1.21,2.71,26.25198332,83.75077264
20150225,0.0,36.05,32.04,17.18,14.86,1.7,2.13,26.25198332,83.75077264
20150226,3.34,42.53,32.49,17.5,15.0,4.42,7.76,26.25198332,83.75077264
20150227,0.16,49.28,32.06,16.87,15.19,2.84,5.55,26.25198332,83.75077264
20150228,0.01,41.78,33.11,18.28,14.83,1.87,4.71,26.25198332,83.75077264
20150301,2.28,57.34,26.28,18.24,8.04,5.43,7.71,26.25198332,83.75077264
20150302,8.54,74.72,24.43,16.89,7.54,4.23,6.55,26.25198332,83.75077264
20150303,3.57,66.25,26.45,14.48,11.97,3.51,4.72,26.25198332,83.75077264
20150304,0.13,45.04,28.13,15.11,13.02,3.51,3.23,26.25198332,83.75077264
20150305,0.0,36.07,28.66,10.93,17.73,2.7,4.0,26.25198332,83.75077264
20150306,0.0,36.02,29.84,11.43,18.41,2.92,5.08,26.25198332,83.75077264
20150307,0.0,39.19,30.93,13.46,17.48,2.61,4.86,26.25198332,83.75077264
20150308,0.0,40.09,32.19,14.85,17.34,1.81,4.71,26.25198332,83.75077264
20150309,0.03,41.22,33.64,16.84,16.8,2.49,5.94,26.25198332,83.75077264
20150310,0.0,34.65,33.53,16.86,16.67,3.62,4.0,26.25198332,83.75077264
20150311,0.0,27.39,32.39,11.44,20.94,2.64,4.81,26.25198332,83.75077264
20150312,0.0,27.15,34.18,12.06,22.12,2.62,6.99,26.25198332,83.75077264
20150313,0.0,36.63,35.29,16.56,18.73,3.88,4.32,26.25198332,83.75077264
20150314,0.02,42.35,33.22,18.47,14.75,3.59,5.12,26.25198332,83.75077264
20150315,0.21,50.3,32.66,17.3,15.36,4.41,4.26,26.25198332,83.75077264
20150316,2.86,55.37,30.66,16.97,13.69,3.93,4.43,26.25198332,83.75077264
20150317,0.46,45.51,33.41,18.95,14.46,5.05,4.97,26.25198332,83.75077264
20150318,0.0,35.81,32.85,19.08,13.76,3.21,3.5,26.25198332,83.75077264
20150319,0.03,34.68,33.07,14.87,18.2,2.03,4.24,26.25198332,83.75077264
20150320,0.01,32.5,34.39,15.51,18.88,1.35,5.24,26.25198332,83.75077264
20150321,0.0,30.88,35.01,15.63,19.38,1.73,5.39,26.25198332,83.75077264
20150322,0.0,31.72,36.97,18.13,18.84,2.4,4.62,26.25198332,83.75077264
20150323,0.0,33.64,37.09,18.13,18.96,1.51,4.4,26.25198332,83.75077264
20150324,0.02,31.01,37.18,19.06,18.12,3.12,7.12,26.25198332,83.75077264
20150325,0.0,29.71,37.93,21.96,15.97,1.48,2.58,26.25198332,83.75077264
20150326,0.0,31.16,38.82,22.92,15.9,1.79,3.1,26.25198332,83.75077264
20150327,4.02,41.4,37.15,22.65,14.49,2.61,6.24,26.25198332,83.75077264
20150328,1.7,42.01,37.09,21.27,15.83,1.57,4.69,26.25198332,83.75077264
20150329,1.06,36.99,37.7,21.44,16.25,3.63,5.55,26.25198332,83.75077264
20150330,15.29,61.78,26.17,21.12,5.06,4.62,5.21,26.25198332,83.75077264
20150331,0.0,52.62,33.75,18.6,15.15,3.26,4.34,26.25198332,83.75077264
20150401,0.0,40.07,36.55,21.62,14.94,5.48,7.05,26.25198332,83.75077264
20150402,0.0,34.88,38.65,21.08,17.57,6.07,7.23,26.25198332,83.75077264
20150403,0.0,35.19,39.33,22.11,17.22,3.06,4.84,26.25198332,83.75077264
20150404,0.43,39.34,36.04,23.47,12.57,4.96,7.11,26.25198332,83.75077264
20150405,0.22,45.87,33.34,20.99,12.36,2.14,4.56,26.25198332,83.75077264
20150406,0.51,38.61,36.49,22.96,13.53,3.03,3.34,26.25198332,83.75077264
20150407,0.0,33.82,37.25,21.4,15.85,1.5,4.64,26.25198332,83.75077264
20150408,0.01,30.33,36.71,20.89,15.82,3.81,5.99,26.25198332,83.75077264
20150409,0.0,27.11,37.21,20.15,17.05,4.8,4.54,26.25198332,83.75077264
20150410,0.0,24.88,38.67,19.38,19.29,2.58,3.82,26.25198332,83.75077264
20150411,0.0,26.06,39.97,19.51,20.46,3.77,6.18,26.25198332,83.75077264
20150412,0.08,33.76,35.64,23.44,12.21,4.01,5.46,26.25198332,83.75077264
20150413,3.75,42.05,33.68,24.54,9.14,3.04,5.65,26.25198332,83.75077264
20150414,6.02,58.5,30.85,23.38,7.47,2.59,4.71,26.25198332,83.75077264
20150415,6.24,55.52,34.16,22.61,11.55,3.14,5.87,26.25198332,83.75077264
20150416,0.02,46.86,36.48,22.46,14.02,4.23,7.17,26.25198332,83.75077264
20150417,1.09,41.05,36.07,23.87,12.2,2.87,2.51,26.25198332,83.75077264
20150418,0.0,33.04,39.47,22.01,17.47,3.19,3.01,26.25198332,83.75077264
20150419,0.41,28.44,41.28,24.3,16.98,3.18,7.39,26.25198332,83.75077264
20150420,0.0,30.33,40.35,23.82,16.52,4.36,8.02,26.25198332,83.75077264
20150421,0.0,26.17,42.36,26.95,15.42,5.67,8.99,26.25198332,83.75077264
20150422,0.08,22.12,42.09,24.48,17.62,4.28,7.61,26.25198332,83.75077264
20150423,0.64,19.98,41.64,24.07,17.57,3.12,6.49,26.25198332,83.75077264
20150424,0.0,27.05,41.15,24.33,16.81,4.4,6.38,26.25198332,83.75077264
20150425,3.14,46.03,34.79,25.31,9.48,1.89,3.72,26.25198332,83.75077264
20150426,0.03,48.08,33.09,22.54,10.56,4.94,6.02,26.25198332,83.75077264
20150427,0.18,40.19,37.05,23.39,13.66,5.11,6.56,26.25198332,83.75077264
20150428,0.63,38.05,38.18,24.61,13.57,4.7,6.74,26.25198332,83.75077264
20150429,7.61,43.7,37.5,24.61,12.89,4.36,7.7,26.25198332,83.75077264
20150430,0.26,37.89,38.49,24.25,14.25,4.8,7.07,26.25198332,83.75077264
20150501,0.1,30.87,40.35,25.14,15.21,3.78,6.12,26.25198332,83.75077264
20150502,0.0,27.56,40.75,25.87,14.88,3.61,5.07,26.25198332,83.75077264
20150503,1.33,23.69,40.91,25.76,15.15,4.07,4.79,26.25198332,83.75077264
20150504,0.0,17.2,42.55,25.24,17.3,4.92,5.34,26.25198332,83.75077264
20150505,0.0,15.59,43.26,24.4,18.86,4.91,5.59,26.25198332,83.75077264
20150506,0.0,14.4,43.68,27.29,16.39,2.55,2.57,26.25198332,83.75077264
20150507,0.0,14.82,44.83,26.29,18.54,1.82,4.8,26.25198332,83.75077264
20150508,0.0,21.07,43.43,26.23,17.2,2.89,6.31,26.25198332,83.75077264
20150509,0.0,20.2,43.26,27.74,15.53,2.62,4.02,26.25198332,83.75077264
20150510,0.0,23.53,44.0,28.24,15.76,3.58,5.65,26.25198332,83.75077264
20150511,0.05,22.39,44.23,29.61,14.62,4.48,7.2,26.25198332,83.75077264
20150512,13.82,39.89,40.22,26.7,13.52,4.59,6.8,26.25198332,83.75077264
20150513,0.38,30.87,40.18,27.09,13.09,3.74,5.39,26.25198332,83.75077264
20150514,0.06,29.42,42.05,27.92,14.12,6.06,7.26,26.25198332,83.75077264
20150515,0.07,33.74,40.73,29.67,11.06,6.41,7.15,26.25198332,83.75077264
20150516,1.54,30.36,41.57,30.21,11.36,5.06,7.93,26.25198332,83.75077264
20150517,0.3,33.45,40.76,27.14,13.62,2.7,4.01,26.25198332,83.75077264
20150518,0.0,30.6,41.94,27.91,14.04,2.35,3.7,26.25198332,83.75077264
20150519,0.07,30.53,42.81,29.22,13.59,3.57,5.21,26.25198332,83.75077264
20150520,6.4,30.05,42.77,28.84,13.93,4.35,4.82,26.25198332,83.75077264
20150521,0.15,21.51,44.12,25.5,18.62,5.34,6.26,26.25198332,83.75077264
20150522,0.05,15.6,45.99,24.9,21.1,4.52,4.53,26.25198332,83.75077264
20150523,0.0,14.77,46.49,26.95,19.54,5.34,6.3,26.25198332,83.75077264
20150524,0.04,15.65,46.86,30.01,16.85,3.94,5.44,26.25198332,83.75077264
20150525,0.01,18.94,45.23,28.69,16.53,3.44,6.58,26.25198332,83.75077264
20150526,0.0,20.46,45.41,29.64,15.76,4.09,6.86,26.25198332,83.75077264
20150527,0.02,20.99,44.73,29.2,15.53,2.74,6.49,26.25198332,83.75077264
20150528,0.04,25.99,43.52,29.18,14.34,3.26,6.51,26.25198332,83.75077264
20150529,0.0,21.25,46.39,30.1,16.29,1.78,5.12,26.25198332,83.75077264
20150530,0.0,18.41,45.67,28.75,16.91,3.3,6.86,26.25198332,83.75077264
20150531,0.17,22.16,45.46,29.86,15.6,4.27,7.08,26.25198332,83.75077264
20150601,0.18,14.94,45.71,31.25,14.47,2.31,4.45,26.25198332,83.75077264
20150602,1.02,19.01,45.09,30.27,14.82,5.49,6.12,26.25198332,83.75077264
20150603,0.01,18.61,44.59,30.36,14.22,2.68,5.19,26.25198332,83.75077264
20150604,0.43,27.18,44.2,30.84,13.36,2.72,4.8,26.25198332,83.75077264
20150605,1.4,28.19,44.07,31.58,12.5,2.94,4.12,26.25198332,83.75077264
20150606,0.0,17.65,46.09,31.68,14.41,3.75,4.6,26.25198332,83.75077264
20150607,0.0,16.39,46.64,31.51,15.12,3.21,4.95,26.25198332,83.75077264
20150608,0.0,14.53,46.88,30.63,16.25,2.83,3.59,26.25198332,83.75077264
20150609,0.0,18.07,48.18,31.14,17.04,4.44,5.62,26.25198332,83.75077264
20150610,0.16,16.82,46.86,31.24,15.62,3.59,2.92,26.25198332,83.75077264
20150611,0.21,20.92,45.26,31.83,13.43,2.91,4.87,26.25198332,83.75077264
20150612,0.18,26.37,44.4,32.41,11.99,6.04,8.32,26.25198332,83.75077264
20150613,8.12,39.5,39.71,31.05,8.66,4.38,5.58,26.25198332,83.75077264
20150614,4.62,44.44,39.46,28.73,10.74,4.46,7.18,26.25198332,83.75077264
20150615,0.85,38.87,40.24,29.88,10.36,2.0,3.95,26.25198332,83.75077264
20150616,4.36,37.5,39.64,30.02,9.63,1.82,3.17,26.25198332,83.75077264
20150617,0.09,36.66,41.47,30.46,11.02,2.36,4.35,26.25198332,83.75077264
20150618,0.08,35.8,42.3,31.32,10.98,1.7,3.95,26.25198332,83.75077264
20150619,0.48,37.85,42.15,32.58,9.57,2.18,2.23,26.25198332,83.75077264
20150620,0.34,41.71,41.67,32.29,9.37,2.62,3.4,26.25198332,83.75077264
20150621,0.25,44.72,39.01,32.11,6.9,2.09,2.59,26.25198332,83.75077264
20150622,0.39,50.28,39.7,30.41,9.28,3.59,3.58,26.25198332,83.75077264
20150623,0.77,48.3,41.09,29.79,11.3,2.7,3.6,26.25198332,83.75077264
20150624,6.39,47.64,39.09,31.42,7.67,2.57,4.75,26.25198332,83.75077264
20150625,19.51,56.96,37.32,30.0,7.32,4.13,5.85,26.25198332,83.75077264
20150626,7.09,60.49,36.19,28.99,7.2,3.33,4.82,26.25198332,83.75077264
20150627,1.66,44.08,40.4,27.43,12.96,5.13,5.8,26.25198332,83.75077264
20150628,48.81,76.35,30.37,26.75,3.62,3.02,2.91,26.25198332,83.75077264
20150629,18.84,70.14,34.22,26.46,7.75,2.8,2.84,26.25198332,83.75077264
20150630,0.48,56.12,38.3,27.72,10.58,2.28,4.29,26.25198332,83.75077264
20150701,1.15,61.26,37.48,28.13,9.35,2.48,4.6,26.25198332,83.75077264
20150702,2.77,60.17,36.92,28.85,8.07,1.74,2.29,26.25198332,83.75077264
20150703,4.59,52.85,39.52,28.8,10.72,2.08,3.1,26.25198332,83.75077264
20150704,0.01,47.99,41.03,29.21,11.82,3.93,3.06,26.25198332,83.75077264
20150705,5.16,51.37,40.55,29.67,10.88,5.32,5.04,26.25198332,83.75077264
20150706,36.62,64.69,36.41,29.06,7.35,1.88,3.91,26.25198332,83.75077264
20150707,12.52,73.79,33.36,28.12,5.24,1.78,2.69,26.25198332,83.75077264
20150708,6.22,69.9,34.27,28.25,6.02,1.06,1.49,26.25198332,83.75077264
20150709,10.3,70.46,35.76,27.63,8.12,3.28,6.12,26.25198332,83.75077264
20150710,16.49,81.72,31.88,26.88,5.0,7.0,7.55,26.25198332,83.75077264
20150711,7.14,78.42,32.82,26.58,6.24,7.58,8.62,26.25198332,83.75077264
20150712,1.51,74.73,34.94,26.41,8.53,3.04,5.31,26.25198332,83.75077264
20150713,4.33,73.2,34.92,26.59,8.32,1.86,2.72,26.25198332,83.75077264
20150714,0.82,71.36,36.01,27.05,8.96,2.97,2.65,26.25198332,83.75077264
20150715,4.49,71.13,36.31,28.2,8.11,2.81,3.28,26.25198332,83.75077264
20150716,39.44,84.63,32.33,27.69,4.63,3.07,4.68,26.25198332,83.75077264
20150717,9.19,82.17,32.26,26.32,5.94,3.3,3.44,26.25198332,83.75077264
20150718,0.73,76.56,33.73,26.07,7.67,4.17,2.78,26.25198332,83.75077264
20150719,0.41,74.99,34.6,25.86,8.74,2.66,4.7,26.25198332,83.75077264
20150720,1.43,78.9,33.82,26.33,7.49,3.08,3.05,26.25198332,83.75077264
20150721,0.21,77.11,33.88,26.2,7.68,2.73,2.46,26.25198332,83.75077264
20150722,0.12,78.29,33.36,26.45,6.91,2.02,3.15,26.25198332,83.75077264
20150723,5.1,83.12,31.92,26.73,5.19,2.98,2.58,26.25198332,83.75077264
20150724,4.29,85.22,31.43,26.36,5.06,4.5,4.68,26.25198332,83.75077264
20150725,15.54,87.12,31.2,26.35,4.85,3.09,2.22,26.25198332,83.75077264
20150726,1.79,74.06,34.69,25.46,9.23,2.24,4.57,26.25198332,83.75077264
20150727,0.11,74.46,33.51,26.23,7.28,5.58,7.22,26.25198332,83.75077264
20150728,0.08,72.54,34.59,25.65,8.94,2.61,1.67,26.25198332,83.75077264
20150729,0.05,69.05,35.45,25.74,9.71,3.71,2.54,26.25198332,83.75077264
20150730,6.19,75.33,34.27,26.42,7.85,3.87,2.17,26.25198332,83.75077264
20150731,73.81,82.56,32.45,26.08,6.37,5.65,6.59,26.25198332,83.75077264
20150801,24.89,82.67,31.48,26.14,5.35,2.86,2.91,26.25198332,83.75077264
20150802,2.45,81.91,32.13,25.57,6.57,2.64,3.04,26.25198332,83.75077264
20150803,2.5,80.61,32.93,25.77,7.16,3.68,3.26,26.25198332,83.75077264
20150804,0.13,79.31,33.76,25.31,8.46,3.04,3.97,26.25198332,83.75077264
20150805,0.0,78.98,33.43,26.03,7.39,1.21,2.46,26.25198332,83.75077264
20150806,1.21,75.91,33.57,26.44,7.12,3.2,4.35,26.25198332,83.75077264
20150807,2.92,73.36,34.36,26.43,7.92,1.57,2.92,26.25198332,83.75077264
20150808,3.72,77.43,33.2,26.63,6.57,2.26,3.06,26.25198332,83.75077264
20150809,4.84,74.38,34.52,26.88,7.65,1.64,2.25,26.25198332,83.75077264
20150810,6.12,76.56,34.9,27.38,7.53,1.41,2.42,26.25198332,83.75077264
20150811,24.39,82.91,32.57,27.79,4.77,2.9,4.16,26.25198332,83.75077264
20150812,0.58,79.25,33.29,26.72,6.57,3.04,3.32,26.25198332,83.75077264
20150813,0.23,81.93,33.08,26.49,6.58,3.08,2.53,26.25198332,83.75077264
20150814,1.45,80.13,34.25,26.55,7.7,2.59,2.06,26.25198332,83.75077264
20150815,3.49,84.73,33.51,27.37,6.15,1.91,2.74,26.25198332,83.75077264
20150816,29.2,90.21,30.89,27.12,3.77,1.84,2.6,26.25198332,83.75077264
20150817,26.73,86.72,31.54,26.0,5.55,2.43,4.17,26.25198332,83.75077264
20150818,15.89,85.43,32.5,25.72,6.78,2.64,3.37,26.25198332,83.75077264
20150819,15.03,89.59,30.57,26.38,4.19,4.46,4.47,26.25198332,83.75077264
20150820,4.12,86.12,32.46,26.13,6.34,3.4,2.81,26.25198332,83.75077264
20150821,14.04,84.42,32.34,25.56,6.78,4.27,2.91,26.25198332,83.75077264
20150822,8.85,84.53,32.36,24.87,7.49,2.53,1.83,26.25198332,83.75077264
20150823,3.95,83.82,32.45,25.09,7.36,2.06,2.62,26.25198332,83.75077264
20150824,5.7,84.08,32.77,25.21,7.56,2.58,2.24,26.25198332,83.75077264
20150825,0.6,83.89,32.64,25.76,6.88,2.79,2.45,26.25198332,83.75077264
20150826,5.9,81.24,33.35,25.78,7.57,2.56,3.36,26.25198332,83.75077264
20150827,11.94,76.44,32.97,27.19,5.77,1.32,2.61,26.25198332,83.75077264
20150828,2.93,79.35,33.26,26.99,6.27,2.31,2.85,26.25198332,83.75077264
20150829,13.66,81.96,33.17,26.79,6.38,2.37,3.16,26.25198332,83.75077264
20150830,6.79,82.49,33.16,26.32,6.85,2.13,2.06,26.25198332,83.75077264
20150831,3.82,82.46,33.53,26.03,7.5,3.78,3.39,26.25198332,83.75077264
20150901,4.07,79.67,33.85,24.64,9.21,3.69,3.18,26.25198332,83.75077264
20150902,1.38,78.15,34.11,24.19,9.93,2.75,1.69,26.25198332,83.75077264
20150903,0.05,76.57,33.78,23.68,10.1,1.59,2.62,26.25198332,83.75077264
20150904,1.4,76.37,33.74,24.31,9.43,1.9,2.26,26.25198332,83.75077264
20150905,0.0,74.28,33.86,23.94,9.92,3.22,3.36,26.25198332,83.75077264
20150906,0.8,71.78,34.25,22.79,11.46,2.79,3.88,26.25198332,83.75077264
20150907,0.0,70.92,34.47,23.35,11.13,3.43,4.35,26.25198332,83.75077264
20150908,0.01,71.89,34.01,23.04,10.97,2.27,3.02,26.25198332,83.75077264
20150909,0.09,68.94,34.42,23.87,10.55,3.3,4.68,26.25198332,83.75077264
20150910,0.23,68.76,34.38,24.89,9.49,1.61,2.78,26.25198332,83.75077264
20150911,0.6,75.6,34.11,25.54,8.56,1.45,3.99,26.25198332,83.75077264
20150912,2.99,88.3,30.06,26.0,4.07,2.25,3.18,26.25198332,83.75077264
20150913,4.17,80.66,31.86,25.22,6.64,1.62,3.66,26.25198332,83.75077264
20150914,1.86,70.29,35.17,26.43,8.74,0.77,1.34,26.25198332,83.75077264
20150915,2.78,77.94,31.89,27.04,4.86,2.29,4.29,26.25198332,83.75077264
20150916,0.6,83.77,31.33,25.27,6.06,2.97,3.16,26.25198332,83.75077264
20150917,0.1,82.94,32.45,25.37,7.08,3.45,2.25,26.25198332,83.75077264
20150918,0.01,78.34,34.08,25.68,8.4,2.27,1.65,26.25198332,83.75077264
20150919,0.0,72.94,35.61,25.74,9.88,3.04,5.54,26.25198332,83.75077264
20150920,0.45,80.67,32.89,26.59,6.3,4.17,3.79,26.25198332,83.75077264
20150921,7.3,84.1,30.8,25.9,4.9,4.22,5.19,26.25198332,83.75077264
20150922,3.85,82.13,31.94,25.54,6.39,2.27,3.59,26.25198332,83.75077264
20150923,7.93,73.13,34.04,25.17,8.87,2.94,3.16,26.25198332,83.75077264
20150924,0.05,60.63,34.41,23.86,10.55,4.61,4.0,26.25198332,83.75077264
20150925,0.0,56.92,34.27,20.95,13.32,4.01,3.29,26.25198332,83.75077264
20150926,0.0,57.55,34.71,19.74,14.97,1.86,3.24,26.25198332,83.75077264
20150927,0.0,56.53,35.23,23.11,12.12,1.71,3.56,26.25198332,83.75077264
20150928,0.0,56.88,35.14,23.75,11.39,0.9,1.89,26.25198332,83.75077264
20150929,0.01,56.95,35.52,23.47,12.05,1.67,4.09,26.25198332,83.75077264
20150930,0.0,58.64,35.84,23.23,12.61,2.51,5.69,26.25198332,83.75077264
20151001,0.0,56.63,36.66,23.41,13.25,1.98,4.7,26.25198332,83.75077264
20151002,0.0,51.13,37.15,24.45,12.7,2.74,3.17,26.25198332,83.75077264
20151003,0.39,40.18,36.71,20.7,16.01,3.74,4.58,26.25198332,83.75077264
20151004,0.01,37.29,37.24,21.22,16.02,1.97,3.25,26.25198332,83.75077264
20151005,0.0,42.59,36.36,20.53,15.83,1.37,2.68,26.25198332,83.75077264
20151006,0.0,46.09,36.5,20.9,15.59,1.71,3.48,26.25198332,83.75077264
20151007,0.0,45.22,36.86,22.08,14.78,2.23,4.21,26.25198332,83.75077264
20151008,0.0,42.78,37.33,22.82,14.51,1.72,2.86,26.25198332,83.75077264
20151009,0.0,40.51,37.1,21.12,15.98,2.63,3.96,26.25198332,83.75077264
20151010,0.0,41.09,37.47,21.05,16.43,1.4,1.64,26.25198332,83.75077264
20151011,0.17,49.02,35.95,22.1,13.84,2.35,6.36,26.25198332,83.75077264
20151012,1.73,64.37,33.59,21.26,12.34,2.83,3.77,26.25198332,83.75077264
20151013,0.05,58.55,34.76,21.76,13.0,1.82,4.55,26.25198332,83.75077264
20151014,0.17,58.89,34.43,22.6,11.83,2.5,5.14,26.25198332,83.75077264
20151015,0.39,63.02,33.39,22.27,11.12,2.47,4.3,26.25198332,83.75077264
20151016,2.23,55.95,33.94,22.44,11.5,2.15,3.08,26.25198332,83.75077264
20151017,0.0,47.02,35.2,21.92,13.28,2.2,2.75,26.25198332,83.75077264
20151018,0.0,47.7,35.48,22.02,13.46,1.83,3.72,26.25198332,83.75077264
20151019,0.0,50.2,35.24,21.38,13.86,1.88,3.28,26.25198332,83.75077264
20151020,0.0,45.35,35.79,21.37,14.42,2.11,2.45,26.25198332,83.75077264
20151021,0.0,46.31,35.46,21.23,14.23,2.4,3.14,26.25198332,83.75077264
20151022,0.0,40.48,35.67,20.7,14.98,4.54,5.54,26.25198332,83.75077264
20151023,0.03,35.02,34.09,18.34,15.75,3.83,4.02,26.25198332,83.75077264
20151024,0.02,33.97,34.86,17.61,17.26,2.85,5.04,26.25198332,83.75077264
20151025,0.0,39.65,34.47,16.8,17.68,2.44,5.13,26.25198332,83.75077264
20151026,0.0,43.05,34.08,17.33,16.74,2.29,4.7,26.25198332,83.75077264
20151027,0.0,40.81,33.53,19.34,14.19,2.01,3.84,26.25198332,83.75077264
20151028,0.0,41.52,33.01,18.11,14.9,1.65,3.58,26.25198332,83.75077264
20151029,3.91,53.58,30.15,19.76,10.4,3.37,5.49,26.25198332,83.75077264
20151030,0.4,53.17,30.66,16.16,14.51,3.27,5.11,26.25198332,83.75077264
20151031,0.06,45.53,32.63,18.63,13.99,2.18,3.59,26.25198332,83.75077264
20151101,0.0,45.82,32.7,17.59,15.1,1.74,3.39,26.25198332,83.75077264
20151102,0.0,45.78,33.15,19.69,13.46,1.91,3.12,26.25198332,83.75077264
20151103,0.0,41.64,32.98,19.76,13.22,2.18,2.3,26.25198332,83.75077264
20151104,0.0,43.02,31.87,17.93,13.94,2.21,2.1,26.25198332,83.75077264
20151105,0.0,41.25,33.0,18.89,14.11,2.16,2.23,26.25198332,83.75077264
20151106,0.0,45.14,31.75,19.65,12.1,3.2,4.72,26.25198332,83.75077264
20151107,0.0,44.39,32.75,18.57,14.18,2.55,3.2,26.25198332,83.75077264
20151108,0.0,41.15,32.04,17.73,14.31,1.63,3.35,26.25198332,83.75077264
20151109,0.0,41.15,32.24,19.08,13.16,3.43,4.1,26.25198332,83.75077264
20151110,0.0,38.41,32.24,18.88,13.36,2.71,3.1,26.25198332,83.75077264
20151111,0.0,42.2,32.76,18.16,14.59,3.43,4.11,26.25198332,83.75077264
20151112,0.0,37.88,32.26,16.56,15.7,1.92,3.91,26.25198332,83.75077264
20151113,0.0,37.52,31.96,17.84,14.12,1.9,2.38,26.25198332,83.75077264
20151114,0.0,40.63,31.81,19.25,12.56,1.42,2.02,26.25198332,83.75077264
20151115,0.0,40.89,32.31,19.34,12.97,2.74,3.36,26.25198332,83.75077264
20151116,0.0,39.5,32.1,17.82,14.28,2.63,3.39,26.25198332,83.75077264
20151117,0.0,38.19,32.94,18.59,14.35,2.8,3.02,26.25198332,83.75077264
20151118,0.0,37.4,31.41,17.77,13.63,2.42,2.96,26.25198332,83.75077264
20151119,0.0,36.46,29.94,15.62,14.33,1.46,2.37,26.25198332,83.75077264
20151120,0.0,32.56,30.33,16.6,13.73,1.49,1.7,26.25198332,83.75077264
20151121,0.0,34.2,30.31,16.4,13.91,1.53,2.04,26.25198332,83.75077264
20151122,0.0,34.55,30.08,16.95,13.13,2.32,2.6,26.25198332,83.75077264
20151123,0.0,39.25,28.92,17.47,11.45,2.17,3.67,26.25198332,83.75077264
20151124,0.0,43.49,28.11,17.08,11.03,2.06,2.43,26.25198332,83.75077264
20151125,0.0,37.28,29.59,15.85,13.74,2.18,3.43,26.25198332,83.75077264
20151126,0.0,30.58,30.32,16.2,14.12,1.2,1.23,26.25198332,83.75077264
20151127,0.0,33.93,30.19,17.05,13.14,2.2,4.37,26.25198332,83.75077264
20151128,0.0,42.36,28.19,16.78,11.41,1.31,3.52,26.25198332,83.75077264
20151129,0.0,46.47,30.98,17.53,13.44,2.46,5.23,26.25198332,83.75077264
20151130,0.01,46.04,31.87,19.61,12.26,2.89,3.55,26.25198332,83.75077264
20151201,0.01,42.96,32.29,18.67,13.61,3.14,3.43,26.25198332,83.75077264
20151202,0.18,45.91,30.9,17.31,13.59,4.11,5.28,26.25198332,83.75077264
20151203,0.53,56.53,28.11,18.14,9.98,3.54,4.66,26.25198332,83.75077264
20151204,0.0,41.02,27.86,13.8,14.06,1.71,5.76,26.25198332,83.75077264
20151205,0.0,39.91,27.73,15.26,12.47,1.98,3.23,26.25198332,83.75077264
20151206,0.0,42.3,27.4,14.36,13.04,1.77,2.79,26.25198332,83.75077264
20151207,0.0,45.48,27.31,15.03,12.28,1.83,3.12,26.25198332,83.75077264
20151208,0.0,38.31,27.87,13.85,14.02,0.97,1.99,26.25198332,83.75077264
20151209,0.0,34.97,26.56,13.28,13.28,1.74,2.85,26.25198332,83.75077264
20151210,0.0,33.27,28.03,13.68,14.35,2.11,2.64,26.25198332,83.75077264
20151211,0.0,34.39,29.29,13.66,15.63,1.51,3.64,26.25198332,83.75077264
20151212,0.0,37.09,29.19,16.05,13.13,3.9,7.7,26.25198332,83.75077264
20151213,0.0,31.07,26.82,11.57,15.25,1.45,4.9,26.25198332,83.75077264
20151214,0.0,33.94,24.58,9.52,15.06,2.57,3.28,26.25198332,83.75077264
20151215,0.0,33.94,24.91,9.02,15.89,1.5,3.78,26.25198332,83.75077264
20151216,0.0,23.47,24.99,9.8,15.19,3.03,5.26,26.25198332,83.75077264
20151217,0.0,23.49,24.94,10.29,14.65,2.03,2.19,26.25198332,83.75077264
20151218,0.0,28.93,23.85,8.17,15.68,3.49,4.34,26.25198332,83.75077264
20151219,0.0,25.55,24.68,7.19,17.48,2.42,5.99,26.25198332,83.75077264
20151220,0.0,23.57,23.9,8.73,15.17,1.54,2.25,26.25198332,83.75077264
20151221,0.0,25.99,23.27,10.17,13.1,1.79,2.69,26.25198332,83.75077264
20151222,0.0,29.84,24.16,8.45,15.72,2.72,4.56,26.25198332,83.75077264
20151223,0.0,29.94,24.63,10.02,14.61,2.87,5.08,26.25198332,83.75077264
20151224,0.0,28.25,24.1,8.56,15.54,1.58,5.38,26.25198332,83.75077264
20151225,0.0,26.9,24.46,7.23,17.23,1.92,4.62,26.25198332,83.75077264
20151226,0.0,20.47,24.34,6.73,17.61,1.98,4.94,26.25198332,83.75077264
20151227,0.0,16.68,25.81,8.48,17.33,1.59,2.18,26.25198332,83.75077264
20151228,0.0,23.9,25.6,9.68,15.92,1.24,2.21,26.25198332,83.75077264
20151229,0.0,33.91,27.42,10.24,17.18,1.92,2.33,26.25198332,83.75077264
20151230,0.0,31.8,26.39,12.88,13.51,1.3,1.85,26.25198332,83.75077264
20151231,0.0,31.76,27.07,13.06,14.01,2.11,2.46,26.25198332,83.75077264
20160101,0.0,27.93,26.7,11.39,15.32,1.58,2.47,26.25198332,83.75077264
20160102,0.0,25.72,25.81,10.79,15.02,1.96,2.9,26.25198332,83.75077264
20160103,0.0,22.01,26.13,10.49,15.63,1.63,1.85,26.25198332,83.75077264
20160104,0.0,20.95,25.71,9.96,15.75,1.86,3.31,26.25198332,83.75077264
20160105,0.0,20.63,26.09,10.66,15.44,2.14,3.67,26.25198332,83.75077264
20160106,0.0,26.31,27.2,12.82,14.38,1.3,1.89,26.25198332,83.75077264
20160107,0.0,31.34,28.74,11.96,16.78,0.8,1.52,26.25198332,83.75077264
20160108,0.0,33.2,28.13,13.2,14.93,4.06,6.94,26.25198332,83.75077264
20160109,0.0,31.4,27.4,13.15,14.24,4.73,5.84,26.25198332,83.75077264
20160110,0.0,26.8,26.02,9.06,16.97,2.36,6.6,26.25198332,83.75077264
20160111,0.0,28.12,25.22,10.63,14.6,1.59,1.78,26.25198332,83.75077264
20160112,0.0,29.16,24.78,11.63,13.14,1.44,1.99,26.25198332,83.75077264
20160113,0.0,29.1,26.87,11.98,14.9,2.65,3.1,26.25198332,83.75077264
20160114,0.0,30.71,27.78,13.51,14.27,2.54,4.45,26.25198332,83.75077264
20160115,0.0,33.59,26.45,12.99,13.46,4.14,6.8,26.25198332,83.75077264
20160116,0.0,30.31,25.57,9.48,16.09,2.68,4.6,26.25198332,83.75077264
20160117,0.0,25.46,25.98,9.95,16.03,3.12,5.58,26.25198332,83.75077264
20160118,0.0,24.02,25.78,11.3,14.48,1.57,3.07,26.25198332,83.75077264
20160119,3.34,45.54,22.39,13.07,9.31,5.11,7.8,26.25198332,83.75077264
20160120,2.38,67.03,21.24,10.87,10.37,3.34,5.23,26.25198332,83.75077264
20160121,0.0,43.76,23.19,8.08,15.11,2.45,4.2,26.25198332,83.75077264
20160122,0.1,34.65,21.69,5.51,16.18,1.62,4.65,26.25198332,83.75077264
20160123,0.0,29.11,21.92,4.79,17.14,2.2,2.93,26.25198332,83.75077264
20160124,0.0,27.54,23.1,5.58,17.51,1.96,3.25,26.25198332,83.75077264
20160125,0.0,27.91,24.0,6.52,17.49,3.07,4.44,26.25198332,83.75077264
20160126,0.0,29.48,25.18,8.12,17.05,2.94,3.88,26.25198332,83.75077264
20160127,0.0,27.48,25.85,8.62,17.23,2.28,2.76,26.25198332,83.75077264
20160128,0.0,24.63,26.51,10.62,15.89,3.47,4.15,26.25198332,83.75077264
20160129,0.0,29.62,27.24,9.75,17.5,3.43,3.91,26.25198332,83.75077264
20160130,0.0,33.02,30.57,11.48,19.09,3.8,4.35,26.25198332,83.75077264
20160131,0.0,36.48,30.5,13.43,17.07,3.97,6.28,26.25198332,83.75077264
20160201,0.0,31.84,30.76,13.03,17.73,3.52,5.08,26.25198332,83.75077264
20160202,0.0,27.64,29.38,12.98,16.4,3.66,5.26,26.25198332,83.75077264
20160203,0.0,18.85,27.46,10.57,16.88,4.29,5.04,26.25198332,83.75077264
20160204,0.0,20.34,26.64,8.39,18.25,1.71,4.17,26.25198332,83.75077264
20160205,0.0,20.9,27.11,10.02,17.1,1.42,2.63,26.25198332,83.75077264
20160206,0.0,19.04,28.69,10.08,18.61,2.2,3.32,26.25198332,83.75077264
20160207,0.0,21.1,31.69,10.94,20.74,3.42,4.38,26.25198332,83.75077264
20160208,0.61,34.68,28.94,14.98,13.96,3.73,4.89,26.25198332,83.75077264
20160209,0.04,33.52,28.63,12.73,15.9,2.73,3.59,26.25198332,83.75077264
20160210,0.0,30.11,28.66,11.35,17.32,1.95,2.95,26.25198332,83.75077264
20160211,0.0,25.55,30.45,14.66,15.79,3.0,5.57,26.25198332,83.75077264
20160212,0.0,22.52,30.44,13.4,17.04,4.01,4.09,26.25198332,83.75077264
20160213,0.0,20.47,32.19,13.5,18.7,3.03,5.82,26.25198332,83.75077264
20160214,0.0,20.85,32.7,16.06,16.64,2.84,5.07,26.25198332,83.75077264
20160215,0.0,23.22,32.8,14.37,18.43,3.06,5.93,26.25198332,83.75077264
20160216,0.45,39.44,28.04,17.95,10.09,5.3,6.04,26.25198332,83.75077264
20160217,0.0,38.12,34.41,14.95,19.46,3.85,4.91,26.25198332,83.75077264
20160218,0.0,26.42,35.88,17.25,18.63,4.69,5.42,26.25198332,83.75077264
20160219,0.0,25.05,38.51,18.76,19.75,5.67,6.66,26.25198332,83.75077264
20160220,0.01,27.53,37.21,21.31,15.9,5.98,7.78,26.25198332,83.75077264
20160221,0.0,30.34,34.11,21.42,12.69,4.88,4.2,26.25198332,83.75077264
20160222,0.0,15.88,34.68,17.16,17.52,4.83,4.24,26.25198332,83.75077264
20160223,0.0,11.43,33.25,13.02,20.23,4.18,4.74,26.25198332,83.75077264
20160224,0.0,10.27,32.06,16.43,15.62,2.43,2.87,26.25198332,83.75077264
20160225,0.0,13.47,32.03,15.32,16.71,2.47,5.26,26.25198332,83.75077264
20160226,0.0,18.55,32.35,13.7,18.65,3.17,4.2,26.25198332,83.75077264
20160227,0.1,34.37,33.08,16.4,16.68,2.28,4.3,26.25198332,83.75077264
20160228,0.0,24.09,33.08,17.78,15.3,1.64,3.53,26.25198332,83.75077264
20160229,0.0,20.26,34.37,17.44,16.93,2.24,4.38,26.25198332,83.75077264
20160301,0.01,16.83,34.17,17.97,16.19,3.19,4.7,26.25198332,83.75077264
20160302,0.0,13.99,35.35,17.09,18.27,2.44,3.88,26.25198332,83.75077264
20160303,0.0,15.1,35.83,19.0,16.83,4.64,5.55,26.25198332,83.75077264
20160304,0.01,18.88,37.28,17.9,19.39,3.81,4.58,26.25198332,83.75077264
20160305,0.01,20.11,37.42,18.48,18.95,2.25,4.17,26.25198332,83.75077264
20160306,0.79,24.6,35.6,20.67,14.93,5.94,7.98,26.25198332,83.75077264
20160307,0.64,35.94,35.78,18.95,16.83,2.86,5.69,26.25198332,83.75077264
20160308,2.74,46.99,34.53,19.88,14.65,2.66,3.26,26.25198332,83.75077264
20160309,0.0,33.25,36.05,19.41,16.63,4.98,5.88,26.25198332,83.75077264
20160310,0.0,23.53,36.52,19.37,17.15,4.5,5.61,26.25198332,83.75077264
20160311,0.0,25.44,37.76,19.33,18.43,5.39,5.82,26.25198332,83.75077264
20160312,0.0,23.94,39.76,20.41,19.35,5.21,7.16,26.25198332,83.75077264
20160313,1.8,51.95,29.83,18.87,10.96,6.8,9.09,26.25198332,83.75077264
20160314,5.92,65.4,28.26,18.69,9.57,3.6,3.96,26.25198332,83.75077264
20160315,0.0,45.6,32.51,17.32,15.2,4.22,6.8,26.25198332,83.75077264
20160316,0.91,30.76,33.87,15.2,18.67,3.41,4.14,26.25198332,83.75077264
20160317,0.0,23.95,34.71,16.01,18.69,3.34,5.99,26.25198332,83.75077264
20160318,0.0,23.43,36.21,19.51,16.71,3.71,4.69,26.25198332,83.75077264
20160319,0.0,26.86,37.58,22.49,15.09,2.43,3.81,26.25198332,83.75077264
20160320,0.0,26.14,38.25,20.5,17.75,2.54,4.39,26.25198332,83.75077264
20160321,0.0,18.74,38.31,22.26,16.04,7.33,6.51,26.25198332,83.75077264
20160322,0.0,12.1,37.25,19.65,17.6,6.91,5.64,26.25198332,83.75077264
20160323,0.0,11.32,38.43,16.98,21.45,3.43,5.47,26.25198332,83.75077264
20160324,0.0,10.09,38.51,20.01,18.5,1.49,1.69,26.25198332,83.75077264
20160325,0.0,12.19,39.05,19.0,20.04,2.77,4.78,26.25198332,83.75077264
20160326,0.0,11.96,40.55,23.31,17.24,2.07,2.48,26.25198332,83.75077264
20160327,0.0,14.72,40.69,23.59,17.11,2.96,6.66,26.25198332,83.75077264
20160328,0.0,25.67,38.02,24.65,13.37,1.96,3.79,26.25198332,83.75077264
20160329,0.06,13.8,38.62,20.52,18.09,4.39,5.54,26.25198332,83.75077264
20160330,0.12,13.33,39.96,23.56,16.41,1.94,4.58,26.25198332,83.75077264
20160331,0.06,15.55,39.53,20.88,18.65,4.08,5.71,26.25198332,83.75077264
20160401,0.27,15.9,40.65,23.73,16.92,2.71,6.17,26.25198332,83.75077264
20160402,0.02,30.19,39.68,22.11,17.57,5.37,6.89,26.25198332,83.75077264
20160403,0.0,25.83,41.45,24.02,17.43,3.75,7.01,26.25198332,83.75077264
20160404,0.0,25.4,41.59,25.23,16.35,4.33,5.95,26.25198332,83.75077264
20160405,0.0,17.49,42.95,25.67,17.28,5.57,8.47,26.25198332,83.75077264
20160406,0.01,18.85,42.02,28.49,13.54,7.52,7.12,26.25198332,83.75077264
20160407,0.0,20.21,41.12,25.17,15.95,5.09,5.8,26.25198332,83.75077264
20160408,0.0,19.86,42.63,26.29,16.34,5.71,6.99,26.25198332,83.75077264
20160409,0.0,14.86,43.28,25.61,17.67,4.62,5.24,26.25198332,83.75077264
20160410,0.0,12.55,44.19,25.75,18.44,5.15,4.0,26.25198332,83.75077264
20160411,0.0,14.4,43.78,26.95,16.82,6.61,5.8,26.25198332,83.75077264
20160412,0.0,14.79,41.55,27.68,13.87,5.73,4.8,26.25198332,83.75077264
20160413,0.0,12.95,42.67,24.25,18.41,4.43,3.2,26.25198332,83.75077264
20160414,0.0,13.36,43.38,23.83,19.55,3.91,5.14,26.25198332,83.75077264
20160415,0.0,14.01,44.89,24.94,19.96,6.04,7.18,26.25198332,83.75077264
20160416,0.0,14.18,44.78,28.14,16.65,6.18,7.88,26.25198332,83.75077264
20160417,0.0,15.27,44.41,29.8,14.61,2.86,5.4,26.25198332,83.75077264
20160418,0.01,15.99,42.96,26.88,16.08,4.89,5.63,26.25198332,83.75077264
20160419,0.0,12.96,44.54,30.14,14.4,6.99,8.56,26.25198332,83.75077264
20160420,0.01,16.62,43.93,29.15,14.79,5.09,4.36,26.25198332,83.75077264
20160421,0.0,12.19,44.37,28.87,15.49,5.02,3.18,26.25198332,83.75077264
20160422,0.0,12.12,44.15,26.56,17.59,5.8,4.22,26.25198332,83.75077264
20160423,0.0,15.42,43.68,27.23,16.45,4.22,6.19,26.25198332,83.75077264
20160424,0.0,7.81,42.54,26.57,15.97,5.22,2.72,26.25198332,83.75077264
20160425,0.0,7.46,43.24,24.28,18.96,5.78,4.86,26.25198332,83.75077264
20160426,0.0,9.66,43.73,24.75,18.98,4.63,4.9,26.25198332,83.75077264
20160427,0.0,15.9,43.0,29.86,13.14,2.94,2.93,26.25198332,83.75077264
20160428,0.0,12.37,44.59,27.02,17.58,4.48,6.43,26.25198332,83.75077264
20160429,0.0,8.85,44.82,26.11,18.71,4.54,4.47,26.25198332,83.75077264
20160430,0.0,9.96,44.4,26.35,18.05,3.53,4.25,26.25198332,83.75077264
20160501,0.0,9.6,43.16,26.07,17.09,3.42,3.28,26.25198332,83.75077264
20160502,0.0,13.34,42.71,28.73,13.98,3.7,5.92,26.25198332,83.75077264
20160503,0.0,32.29,38.9,26.04,12.86,4.61,6.81,26.25198332,83.75077264
20160504,0.65,24.63,41.85,26.76,15.09,2.29,5.27,26.25198332,83.75077264
20160505,0.61,24.28,39.73,25.69,14.04,1.44,2.45,26.25198332,83.75077264
20160506,0.01,22.72,40.6,27.54,13.06,2.23,2.42,26.25198332,83.75077264
20160507,2.39,27.51,40.3,25.66,14.64,3.94,6.39,26.25198332,83.75077264
20160508,0.2,24.57,41.15,27.88,13.27,3.15,3.68,26.25198332,83.75077264
20160509,0.07,24.02,41.78,28.73,13.06,4.24,6.03,26.25198332,83.75077264
20160510,0.01,23.61,43.22,28.98,14.24,3.42,7.24,26.25198332,83.75077264
20160511,3.86,32.6,40.9,29.59,11.31,3.99,5.09,26.25198332,83.75077264
20160512,0.43,33.84,40.98,29.26,11.72,5.14,7.2,26.25198332,83.75077264
20160513,4.9,38.52,40.35,27.32,13.03,5.26,7.16,26.25198332,83.75077264
20160514,0.0,29.51,44.18,28.07,16.1,3.52,6.47,26.25198332,83.75077264
20160515,0.05,27.52,43.13,28.78,14.34,5.08,7.23,26.25198332,83.75077264
20160516,0.06,20.08,45.29,29.37,15.92,5.29,6.17,26.25198332,83.75077264
20160517,0.31,15.71,46.3,31.33,14.98,3.76,4.3,26.25198332,83.75077264
20160518,0.25,24.99,44.44,28.32,16.12,6.14,8.67,26.25198332,83.75077264
20160519,0.17,35.71,43.59,30.31,13.28,6.82,9.33,26.25198332,83.75077264
20160520,6.02,43.49,39.63,30.31,9.32,6.16,8.49,26.25198332,83.75077264
20160521,6.21,44.82,39.0,29.0,10.0,3.26,5.32,26.25198332,83.75077264
20160522,0.0,36.56,41.82,27.85,13.97,3.43,5.68,26.25198332,83.75077264
20160523,0.04,29.55,42.51,28.54,13.97,2.01,5.09,26.25198332,83.75077264
20160524,4.9,35.47,41.42,28.94,12.48,4.54,5.17,26.25198332,83.75077264
20160525,3.09,37.86,40.8,28.48,12.32,5.73,7.21,26.25198332,83.75077264
20160526,0.55,35.3,40.3,28.48,11.82,2.41,4.92,26.25198332,83.75077264
20160527,0.19,27.21,42.65,28.15,14.5,4.85,7.44,26.25198332,83.75077264
20160528,21.14,42.71,40.37,26.71,13.66,5.13,7.09,26.25198332,83.75077264
20160529,6.75,46.02,39.23,26.1,13.13,4.62,8.44,26.25198332,83.75077264
20160530,5.51,39.74,40.07,27.32,12.75,4.5,5.64,26.25198332,83.75077264
20160531,0.01,37.9,41.01,27.4,13.6,3.86,4.5,26.25198332,83.75077264
20160601,11.63,44.12,38.84,25.81,13.02,3.05,4.96,26.25198332,83.75077264
20160602,0.49,39.26,40.03,27.92,12.11,2.05,3.88,26.25198332,83.75077264
20160603,0.32,40.82,40.75,29.25,11.5,4.77,5.14,26.25198332,83.75077264
20160604,0.0,39.66,41.79,30.06,11.72,3.44,4.56,26.25198332,83.75077264
20160605,0.02,38.12,41.34,30.17,11.17,3.79,5.38,26.25198332,83.75077264
20160606,0.11,38.74,41.53,30.84,10.69,2.7,4.96,26.25198332,83.75077264
20160607,4.08,41.67,40.38,31.06,9.32,3.05,4.04,26.25198332,83.75077264
20160608,0.37,36.86,41.57,28.91,12.66,3.03,4.89,26.25198332,83.75077264
20160609,3.33,37.16,40.58,28.66,11.91,3.56,5.24,26.25198332,83.75077264
20160610,6.67,33.81,42.14,31.08,11.06,4.45,5.02,26.25198332,83.75077264
20160611,0.07,28.73,44.41,31.92,12.5,4.52,5.26,26.25198332,83.75077264
20160612,0.4,31.3,44.0,30.56,13.45,3.57,3.74,26.25198332,83.75077264
20160613,2.79,33.99,42.91,32.11,10.8,4.79,5.23,26.25198332,83.75077264
20160614,1.53,35.59,42.35,31.77,10.58,5.47,5.79,26.25198332,83.75077264
20160615,0.03,35.1,42.48,31.48,11.0,4.46,5.06,26.25198332,83.75077264
20160616,3.72,41.96,39.63,31.75,7.88,2.86,4.2,26.25198332,83.75077264
20160617,0.25,43.58,38.86,31.15,7.71,3.05,4.19,26.25198332,83.75077264
20160618,1.47,52.61,35.98,30.16,5.82,3.51,2.6,26.25198332,83.75077264
20160619,0.31,52.41,36.86,29.42,7.44,3.14,4.05,26.25198332,83.75077264
20160620,2.02,47.77,39.33,30.95,8.38,2.6,3.87,26.25198332,83.75077264
20160621,4.64,50.01,38.84,31.7,7.14,6.74,7.86,26.25198332,83.75077264
20160622,13.1,67.24,33.74,29.83,3.91,2.8,2.96,26.25198332,83.75077264
20160623,4.37,60.99,35.86,28.34,7.52,2.25,1.84,26.25198332,83.75077264
20160624,0.53,54.71,37.29,29.66,7.63,1.85,3.84,26.25198332,83.75077264
20160625,0.33,53.37,37.51,30.34,7.17,1.33,3.11,26.25198332,83.75077264
20160626,0.61,48.46,40.1,30.01,10.09,0.79,2.21,26.25198332,83.75077264
20160627,0.25,46.96,39.99,31.28,8.71,2.22,4.68,26.25198332,83.75077264
20160628,1.02,52.4,37.31,31.22,6.08,3.1,2.44,26.25198332,83.75077264
20160629,0.03,48.35,40.41,29.98,10.43,3.75,2.31,26.25198332,83.75077264
20160630,0.15,49.86,40.03,30.4,9.64,2.13,3.8,26.25198332,83.75077264
20160701,3.43,58.24,36.12,29.94,6.18,1.84,2.92,26.25198332,83.75077264
20160702,23.97,73.93,33.25,28.25,5.0,4.73,4.3,26.25198332,83.75077264
20160703,16.68,68.73,35.22,28.45,6.77,1.42,3.28,26.25198332,83.75077264
20160704,21.94,78.54,34.14,27.86,6.28,3.14,3.82,26.25198332,83.75077264
20160705,16.39,76.45,34.78,27.2,7.57,4.48,4.12,26.25198332,83.75077264
20160706,4.03,68.3,36.42,27.11,9.31,4.09,3.54,26.25198332,83.75077264
20160707,1.89,66.57,36.75,27.88,8.87,4.14,3.17,26.25198332,83.75077264
20160708,4.36,64.07,37.22,28.19,9.03,3.11,2.64,26.25198332,83.75077264
20160709,1.61,60.83,38.31,28.48,9.83,3.51,2.52,26.25198332,83.75077264
20160710,0.35,61.72,36.77,29.01,7.76,4.36,2.8,26.25198332,83.75077264
20160711,1.6,68.16,33.75,28.38,5.37,4.56,3.49,26.25198332,83.75077264
20160712,1.88,58.95,38.88,28.13,10.75,4.53,3.27,26.25198332,83.75077264
20160713,5.1,64.55,36.7,28.57,8.14,4.2,5.02,26.25198332,83.75077264
20160714,6.03,67.18,36.03,28.78,7.25,2.02,2.6,26.25198332,83.75077264
20160715,21.85,76.85,33.74,28.78,4.96,2.78,4.38,26.25198332,83.75077264
20160716,31.84,84.22,31.69,27.4,4.29,4.53,5.23,26.25198332,83.75077264
20160717,45.53,85.71,31.82,27.12,4.7,4.51,5.17,26.25198332,83.75077264
20160718,37.61,88.86,30.66,26.6,4.07,3.82,2.6,26.25198332,83.75077264
20160719,17.65,86.2,32.66,26.16,6.5,3.26,2.3,26.25198332,83.75077264
20160720,6.09,86.78,32.76,26.89,5.87,2.59,3.14,26.25198332,83.75077264
20160721,12.72,80.94,33.35,26.68,6.67,3.27,5.84,26.25198332,83.75077264
20160722,6.49,77.44,34.68,26.73,7.95,2.64,5.88,26.25198332,83.75077264
20160723,5.58,87.25,31.22,26.8,4.43,2.04,2.31,26.25198332,83.75077264
20160724,5.04,85.67,30.85,26.14,4.72,2.01,3.84,26.25198332,83.75077264
20160725,7.74,81.34,33.8,26.68,7.12,4.49,7.22,26.25198332,83.75077264
20160726,12.66,86.19,31.74,26.16,5.58,2.77,1.92,26.25198332,83.75077264
20160727,2.33,85.75,31.48,25.79,5.68,7.24,8.39,26.25198332,83.75077264
20160728,4.91,87.48,29.46,26.09,3.36,2.41,4.59,26.25198332,83.75077264
20160729,16.4,83.48,31.47,25.71,5.76,1.98,2.79,26.25198332,83.75077264
20160730,6.21,84.29,31.69,25.91,5.78,2.46,3.7,26.25198332,83.75077264
20160731,1.7,80.82,32.68,26.31,6.37,1.7,2.83,26.25198332,83.75077264
20160801,8.32,86.53,30.35,26.31,4.04,2.44,3.37,26.25198332,83.75077264
20160802,4.22,84.74,31.78,25.99,5.8,3.49,2.67,26.25198332,83.75077264
20160803,3.28,82.13,32.51,26.26,6.26,4.31,3.03,26.25198332,83.75077264
20160804,1.45,81.43,33.77,26.32,7.46,3.94,2.8,26.25198332,83.75077264
20160805,0.21,79.97,34.45,27.28,7.18,3.03,4.88,26.25198332,83.75077264
20160806,0.47,82.45,33.48,26.81,6.67,3.97,3.93,26.25198332,83.75077264
20160807,7.1,83.77,32.7,26.81,5.89,4.97,4.89,26.25198332,83.75077264
20160808,12.41,84.25,32.15,26.33,5.82,3.75,5.54,26.25198332,83.75077264
20160809,7.88,83.08,32.2,26.08,6.12,2.65,3.51,26.25198332,83.75077264
20160810,2.84,80.99,32.99,26.68,6.31,2.49,2.21,26.25198332,83.75077264
20160811,3.77,81.34,33.28,25.54,7.75,2.03,1.62,26.25198332,83.75077264
20160812,11.38,80.93,33.43,26.86,6.56,3.59,3.99,26.25198332,83.75077264
20160813,6.31,80.75,33.94,26.36,7.58,3.64,2.85,26.25198332,83.75077264
20160814,4.84,82.21,33.47,26.53,6.95,4.6,4.21,26.25198332,83.75077264
20160815,2.02,81.88,33.24,26.31,6.92,2.26,2.99,26.25198332,83.75077264
20160816,39.04,77.26,33.23,27.15,6.08,1.01,2.36,26.25198332,83.75077264
20160817,23.24,81.83,32.2,27.29,4.91,3.22,4.29,26.25198332,83.75077264
20160818,6.29,86.24,30.47,26.63,3.84,6.0,6.3,26.25198332,83.75077264
20160819,1.9,85.67,31.58,26.08,5.51,8.15,8.92,26.25198332,83.75077264
20160820,0.09,80.06,33.08,26.28,6.8,1.38,3.31,26.25198332,83.75077264
20160821,0.71,82.71,32.96,25.52,7.43,3.79,2.79,26.25198332,83.75077264
20160822,5.3,88.52,29.96,25.44,4.52,3.84,6.92,26.25198332,83.75077264
20160823,1.15,83.56,31.83,25.31,6.52,4.57,3.31,26.25198332,83.75077264
20160824,1.78,77.38,32.92,25.2,7.72,2.19,4.47,26.25198332,83.75077264
20160825,0.89,72.48,34.85,26.65,8.2,1.88,2.57,26.25198332,83.75077264
20160826,1.98,83.65,31.53,27.23,4.3,2.37,3.85,26.25198332,83.75077264
20160827,0.41,79.67,33.18,25.84,7.34,2.41,3.04,26.25198332,83.75077264
20160828,0.0,73.88,34.77,25.67,9.1,1.48,2.92,26.25198332,83.75077264
20160829,1.36,75.81,34.43,27.35,7.08,1.66,2.13,26.25198332,83.75077264
20160830,7.59,80.34,33.97,27.18,6.8,1.45,2.1,26.25198332,83.75077264
20160831,4.0,81.97,32.75,27.22,5.53,1.11,2.15,26.25198332,83.75077264
20160901,4.13,80.4,33.52,26.63,6.89,2.02,4.7,26.25198332,83.75077264
20160902,6.67,88.28,31.21,26.21,5.0,2.6,2.62,26.25198332,83.75077264
20160903,2.07,85.83,31.99,26.25,5.74,1.66,2.63,26.25198332,83.75077264
20160904,0.5,79.6,33.82,25.58,8.25,2.75,3.51,26.25198332,83.75077264
20160905,6.54,81.96,32.95,25.31,7.64,2.04,2.3,26.25198332,83.75077264
20160906,1.29,83.08,32.24,24.69,7.55,2.69,2.91,26.25198332,83.75077264
20160907,21.92,87.01,30.73,25.69,5.04,1.82,3.9,26.25198332,83.75077264
20160908,8.72,86.43,29.65,25.59,4.07,2.81,3.28,26.25198332,83.75077264
20160909,11.45,81.67,32.84,25.48,7.36,2.21,3.91,26.25198332,83.75077264
20160910,4.13,78.61,33.51,25.88,7.63,2.56,3.37,26.25198332,83.75077264
20160911,21.06,76.16,33.18,26.25,6.94,1.14,2.15,26.25198332,83.75077264
20160912,19.74,83.58,31.89,26.15,5.74,0.89,2.94,26.25198332,83.75077264
20160913,7.26,87.54,30.07,26.16,3.91,2.51,2.27,26.25198332,83.75077264
20160914,2.84,84.54,30.75,25.01,5.74,2.12,4.47,26.25198332,83.75077264
20160915,0.63,79.78,32.79,25.85,6.94,0.91,1.97,26.25198332,83.75077264
20160916,1.39,79.48,32.31,26.76,5.55,1.22,2.51,26.25198332,83.75077264
20160917,3.36,80.78,31.49,25.97,5.51,1.13,2.36,26.25198332,83.75077264
20160918,5.1,89.31,30.25,25.99,4.26,1.56,2.65,26.25198332,83.75077264
20160919,3.32,83.58,31.57,25.19,6.39,0.95,2.63,26.25198332,83.75077264
20160920,7.51,82.98,32.72,25.56,7.16,1.64,4.0,26.25198332,83.75077264
20160921,14.34,90.9,30.35,25.85,4.49,2.83,1.97,26.25198332,83.75077264
20160922,3.26,85.76,30.6,24.9,5.69,2.25,3.98,26.25198332,83.75077264
20160923,9.0,87.57,29.99,24.46,5.53,1.44,2.24,26.25198332,83.75077264
20160924,25.67,92.7,28.82,24.7,4.12,1.74,1.88,26.25198332,83.75077264
20160925,22.4,90.91,28.42,23.88,4.54,2.82,5.43,26.25198332,83.75077264
20160926,3.59,91.06,29.86,24.24,5.62,2.62,1.82,26.25198332,83.75077264
20160927,18.39,89.93,29.64,23.67,5.96,1.66,2.77,26.25198332,83.75077264
20160928,23.4,89.19,29.93,23.88,6.05,2.34,2.67,26.25198332,83.75077264
20160929,2.65,88.19,30.68,24.25,6.43,1.66,2.25,26.25198332,83.75077264
20160930,1.83,88.42,30.43,24.74,5.69,1.97,2.61,26.25198332,83.75077264
20161001,0.6,85.34,31.38,25.35,6.04,2.72,3.45,26.25198332,83.75077264
20161002,1.28,82.82,32.78,24.89,7.88,2.31,2.95,26.25198332,83.75077264
20161003,0.25,79.61,33.01,24.49,8.52,1.05,2.26,26.25198332,83.75077264
20161004,0.68,80.13,32.79,25.69,7.1,1.72,4.01,26.25198332,83.75077264
20161005,3.93,83.71,32.22,25.36,6.86,1.35,3.62,26.25198332,83.75077264
20161006,4.79,83.53,30.92,25.72,5.2,1.88,3.95,26.25198332,83.75077264
20161007,2.87,78.07,31.9,23.77,8.12,2.31,5.37,26.25198332,83.75077264
20161008,9.74,84.22,31.23,24.28,6.95,1.52,3.64,26.25198332,83.75077264
20161009,11.72,84.04,30.9,24.65,6.25,1.75,2.35,26.25198332,83.75077264
20161010,1.06,82.49,30.41,24.23,6.18,2.62,2.97,26.25198332,83.75077264
20161011,0.13,80.2,31.71,21.31,10.4,1.21,3.68,26.25198332,83.75077264
20161012,0.06,83.51,29.73,18.47,11.27,2.22,3.03,26.25198332,83.75077264
20161013,0.0,83.1,30.11,17.73,12.38,0.76,3.91,26.25198332,83.75077264
20161014,0.0,75.94,29.38,17.0,12.37,1.08,2.8,26.25198332,83.75077264
20161015,0.0,78.51,29.97,18.27,11.7,1.05,2.49,26.25198332,83.75077264
20161016,0.0,76.12,29.66,18.42,11.24,1.26,3.16,26.25198332,83.75077264
20161017,0.0,74.41,31.13,18.18,12.94,1.93,4.69,26.25198332,83.75077264
20161018,0.0,64.69,30.73,15.84,14.88,2.18,4.56,26.25198332,83.75077264
20161019,0.02,66.79,30.42,16.32,14.1,1.59,3.82,26.25198332,83.75077264
20161020,0.0,69.64,30.71,16.63,14.08,1.25,3.37,26.25198332,83.75077264
20161021,0.0,74.78,29.21,16.7,12.51,0.99,2.67,26.25198332,83.75077264
20161022,0.0,77.48,29.03,15.97,13.06,1.5,4.2,26.25198332,83.75077264
20161023,0.0,81.17,28.5,15.99,12.5,1.22,4.58,26.25198332,83.75077264
20161024,0.0,80.75,27.86,15.41,12.46,2.06,4.17,26.25198332,83.75077264
20161025,0.0,69.78,29.49,15.2,14.29,1.61,4.08,26.25198332,83.75077264
20161026,0.0,60.73,30.06,15.52,14.54,2.59,4.81,26.25198332,83.75077264
20161027,0.0,63.42,30.2,16.98,13.22,2.95,5.7,26.25198332,83.75077264
20161028,0.0,72.82,28.8,16.37,12.43,1.25,3.04,26.25198332,83.75077264
20161029,0.0,72.08,28.75,18.39,10.37,2.21,3.72,26.25198332,83.75077264
20161030,0.0,71.31,28.13,17.5,10.62,1.48,2.84,26.25198332,83.75077264
20161031,0.0,68.95,28.41,15.69,12.72,1.18,3.5,26.25198332,83.75077264
20161101,0.0,71.79,28.43,15.26,13.17,1.15,3.74,26.25198332,83.75077264
20161102,0.0,72.52,29.31,15.97,13.34,1.61,5.14,26.25198332,83.75077264
20161103,0.0,71.29,29.73,17.54,12.19,1.75,5.89,26.25198332,83.75077264
20161104,0.0,68.16,28.39,16.81,11.58,1.83,3.97,26.25198332,83.75077264
20161105,0.0,66.83,28.68,16.97,11.71,2.61,2.99,26.25198332,83.75077264
20161106,0.0,71.67,27.61,14.54,13.06,1.0,2.94,26.25198332,83.75077264
20161107,0.0,74.24,26.84,14.24,12.59,1.4,4.15,26.25198332,83.75077264
20161108,0.0,76.53,25.68,12.21,13.47,2.15,5.96,26.25198332,83.75077264
20161109,0.0,73.72,26.26,11.49,14.77,2.52,5.55,26.25198332,83.75077264
20161110,0.0,72.75,27.7,12.62,15.08,1.95,4.81,26.25198332,83.75077264
20161111,0.0,70.3,27.35,12.66,14.69,1.32,3.49,26.25198332,83.75077264
20161112,0.0,69.76,26.8,12.55,14.25,1.51,3.2,26.25198332,83.75077264
20161113,0.0,65.39,27.47,12.57,14.9,1.53,2.63,26.25198332,83.75077264
20161114,0.0,65.05,27.3,12.41,14.89,1.09,3.6,26.25198332,83.75077264
20161115,0.0,67.38,27.04,11.9,15.14,1.25,3.61,26.25198332,83.75077264
20161116,0.0,64.19,27.35,12.32,15.03,2.11,3.79,26.25198332,83.75077264
20161117,0.0,64.19,26.18,10.82,15.36,1.31,5.02,26.25198332,83.75077264
20161118,0.0,70.14,24.87,10.02,14.85,1.92,5.4,26.25198332,83.75077264
20161119,0.0,73.29,23.27,10.06,13.21,2.14,3.94,26.25198332,83.75077264
20161120,0.0,71.76,25.74,11.07,14.68,2.51,5.38,26.25198332,83.75077264
20161121,0.0,72.79,25.07,11.08,13.98,1.55,4.17,26.25198332,83.75077264
20161122,0.0,74.33,24.41,10.27,14.14,1.59,4.25,26.25198332,83.75077264
20161123,0.0,73.55,25.44,9.84,15.6,2.3,4.26,26.25198332,83.75077264
20161124,0.0,72.61,25.21,11.9,13.31,2.04,5.36,26.25198332,83.75077264
20161125,0.0,70.49,24.9,10.16,14.73,1.29,3.81,26.25198332,83.75077264
20161126,0.0,73.91,24.62,11.07,13.55,1.86,3.67,26.25198332,83.75077264
20161127,0.0,72.72,26.15,13.42,12.73,2.73,5.61,26.25198332,83.75077264
20161128,0.0,76.5,24.94,12.47,12.47,2.32,5.05,26.25198332,83.75077264
20161129,0.0,70.42,24.92,13.05,11.87,1.9,3.16,26.25198332,83.75077264
20161130,0.0,74.13,25.47,14.8,10.67,2.16,3.75,26.25198332,83.75077264
20161201,0.0,76.52,25.94,14.61,11.33,1.83,4.02,26.25198332,83.75077264
20161202,0.0,78.63,26.32,14.47,11.85,1.35,2.7,26.25198332,83.75077264
20161203,0.0,74.92,26.28,13.93,12.35,1.17,4.41,26.25198332,83.75077264
20161204,0.0,66.03,24.04,11.36,12.68,1.6,4.12,26.25198332,83.75077264
20161205,0.0,63.73,23.11,8.74,14.37,1.7,4.64,26.25198332,83.75077264
20161206,0.0,62.97,22.88,9.24,13.64,2.06,4.15,26.25198332,83.75077264
20161207,0.0,64.81,24.47,9.2,15.28,2.47,5.52,26.25198332,83.75077264
20161208,0.0,63.27,24.36,8.83,15.52,2.69,5.91,26.25198332,83.75077264
20161209,0.0,61.05,23.97,8.19,15.78,2.01,4.01,26.25198332,83.75077264
20161210,0.0,63.46,23.42,8.12,15.3,1.53,2.92,26.25198332,83.75077264
20161211,0.0,60.99,24.13,8.43,15.7,3.4,4.77,26.25198332,83.75077264
20161212,0.0,66.88,24.61,8.91,15.7,1.69,3.23,26.25198332,83.75077264
20161213,0.0,59.36,24.85,9.56,15.29,2.11,3.13,26.25198332,83.75077264
20161214,0.0,57.96,24.8,8.81,15.99,3.49,5.94,26.25198332,83.75077264
20161215,0.0,53.46,24.65,8.25,16.41,3.34,6.26,26.25198332,83.75077264
20161216,0.0,55.73,22.29,8.37,13.92,1.76,4.25,26.25198332,83.75077264
20161217,0.0,57.18,24.57,8.69,15.88,3.04,7.22,26.25198332,83.75077264
20161218,0.0,56.55,25.18,8.59,16.59,1.84,5.11,26.25198332,83.75077264
20161219,0.0,53.74,23.68,8.03,15.65,1.52,5.06,26.25198332,83.75077264
20161220,0.0,59.53,21.8,6.61,15.19,2.01,4.72,26.25198332,83.75077264
20161221,0.0,60.96,22.35,6.45,15.91,1.3,2.63,26.25198332,83.75077264
20161222,0.0,56.48,22.71,9.13,13.58,2.16,3.61,26.25198332,83.75077264
20161223,0.0,58.73,23.22,9.38,13.84,1.63,4.12,26.25198332,83.75077264
20161224,0.0,61.78,24.04,8.73,15.31,2.5,5.28,26.25198332,83.75077264
20161225,0.0,57.1,24.54,10.8,13.74,2.43,3.98,26.25198332,83.75077264
20161226,0.0,63.41,24.01,10.72,13.29,2.51,4.8,26.25198332,83.75077264
20161227,0.0,55.02,24.3,7.99,16.31,2.22,6.12,26.25198332,83.75077264
20161228,0.0,48.47,21.97,7.37,14.6,1.82,3.7,26.25198332,83.75077264
20161229,0.0,45.38,21.88,8.69,13.19,2.2,3.5,26.25198332,83.75077264
20161230,0.0,54.18,23.3,9.84,13.46,2.33,4.71,26.25198332,83.75077264
20161231,0.0,60.16,25.04,9.91,15.12,2.17,5.15,26.25198332,83.75077264
20170101,0.0,61.68,23.42,12.42,11.0,3.59,4.25,26.25198332,83.75077264
20170102,0.01,63.56,24.91,11.38,13.54,3.38,3.94,26.25198332,83.75077264
20170103,0.0,60.68,25.53,13.03,12.5,1.93,5.28,26.25198332,83.75077264
20170104,0.0,57.82,25.2,9.43,15.77,1.95,4.08,26.25198332,83.75077264
20170105,0.0,55.89,24.7,9.28,15.42,1.82,3.47,26.25198332,83.75077264
20170106,0.0,51.72,24.82,10.73,14.09,2.12,3.39,26.25198332,83.75077264
20170107,0.0,49.07,24.9,10.54,14.37,1.12,1.51,26.25198332,83.75077264
20170108,0.14,49.43,25.16,12.0,13.16,2.56,4.58,26.25198332,83.75077264
20170109,0.01,54.44,25.4,13.54,11.86,2.24,5.34,26.25198332,83.75077264
20170110,0.02,55.36,24.57,11.97,12.6,1.39,4.95,26.25198332,83.75077264
20170111,0.0,35.6,21.93,7.81,14.12,2.9,4.25,26.25198332,83.75077264
20170112,0.0,38.58,20.73,3.94,16.79,1.44,3.96,26.25198332,83.75077264
20170113,0.0,40.37,19.25,3.24,16.01,1.21,3.62,26.25198332,83.75077264
20170114,0.0,41.69,20.8,3.22,17.58,2.6,3.84,26.25198332,83.75077264
20170115,0.0,42.64,22.7,5.54,17.16,1.62,5.15,26.25198332,83.75077264
20170116,0.0,42.6,25.46,6.82,18.64,1.84,3.65,26.25198332,83.75077264
20170117,0.0,46.69,25.49,9.58,15.91,2.23,4.1,26.25198332,83.75077264
20170118,0.0,44.35,25.34,9.78,15.56,1.91,5.83,26.25198332,83.75077264
20170119,0.0,43.09,26.03,10.17,15.86,2.49,6.04,26.25198332,83.75077264
20170120,0.0,41.62,26.87,8.88,17.98,3.03,5.34,26.25198332,83.75077264
20170121,0.0,41.04,25.84,6.72,19.12,1.37,5.17,26.25198332,83.75077264
20170122,0.0,45.23,26.61,7.13,19.48,2.7,6.0,26.25198332,83.75077264
20170123,0.0,48.77,27.87,10.13,17.74,3.26,4.55,26.25198332,83.75077264
20170124,0.0,45.14,27.34,10.12,17.22,1.88,5.96,26.25198332,83.75077264
20170125,0.0,39.95,27.74,11.51,16.23,1.46,2.28,26.25198332,83.75077264
20170126,0.0,40.67,28.74,12.58,16.15,2.03,2.14,26.25198332,83.75077264
20170127,5.04,56.48,28.49,13.41,15.09,6.1,8.02,26.25198332,83.75077264
20170128,0.36,65.52,24.77,11.28,13.48,2.85,2.71,26.25198332,83.75077264
20170129,0.29,55.67,25.62,9.06,16.56,2.24,4.21,26.25198332,83.75077264
20170130,0.0,47.6,26.62,10.21,16.41,1.52,3.03,26.25198332,83.75077264
20170131,0.0,43.82,26.43,9.98,16.45,1.08,3.86,26.25198332,83.75077264
20170201,0.0,45.31,27.08,10.27,16.81,2.15,2.47,26.25198332,83.75077264
20170202,0.0,46.54,26.15,11.52,14.64,2.54,4.14,26.25198332,83.75077264
20170203,0.0,47.17,25.71,9.22,16.49,1.97,4.09,26.25198332,83.75077264
20170204,0.0,43.42,25.78,11.29,14.49,2.76,5.31,26.25198332,83.75077264
20170205,0.0,41.33,28.94,12.49,16.46,2.01,3.12,26.25198332,83.75077264
20170206,0.0,41.91,30.35,14.51,15.84,2.92,6.12,26.25198332,83.75077264
20170207,0.0,39.68,28.52,13.25,15.27,4.3,3.47,26.25198332,83.75077264
20170208,0.0,32.82,29.52,8.73,20.79,2.74,5.15,26.25198332,83.75077264
20170209,0.0,34.08,30.13,10.34,19.79,1.96,4.63,26.25198332,83.75077264
20170210,0.0,33.75,26.9,10.95,15.94,2.51,4.46,26.25198332,83.75077264
20170211,0.0,30.04,28.37,8.68,19.69,2.96,6.11,26.25198332,83.75077264
20170212,0.0,53.7,21.06,13.4,7.66,2.93,3.99,26.25198332,83.75077264
20170213,0.0,56.03,28.55,11.3,17.26,2.12,4.73,26.25198332,83.75077264
20170214,0.0,39.86,29.87,12.07,17.8,2.76,3.81,26.25198332,83.75077264
20170215,0.0,32.16,29.2,11.21,17.98,1.78,3.67,26.25198332,83.75077264
20170216,0.0,32.09,29.45,11.13,18.32,1.9,3.53,26.25198332,83.75077264
20170217,0.0,32.06,29.93,14.65,15.27,2.45,3.95,26.25198332,83.75077264
20170218,0.0,35.26,31.09,16.01,15.08,1.27,1.58,26.25198332,83.75077264
20170219,0.0,42.06,31.47,16.39,15.09,2.61,5.13,26.25198332,83.75077264
20170220,0.0,37.53,33.25,14.72,18.53,4.32,4.85,26.25198332,83.75077264
20170221,0.0,33.17,34.21,16.85,17.36,2.45,5.55,26.25198332,83.75077264
20170222,0.0,28.96,31.9,15.55,16.35,4.04,4.91,26.25198332,83.75077264
20170223,0.05,22.65,31.21,11.91,19.3,4.93,6.33,26.25198332,83.75077264
20170224,0.0,23.42,30.09,9.52,20.57,3.5,3.74,26.25198332,83.75077264
20170225,0.0,26.26,30.27,9.03,21.23,1.8,5.14,26.25198332,83.75077264
20170226,0.0,26.33,31.52,11.05,20.47,3.75,4.55,26.25198332,83.75077264
20170227,0.0,24.72,31.56,10.88,20.67,1.85,2.31,26.25198332,83.75077264
20170228,0.0,25.33,32.33,11.67,20.66,1.27,2.52,26.25198332,83.75077264
20170301,0.0,27.83,34.2,13.56,20.64,2.92,3.87,26.25198332,83.75077264
20170302,0.0,30.03,35.64,16.94,18.69,2.41,5.25,26.25198332,83.75077264
20170303,0.11,29.44,34.55,17.85,16.69,1.77,3.9,26.25198332,83.75077264
20170304,0.01,26.01,34.85,19.18,15.68,3.05,7.25,26.25198332,83.75077264
20170305,0.02,21.45,32.83,15.49,17.34,3.85,4.56,26.25198332,83.75077264
20170306,0.0,20.09,32.98,13.0,19.98,2.51,3.28,26.25198332,83.75077264
20170307,0.0,18.83,32.97,12.53,20.44,2.25,4.71,26.25198332,83.75077264
20170308,0.0,20.56,33.11,17.69,15.43,3.44,3.78,26.25198332,83.75077264
20170309,0.0,26.79,32.8,18.1,14.7,4.15,6.34,26.25198332,83.75077264
20170310,1.24,35.03,33.76,19.73,14.04,5.73,7.83,26.25198332,83.75077264
20170311,3.23,48.56,28.5,17.15,11.35,5.86,7.3,26.25198332,83.75077264
20170312,0.35,30.87,27.75,15.4,12.36,7.66,9.43,26.25198332,83.75077264
20170313,0.07,24.18,29.65,10.46,19.18,3.54,4.55,26.25198332,83.75077264
20170314,0.0,21.24,31.41,11.6,19.81,3.49,5.11,26.25198332,83.75077264
20170315,0.0,21.65,31.42,14.27,17.15,2.18,3.67,26.25198332,83.75077264
20170316,0.0,24.51,33.09,12.58,20.51,2.22,3.87,26.25198332,83.75077264
20170317,0.0,26.61,34.22,16.07,18.15,2.75,5.29,26.25198332,83.75077264
20170318,0.03,22.86,34.08,15.59,18.49,4.05,4.98,26.25198332,83.75077264
20170319,0.01,41.07,23.49,16.11,7.38,5.43,6.16,26.25198332,83.75077264
20170320,0.77,43.66,32.49,13.65,18.84,4.36,5.98,26.25198332,83.75077264
20170321,1.21,25.96,34.53,14.46,20.07,3.27,5.39,26.25198332,83.75077264
20170322,0.0,24.01,36.67,17.14,19.53,1.98,5.09,26.25198332,83.75077264
20170323,0.0,27.99,37.31,18.06,19.24,3.27,6.49,26.25198332,83.75077264
20170324,0.0,25.73,38.69,20.1,18.59,3.29,5.27,26.25198332,83.75077264
20170325,0.0,19.52,39.92,22.14,17.78,4.43,5.25,26.25198332,83.75077264
20170326,0.26,26.4,38.32,19.41,18.92,3.09,4.77,26.25198332,83.75077264
20170327,0.09,22.57,39.69,20.78,18.9,2.85,6.09,26.25198332,83.75077264
20170328,0.0,27.18,39.39,21.46,17.93,2.49,5.41,26.25198332,83.75077264
20170329,0.03,20.28,42.17,24.04,18.13,3.42,5.08,26.25198332,83.75077264
20170330,0.05,17.17,42.56,23.45,19.1,7.21,8.75,26.25198332,83.75077264
20170331,0.03,16.56,42.84,23.16,19.67,3.5,4.08,26.25198332,83.75077264
20170401,0.01,16.86,42.83,22.74,20.1,4.24,5.36,26.25198332,83.75077264
20170402,0.06,14.94,42.6,23.25,19.35,3.61,3.74,26.25198332,83.75077264
20170403,0.01,11.75,43.45,25.19,18.26,5.28,6.63,26.25198332,83.75077264
20170404,0.07,14.08,42.57,24.33,18.24,2.95,7.23,26.25198332,83.75077264
20170405,0.01,24.54,40.33,23.71,16.61,4.79,7.68,26.25198332,83.75077264
20170406,0.15,29.0,40.38,24.34,16.05,3.22,5.15,26.25198332,83.75077264
20170407,0.04,26.81,42.32,26.65,15.67,3.75,6.49,26.25198332,83.75077264
20170408,0.01,16.67,42.36,25.73,16.64,4.12,8.38,26.25198332,83.75077264
20170409,0.18,8.31,41.03,22.52,18.51,4.3,3.44,26.25198332,83.75077264
20170410,0.0,7.81,39.32,20.23,19.09,5.97,5.27,26.25198332,83.75077264
20170411,0.0,8.77,39.59,20.3,19.3,6.03,7.19,26.25198332,83.75077264
20170412,0.0,9.49,41.14,22.81,18.33,2.83,5.85,26.25198332,83.75077264
20170413,0.0,16.15,40.25,20.76,19.5,4.75,5.68,26.25198332,83.75077264
20170414,0.0,21.31,40.24,23.19,17.05,5.65,7.06,26.25198332,83.75077264
20170415,0.18,19.38,41.75,25.05,16.7,3.52,7.86,26.25198332,83.75077264
20170416,0.03,28.35,41.23,23.82,17.41,3.67,5.62,26.25198332,83.75077264
20170417,0.0,33.38,39.95,23.9,16.04,4.85,6.94,26.25198332,83.75077264
20170418,0.0,29.67,41.52,26.49,15.03,2.92,6.51,26.25198332,83.75077264
20170419,0.02,26.59,42.77,28.03,14.74,4.03,7.42,26.25198332,83.75077264
20170420,0.41,32.23,43.55,26.39,17.16,5.45,7.99,26.25198332,83.75077264
20170421,0.05,30.7,42.66,26.53,16.12,4.36,6.59,26.25198332,83.75077264
20170422,0.3,27.48,43.42,27.47,15.94,3.99,5.91,26.25198332,83.75077264
20170423,0.05,27.64,42.17,27.57,14.59,4.85,7.27,26.25198332,83.75077264
20170424,4.04,30.92,42.37,26.52,15.85,4.36,5.6,26.25198332,83.75077264
20170425,0.04,20.59,42.64,26.97,15.67,5.55,5.68,26.25198332,83.75077264
20170426,0.0,16.95,42.61,26.14,16.46,4.91,2.84,26.25198332,83.75077264
20170427,0.0,15.79,42.84,25.6,17.24,4.2,5.16,26.25198332,83.75077264
20170428,0.0,16.28,42.82,25.81,17.01,4.56,4.41,26.25198332,83.75077264
20170429,0.0,15.98,43.8,26.73,17.07,3.54,5.13,26.25198332,83.75077264
20170430,0.04,18.75,42.5,27.08,15.42,2.58,5.15,26.25198332,83.75077264
20170501,0.41,24.24,40.54,27.54,12.99,3.48,6.19,26.25198332,83.75077264
20170502,2.14,24.45,39.88,24.16,15.72,3.31,6.91,26.25198332,83.75077264
20170503,0.0,18.82,40.42,25.82,14.61,2.91,5.35,26.25198332,83.75077264
20170504,0.08,22.52,42.14,25.79,16.36,3.65,6.03,26.25198332,83.75077264
20170505,0.04,16.24,44.16,28.72,15.44,6.5,7.61,26.25198332,83.75077264
20170506,0.05,14.97,45.0,30.28,14.72,4.14,5.58,26.25198332,83.75077264
20170507,0.07,25.62,43.72,26.31,17.41,4.81,7.5,26.25198332,83.75077264
20170508,0.0,26.67,42.96,28.79,14.17,3.71,6.11,26.25198332,83.75077264
20170509,9.03,44.41,39.23,26.58,12.65,4.38,6.06,26.25198332,83.75077264
20170510,0.05,39.82,39.76,27.05,12.72,5.48,6.26,26.25198332,83.75077264
20170511,0.01,34.96,41.35,27.17,14.18,4.39,6.76,26.25198332,83.75077264
20170512,0.05,28.97,43.2,29.0,14.2,4.12,7.3,26.25198332,83.75077264
20170513,0.27,32.84,43.52,29.25,14.27,4.49,6.31,26.25198332,83.75077264
20170514,0.0,22.2,45.82,29.68,16.15,5.65,6.51,26.25198332,83.75077264
20170515,0.1,26.9,45.3,29.0,16.31,5.36,6.58,26.25198332,83.75077264
20170516,0.15,31.52,46.08,28.67,17.4,8.89,10.91,26.25198332,83.75077264
20170517,0.93,35.79,42.7,29.08,13.62,8.17,10.58,26.25198332,83.75077264
20170518,4.22,32.74,42.15,29.3,12.85,4.59,5.26,26.25198332,83.75077264
20170519,0.42,28.23,42.44,29.72,12.71,2.76,2.84,26.25198332,83.75077264
20170520,0.01,23.39,44.35,30.46,13.89,4.88,5.63,26.25198332,83.75077264
20170521,0.0,20.98,45.12,31.81,13.32,5.5,6.39,26.25198332,83.75077264
20170522,0.02,19.53,44.56,31.33,13.22,2.67,5.06,26.25198332,83.75077264
20170523,0.05,22.9,45.0,29.94,15.06,2.41,5.05,26.25198332,83.75077264
20170524,0.03,22.53,44.11,31.71,12.39,4.42,4.79,26.25198332,83.75077264
20170525,0.0,23.02,45.5,30.84,14.66,3.64,4.91,26.25198332,83.75077264
20170526,4.02,36.09,42.7,31.65,11.05,5.58,7.42,26.25198332,83.75077264
20170527,10.28,46.45,38.98,29.13,9.85,5.06,6.22,26.25198332,83.75077264
20170528,0.73,40.77,40.8,28.41,12.39,4.76,5.88,26.25198332,83.75077264
20170529,0.72,44.35,39.62,29.06,10.56,4.47,5.43,26.25198332,83.75077264
20170530,1.65,37.04,41.29,29.82,11.48,3.27,5.22,26.25198332,83.75077264
20170531,5.58,45.35,38.11,29.99,8.11,4.09,5.52,26.25198332,83.75077264
20170601,0.0,38.21,42.03,29.15,12.88,3.25,4.86,26.25198332,83.75077264
20170602,0.0,28.15,42.97,29.64,13.34,4.24,3.75,26.25198332,83.75077264
20170603,1.68,23.71,44.96,27.91,17.05,6.01,6.87,26.25198332,83.75077264
20170604,0.0,21.48,46.42,31.59,14.83,3.82,5.42,26.25198332,83.75077264
20170605,0.0,25.3,46.6,31.96,14.64,4.54,7.58,26.25198332,83.75077264
20170606,17.73,50.19,37.2,31.12,6.08,5.45,6.18,26.25198332,83.75077264
20170607,1.83,48.8,39.63,28.96,10.67,1.92,3.27,26.25198332,83.75077264
20170608,1.39,48.99,39.86,29.88,9.98,1.99,1.99,26.25198332,83.75077264
20170609,0.0,39.72,41.59,30.26,11.33,1.94,1.99,26.25198332,83.75077264
20170610,0.0,39.31,41.5,30.96,10.54,2.06,3.36,26.25198332,83.75077264
20170611,0.44,35.87,41.81,31.85,9.96,2.87,4.73,26.25198332,83.75077264
20170612,0.0,28.89,43.53,30.98,12.55,4.73,5.31,26.25198332,83.75077264
20170613,1.06,25.73,43.54,29.31,14.23,4.0,4.72,26.25198332,83.75077264
20170614,6.89,28.1,44.17,31.04,13.13,3.21,6.75,26.25198332,83.75077264
20170615,15.48,42.96,41.33,28.05,13.28,4.11,7.71,26.25198332,83.75077264
20170616,2.15,42.67,39.82,29.74,10.08,3.53,5.28,26.25198332,83.75077264
20170617,2.57,41.98,40.18,30.41,9.77,2.69,3.57,26.25198332,83.75077264
20170618,0.0,35.31,42.69,30.31,12.38,4.46,4.61,26.25198332,83.75077264
20170619,2.39,38.44,42.9,31.16,11.74,2.83,2.69,26.25198332,83.75077264
20170620,11.52,53.36,37.92,29.93,7.98,4.16,3.71,26.25198332,83.75077264
20170621,8.48,52.72,38.94,29.01,9.93,4.31,5.42,26.25198332,83.75077264
20170622,4.59,49.08,39.67,28.42,11.25,3.0,4.52,26.25198332,83.75077264
20170623,0.07,41.73,40.85,29.94,10.9,3.0,3.28,26.25198332,83.75077264
20170624,0.13,39.1,41.77,30.1,11.67,5.58,7.82,26.25198332,83.75077264
20170625,1.62,48.84,39.43,31.02,8.41,2.92,2.1,26.25198332,83.75077264
20170626,0.13,49.25,39.82,29.87,9.96,3.06,2.21,26.25198332,83.75077264
20170627,0.2,50.89,38.97,29.91,9.06,4.4,2.8,26.25198332,83.75077264
20170628,0.22,46.36,40.48,30.92,9.56,3.32,2.52,26.25198332,83.75077264
20170629,0.04,48.31,40.64,30.25,10.39,4.13,3.01,26.25198332,83.75077264
20170630,0.87,49.9,39.91,30.69,9.23,2.58,4.57,26.25198332,83.75077264
20170701,9.62,71.88,32.69,29.37,3.31,2.31,3.04,26.25198332,83.75077264
20170702,18.12,74.63,33.18,27.83,5.35,1.26,2.78,26.25198332,83.75077264
20170703,11.43,66.09,35.76,27.67,8.1,1.38,3.08,26.25198332,83.75077264
20170704,30.3,77.13,34.0,27.56,6.43,1.66,2.95,26.25198332,83.75077264
20170705,26.93,82.62,32.29,27.11,5.19,2.45,3.2,26.25198332,83.75077264
20170706,21.55,83.13,32.43,26.48,5.95,3.64,2.96,26.25198332,83.75077264
20170707,12.32,74.9,34.48,26.55,7.93,1.57,2.52,26.25198332,83.75077264
20170708,2.17,71.86,34.42,27.81,6.62,2.3,4.48,26.25198332,83.75077264
20170709,28.96,80.79,32.27,27.13,5.14,1.34,2.85,26.25198332,83.75077264
20170710,63.58,90.94,30.2,27.22,2.97,4.55,5.56,26.25198332,83.75077264
20170711,37.57,90.96,28.95,25.4,3.55,4.28,4.97,26.25198332,83.75077264
20170712,7.31,83.98,32.11,24.58,7.53,5.05,4.45,26.25198332,83.75077264
20170713,4.41,82.39,32.76,25.57,7.19,4.85,4.15,26.25198332,83.75077264
20170714,1.46,78.8,34.11,26.06,8.05,2.54,3.27,26.25198332,83.75077264
20170715,0.99,78.11,34.05,26.64,7.41,4.42,5.06,26.25198332,83.75077264
20170716,0.44,76.56,35.06,27.27,7.79,1.38,1.42,26.25198332,83.75077264
20170717,0.28,75.57,35.62,27.31,8.31,1.83,2.61,26.25198332,83.75077264
20170718,1.93,80.89,34.3,27.62,6.68,1.65,2.78,26.25198332,83.75077264
20170719,1.72,79.58,35.11,27.5,7.61,4.44,5.61,26.25198332,83.75077264
20170720,10.3,82.98,32.75,26.35,6.4,5.18,5.33,26.25198332,83.75077264
20170721,15.83,86.87,31.15,26.52,4.63,6.44,6.68,26.25198332,83.75077264
20170722,17.54,88.41,31.36,26.69,4.68,1.21,1.89,26.25198332,83.75077264
20170723,4.8,89.09,30.46,26.13,4.32,3.53,3.58,26.25198332,83.75077264
20170724,24.8,87.94,30.81,26.34,4.47,3.68,3.86,26.25198332,83.75077264
20170725,16.21,82.86,32.83,25.28,7.55,5.1,6.75,26.25198332,83.75077264
20170726,6.23,82.32,31.81,25.21,6.6,5.4,5.98,26.25198332,83.75077264
20170727,1.32,83.01,32.64,25.6,7.04,6.35,5.33,26.25198332,83.75077264
20170728,0.07,82.48,32.47,26.34,6.12,3.4,5.11,26.25198332,83.75077264
20170729,2.93,84.76,32.14,26.69,5.45,0.97,2.93,26.25198332,83.75077264
20170730,12.95,90.48,30.02,26.49,3.54,2.63,4.15,26.25198332,83.75077264
20170731,5.76,83.71,32.59,25.65,6.94,2.26,3.11,26.25198332,83.75077264
20170801,7.13,86.48,32.58,25.69,6.89,1.74,1.7,26.25198332,83.75077264
20170802,16.76,87.67,32.39,26.8,5.58,3.37,3.31,26.25198332,83.75077264
20170803,14.2,88.45,31.84,26.47,5.37,2.6,2.1,26.25198332,83.75077264
20170804,9.06,89.84,30.33,26.58,3.75,2.49,4.18,26.25198332,83.75077264
20170805,6.88,79.93,33.44,26.41,7.03,2.13,3.2,26.25198332,83.75077264
20170806,11.33,86.19,31.67,27.33,4.33,3.02,3.61,26.25198332,83.75077264
20170807,3.08,87.6,32.17,27.24,4.93,3.02,4.69,26.25198332,83.75077264
20170808,1.58,81.83,34.51,26.64,7.87,2.55,2.8,26.25198332,83.75077264
20170809,1.13,88.81,31.03,27.59,3.44,2.01,4.62,26.25198332,83.75077264
20170810,5.35,90.46,30.07,26.82,3.25,2.3,3.24,26.25198332,83.75077264
20170811,17.9,92.69,29.19,26.24,2.95,3.55,2.77,26.25198332,83.75077264
20170812,4.6,91.23,30.63,26.22,4.41,2.45,2.7,26.25198332,83.75077264
20170813,34.79,91.49,29.49,25.94,3.55,2.94,4.19,26.25198332,83.75077264
20170814,54.22,92.28,29.66,25.49,4.17,2.95,4.3,26.25198332,83.75077264
20170815,9.67,88.37,32.07,24.92,7.15,2.93,2.37,26.25198332,83.75077264
20170816,5.91,91.01,30.79,26.11,4.68,2.24,2.11,26.25198332,83.75077264
20170817,8.49,82.12,32.8,26.26,6.55,1.63,3.87,26.25198332,83.75077264
20170818,7.07,89.06,31.76,26.77,4.99,3.47,3.58,26.25198332,83.75077264
20170819,0.41,86.05,31.7,26.15,5.56,4.12,2.7,26.25198332,83.75077264
20170820,2.79,84.94,32.07,26.21,5.86,3.41,2.61,26.25198332,83.75077264
20170821,0.7,86.61,31.78,25.6,6.18,2.27,1.72,26.25198332,83.75077264
20170822,1.06,85.51,31.68,25.68,6.0,2.37,5.28,26.25198332,83.75077264
20170823,26.94,83.37,32.58,26.72,5.86,1.73,4.18,26.25198332,83.75077264
20170824,8.86,82.87,33.07,24.93,8.15,1.31,3.66,26.25198332,83.75077264
20170825,7.55,88.43,31.53,26.49,5.04,2.12,2.46,26.25198332,83.75077264
20170826,0.93,89.75,31.18,26.38,4.8,2.2,3.25,26.25198332,83.75077264
20170827,4.66,91.64,30.82,26.73,4.09,3.05,4.55,26.25198332,83.75077264
20170828,4.88,88.69,31.77,26.03,5.74,3.16,3.19,26.25198332,83.75077264
20170829,0.55,88.43,31.44,26.01,5.43,5.64,5.42,26.25198332,83.75077264
20170830,0.1,86.18,31.82,26.04,5.78,2.3,2.7,26.25198332,83.75077264
20170831,16.0,86.16,32.41,26.52,5.89,1.95,3.64,26.25198332,83.75077264
20170901,12.65,91.3,30.19,26.34,3.86,2.37,3.48,26.25198332,83.75077264
20170902,3.98,90.87,29.64,25.62,4.02,2.75,2.13,26.25198332,83.75077264
20170903,1.13,86.75,31.69,24.85,6.84,3.35,2.88,26.25198332,83.75077264
20170904,0.8,85.45,32.1,24.53,7.57,2.48,1.74,26.25198332,83.75077264
20170905,0.32,84.61,32.77,24.98,7.79,1.73,2.2,26.25198332,83.75077264
20170906,0.07,82.72,33.43,25.04,8.39,0.8,1.68,26.25198332,83.75077264
20170907,0.33,83.45,32.83,25.63,7.2,0.97,1.7,26.25198332,83.75077264
20170908,1.9,85.7,32.2,25.56,6.64,2.3,2.58,26.25198332,83.75077264
20170909,0.46,84.45,32.88,25.09,7.79,3.18,3.61,26.25198332,83.75077264
20170910,0.08,81.78,33.24,24.78,8.46,1.5,2.24,26.25198332,83.75077264
20170911,2.07,78.63,33.62,25.69,7.93,2.14,5.18,26.25198332,83.75077264
20170912,5.87,86.61,32.62,25.48,7.15,1.46,4.6,26.25198332,83.75077264
20170913,1.73,82.8,32.71,25.38,7.33,0.8,2.43,26.25198332,83.75077264
20170914,2.02,78.99,32.72,26.64,6.08,1.76,2.09,26.25198332,83.75077264
20170915,0.24,77.23,32.99,26.46,6.52,1.4,1.57,26.25198332,83.75077264
20170916,0.06,74.51,34.09,26.09,8.0,1.72,3.14,26.25198332,83.75077264
20170917,0.28,79.36,33.56,26.87,6.68,1.43,2.58,26.25198332,83.75077264
20170918,1.13,88.26,31.09,26.91,4.19,4.41,5.6,26.25198332,83.75077264
20170919,3.01,87.65,30.72,25.69,5.03,2.56,3.0,26.25198332,83.75077264
20170920,4.27,91.81,29.44,26.01,3.43,4.95,5.3,26.25198332,83.75077264
20170921,20.91,90.51,30.11,25.87,4.24,4.37,3.85,26.25198332,83.75077264
20170922,11.94,87.63,31.24,25.81,5.44,1.85,2.66,26.25198332,83.75077264
20170923,2.9,83.2,32.95,25.21,7.74,1.35,3.67,26.25198332,83.75077264
20170924,0.34,80.89,33.4,24.65,8.74,1.4,2.85,26.25198332,83.75077264
20170925,0.46,84.17,32.16,24.46,7.71,1.63,2.91,26.25198332,83.75077264
20170926,0.4,79.18,32.91,24.55,8.36,1.92,4.68,26.25198332,83.75077264
20170927,0.28,79.16,33.16,25.02,8.15,1.81,4.64,26.25198332,83.75077264
20170928,0.36,78.12,33.51,24.69,8.83,2.24,5.72,26.25198332,83.75077264
20170929,0.97,75.13,32.22,23.22,9.0,1.62,2.79,26.25198332,83.75077264
20170930,4.13,73.52,32.45,24.32,8.12,1.17,1.9,26.25198332,83.75077264
20171001,0.03,75.79,32.43,23.79,8.64,1.99,2.9,26.25198332,83.75077264
20171002,0.87,72.32,33.07,26.19,6.88,1.52,2.51,26.25198332,83.75077264
20171003,0.88,80.07,32.22,24.82,7.39,1.3,1.84,26.25198332,83.75077264
20171004,0.08,82.22,32.72,25.19,7.53,1.39,3.44,26.25198332,83.75077264
20171005,0.0,78.79,33.16,24.34,8.81,1.92,3.9,26.25198332,83.75077264
20171006,0.01,73.35,33.78,25.1,8.68,1.83,4.12,26.25198332,83.75077264
20171007,0.94,74.87,33.97,25.35,8.62,1.06,2.92,26.25198332,83.75077264
20171008,0.34,71.1,34.1,26.11,7.99,1.45,2.93,26.25198332,83.75077264
20171009,1.0,77.1,33.29,25.34,7.95,1.09,1.48,26.25198332,83.75077264
20171010,0.4,77.73,32.43,24.04,8.38,3.6,3.69,26.25198332,83.75077264
20171011,0.18,80.5,30.49,23.56,6.93,5.33,5.99,26.25198332,83.75077264
20171012,0.17,74.97,32.94,24.49,8.45,2.46,3.14,26.25198332,83.75077264
20171013,0.0,70.15,33.23,22.39,10.84,2.85,2.78,26.25198332,83.75077264
20171014,0.03,68.64,33.79,21.76,12.03,1.85,3.33,26.25198332,83.75077264
20171015,0.0,62.65,33.59,19.56,14.03,2.11,3.18,26.25198332,83.75077264
20171016,0.0,57.09,33.38,20.81,12.57,2.15,3.81,26.25198332,83.75077264
20171017,0.0,61.27,33.37,20.69,12.68,1.28,2.45,26.25198332,83.75077264
20171018,0.0,67.44,33.64,21.41,12.22,1.46,1.46,26.25198332,83.75077264
20171019,0.16,72.51,34.54,23.48,11.05,2.76,4.02,26.25198332,83.75077264
20171020,0.07,75.49,33.88,24.67,9.22,2.32,1.9,26.25198332,83.75077264
20171021,0.01,75.79,32.37,22.48,9.89,2.54,4.13,26.25198332,83.75077264
20171022,0.0,64.02,33.31,20.91,12.4,2.89,3.73,26.25198332,83.75077264
20171023,0.0,57.8,33.13,19.2,13.92,1.93,2.45,26.25198332,83.75077264
20171024,0.04,57.23,32.61,19.11,13.5,2.64,3.59,26.25198332,83.75077264
20171025,0.0,50.47,31.92,19.04,12.88,2.16,3.62,26.25198332,83.75077264
20171026,0.0,49.53,32.4,16.13,16.27,2.78,4.68,26.25198332,83.75077264
20171027,0.0,48.34,31.89,18.2,13.69,1.78,2.6,26.25198332,83.75077264
20171028,0.0,52.49,31.46,17.81,13.65,2.42,5.02,26.25198332,83.75077264
20171029,0.19,61.42,31.41,17.58,13.83,1.57,4.2,26.25198332,83.75077264
20171030,0.2,62.37,30.16,18.43,11.73,1.35,3.09,26.25198332,83.75077264
20171031,0.19,64.65,30.02,17.87,12.14,2.46,5.88,26.25198332,83.75077264
20171101,0.0,65.81,29.79,18.22,11.57,1.23,4.03,26.25198332,83.75077264
20171102,0.0,59.41,29.91,18.3,11.61,1.64,3.15,26.25198332,83.75077264
20171103,0.0,58.75,30.93,18.12,12.8,1.26,1.62,26.25198332,83.75077264
20171104,0.0,62.46,31.9,17.87,14.03,1.12,1.8,26.25198332,83.75077264
20171105,0.0,60.4,31.79,19.46,12.33,2.15,4.78,26.25198332,83.75077264
20171106,0.0,60.06,31.05,18.07,12.98,1.19,3.54,26.25198332,83.75077264
20171107,0.0,56.98,30.71,17.16,13.56,0.92,2.91,26.25198332,83.75077264
20171108,0.0,57.9,30.33,16.83,13.5,1.87,4.2,26.25198332,83.75077264
20171109,0.0,57.83,29.47,16.74,12.74,2.11,4.6,26.25198332,83.75077264
20171110,0.0,52.81,30.14,17.24,12.91,2.42,4.1,26.25198332,83.75077264
20171111,0.0,55.27,30.71,16.85,13.87,2.91,6.8,26.25198332,83.75077264
20171112,0.0,54.5,30.97,16.36,14.61,1.05,3.86,26.25198332,83.75077264
20171113,0.0,48.87,29.7,15.67,14.03,1.34,3.03,26.25198332,83.75077264
20171114,0.0,47.18,30.25,16.78,13.48,1.08,1.88,26.25198332,83.75077264
20171115,0.0,59.33,31.11,16.59,14.52,1.84,3.42,26.25198332,83.75077264
20171116,0.0,63.75,30.45,19.28,11.17,2.04,2.26,26.25198332,83.75077264
20171117,0.0,70.69,30.07,21.34,8.73,1.42,3.1,26.25198332,83.75077264
20171118,0.0,62.84,31.52,19.94,11.58,2.48,4.69,26.25198332,83.75077264
20171119,0.0,48.01,32.66,17.66,15.01,2.42,5.92,26.25198332,83.75077264
20171120,0.0,50.0,30.64,18.39,12.25,3.16,4.25,26.25198332,83.75077264
20171121,0.0,39.5,27.94,12.72,15.22,2.97,5.21,26.25198332,83.75077264
20171122,0.0,43.6,26.77,10.41,16.35,3.44,4.08,26.25198332,83.75077264
20171123,0.0,45.93,26.83,9.99,16.84,2.66,4.15,26.25198332,83.75077264
20171124,0.0,44.8,25.93,9.6,16.34,1.42,2.5,26.25198332,83.75077264
20171125,0.0,43.97,26.59,9.65,16.94,1.66,3.12,26.25198332,83.75077264
20171126,0.0,44.38,26.35,11.27,15.09,1.45,3.96,26.25198332,83.75077264
20171127,0.0,44.68,26.71,10.37,16.34,1.93,3.9,26.25198332,83.75077264
20171128,0.0,46.64,26.04,9.7,16.34,2.66,3.95,26.25198332,83.75077264
20171129,0.0,45.35,26.12,11.74,14.38,2.4,4.08,26.25198332,83.75077264
20171130,0.0,48.7,25.57,11.8,13.77,2.5,4.26,26.25198332,83.75077264
20171201,0.0,50.81,27.02,12.91,14.1,2.6,4.45,26.25198332,83.75077264
20171202,0.0,47.29,27.01,12.42,14.59,1.47,3.11,26.25198332,83.75077264
20171203,0.0,42.07,25.53,12.37,13.16,1.35,2.93,26.25198332,83.75077264
20171204,0.0,43.53,24.79,10.92,13.87,2.02,3.53,26.25198332,83.75077264
20171205,0.0,45.8,25.23,12.41,12.82,2.47,4.39,26.25198332,83.75077264
20171206,0.0,51.79,26.53,12.63,13.91,2.93,3.99,26.25198332,83.75077264
20171207,0.0,50.75,28.99,13.02,15.97,2.11,2.94,26.25198332,83.75077264
20171208,0.0,51.55,29.86,14.13,15.73,1.42,2.94,26.25198332,83.75077264
20171209,0.0,51.39,27.79,13.85,13.94,2.12,4.29,26.25198332,83.75077264
20171210,0.0,53.2,25.5,15.79,9.71,1.54,3.81,26.25198332,83.75077264
20171211,0.0,46.07,28.16,15.46,12.7,1.26,3.22,26.25198332,83.75077264
20171212,0.0,43.18,29.24,14.78,14.46,2.98,6.49,26.25198332,83.75077264
20171213,0.0,55.2,29.33,15.13,14.2,3.37,3.74,26.25198332,83.75077264
20171214,0.0,49.35,28.23,13.57,14.66,3.69,4.92,26.25198332,83.75077264
20171215,0.0,46.51,28.76,13.06,15.69,3.71,4.7,26.25198332,83.75077264
20171216,0.0,45.22,27.07,12.45,14.62,2.58,4.04,26.25198332,83.75077264
20171217,0.0,41.95,24.67,8.53,16.14,2.24,5.11,26.25198332,83.75077264
20171218,0.0,38.96,24.14,8.41,15.73,1.71,3.86,26.25198332,83.75077264
20171219,0.0,39.31,20.55,10.88,9.66,1.29,1.89,26.25198332,83.75077264
20171220,0.0,50.92,23.75,12.06,11.69,2.76,5.97,26.25198332,83.75077264
20171221,0.0,55.48,26.53,13.48,13.06,3.15,6.94,26.25198332,83.75077264
20171222,0.0,50.02,26.22,11.06,15.16,1.47,4.11,26.25198332,83.75077264
20171223,0.0,43.21,26.46,9.58,16.89,1.89,3.23,26.25198332,83.75077264
20171224,0.0,43.54,24.93,11.27,13.66,2.49,4.03,26.25198332,83.75077264
20171225,0.0,44.76,24.21,8.85,15.36,2.25,4.16,26.25198332,83.75077264
20171226,0.0,49.01,25.12,8.46,16.66,1.93,4.39,26.25198332,83.75077264
20171227,0.0,43.52,23.99,7.82,16.17,1.7,4.8,26.25198332,83.75077264
20171228,0.0,39.19,24.27,9.09,15.18,1.04,1.89,26.25198332,83.75077264
20171229,0.0,37.74,23.58,9.53,14.06,1.65,2.84,26.25198332,83.75077264
20171230,0.0,39.54,24.54,10.98,13.56,1.9,3.09,26.25198332,83.75077264
20171231,0.0,42.16,25.15,11.88,13.27,3.01,5.75,26.25198332,83.75077264
20180101,0.0,44.3,24.36,9.78,14.57,1.71,4.29,26.25198332,83.75077264
20180102,0.0,42.45,22.67,7.23,15.43,2.09,4.64,26.25198332,83.75077264
20180103,0.0,42.75,22.69,6.39,16.3,2.28,4.24,26.25198332,83.75077264
20180104,0.0,38.15,22.63,5.36,17.28,1.97,5.49,26.25198332,83.75077264
20180105,0.0,37.73,21.67,5.62,16.05,1.22,2.5,26.25198332,83.75077264
20180106,0.0,38.49,21.9,5.1,16.81,1.62,2.79,26.25198332,83.75077264
20180107,0.0,42.15,22.74,5.48,17.26,3.12,3.85,26.25198332,83.75077264
20180108,0.0,43.32,22.15,5.27,16.88,1.78,4.68,26.25198332,83.75077264
20180109,0.0,41.69,21.28,5.22,16.06,1.42,2.85,26.25198332,83.75077264
20180110,0.0,41.12,22.08,4.66,17.43,1.76,2.06,26.25198332,83.75077264
20180111,0.0,39.91,23.02,4.52,18.5,2.36,3.29,26.25198332,83.75077264
20180112,0.0,34.04,23.05,7.0,16.05,1.97,2.92,26.25198332,83.75077264
20180113,0.0,35.79,23.99,7.9,16.09,3.38,4.63,26.25198332,83.75077264
20180114,0.0,38.54,22.89,5.96,16.93,2.05,3.43,26.25198332,83.75077264
20180115,0.0,37.8,24.28,7.33,16.95,3.19,3.92,26.25198332,83.75077264
20180116,0.0,40.06,22.5,6.04,16.47,2.49,4.89,26.25198332,83.75077264
20180117,0.0,35.95,23.59,7.48,16.11,3.23,6.26,26.25198332,83.75077264
20180118,0.0,33.02,24.91,5.2,19.71,2.35,3.96,26.25198332,83.75077264
20180119,0.0,35.53,24.92,7.33,17.59,2.91,3.22,26.25198332,83.75077264
20180120,0.0,39.4,26.01,7.72,18.28,4.18,4.59,26.25198332,83.75077264
20180121,0.0,38.12,24.24,7.42,16.81,1.56,3.4,26.25198332,83.75077264
20180122,0.0,34.46,23.79,7.07,16.72,1.75,2.01,26.25198332,83.75077264
20180123,0.0,30.9,24.99,7.59,17.4,2.77,4.88,26.25198332,83.75077264
20180124,1.12,46.89,25.01,11.01,14.01,3.72,7.36,26.25198332,83.75077264
20180125,0.0,47.75,24.56,8.48,16.08,2.68,5.7,26.25198332,83.75077264
20180126,0.0,41.5,24.76,7.72,17.03,1.68,2.89,26.25198332,83.75077264
20180127,0.0,34.43,24.41,7.4,17.01,3.81,4.38,26.25198332,83.75077264
20180128,0.0,33.51,24.06,5.82,18.24,3.56,3.84,26.25198332,83.75077264
20180129,0.0,31.83,24.39,6.68,17.71,3.7,4.46,26.25198332,83.75077264
20180130,0.0,33.99,26.7,6.41,20.29,4.88,6.41,26.25198332,83.75077264
20180131,0.0,36.66,26.89,9.04,17.84,3.5,6.28,26.25198332,83.75077264
20180201,0.0,37.55,27.35,10.43,16.92,2.77,5.03,26.25198332,83.75077264
20180202,0.0,36.0,29.82,10.29,19.53,4.84,5.71,26.25198332,83.75077264
20180203,0.0,37.6,29.06,11.16,17.89,2.36,5.13,26.25198332,83.75077264
20180204,0.0,33.74,29.76,12.04,17.73,6.81,8.25,26.25198332,83.75077264
20180205,0.0,26.42,29.67,8.42,21.25,3.16,6.37,26.25198332,83.75077264
20180206,0.0,24.42,29.23,10.81,18.42,2.9,6.17,26.25198332,83.75077264
20180207,0.0,24.36,28.14,14.99,13.15,4.26,3.32,26.25198332,83.75077264
20180208,0.0,25.73,30.09,11.84,18.25,3.23,5.05,26.25198332,83.75077264
20180209,0.0,23.78,30.01,12.25,17.76,4.38,5.69,26.25198332,83.75077264
20180210,0.0,18.08,29.7,9.73,19.97,4.19,5.4,26.25198332,83.75077264
20180211,0.0,18.37,31.9,13.97,17.92,2.72,6.68,26.25198332,83.75077264
20180212,0.3,36.22,25.13,13.51,11.62,4.33,6.75,26.25198332,83.75077264
20180213,0.86,68.82,21.02,15.05,5.96,4.55,5.19,26.25198332,83.75077264
20180214,0.0,48.01,28.83,12.01,16.82,4.67,6.22,26.25198332,83.75077264
20180215,0.0,29.4,29.29,8.9,20.39,2.62,4.58,26.25198332,83.75077264
20180216,0.0,33.09,30.02,12.32,17.7,2.46,3.55,26.25198332,83.75077264
20180217,0.0,35.97,30.96,12.62,18.34,3.61,4.21,26.25198332,83.75077264
20180218,0.0,30.05,31.34,12.67,18.67,3.27,4.24,26.25198332,83.75077264
20180219,0.0,23.86,31.5,15.79,15.71,2.97,3.37,26.25198332,83.75077264
20180220,0.0,17.4,31.93,15.72,16.21,2.6,4.92,26.25198332,83.75077264
20180221,0.0,18.42,31.57,15.53,16.03,2.49,3.07,26.25198332,83.75077264
20180222,0.0,23.85,33.22,17.23,15.99,3.69,4.49,26.25198332,83.75077264
20180223,0.02,26.07,34.56,17.77,16.79,3.83,4.86,26.25198332,83.75077264
20180224,0.01,24.04,35.05,16.8,18.25,2.94,7.01,26.25198332,83.75077264
20180225,0.0,32.27,30.5,17.53,12.97,3.56,5.94,26.25198332,83.75077264
20180226,0.01,29.88,34.07,14.98,19.09,4.71,4.61,26.25198332,83.75077264
20180227,0.0,23.33,33.3,15.6,17.69,2.63,4.74,26.25198332,83.75077264
20180228,0.0,23.78,34.25,16.24,18.01,2.73,3.43,26.25198332,83.75077264
20180301,0.0,26.18,34.68,16.48,18.21,4.39,5.65,26.25198332,83.75077264
20180302,0.0,23.12,36.72,16.82,19.9,5.59,6.25,26.25198332,83.75077264
20180303,0.02,21.33,37.2,17.01,20.2,7.83,8.27,26.25198332,83.75077264
20180304,0.0,20.52,37.92,18.26,19.66,2.83,4.18,26.25198332,83.75077264
20180305,0.02,39.1,30.86,20.68,10.18,5.51,6.59,26.25198332,83.75077264
20180306,0.0,26.06,33.48,16.31,17.17,5.29,5.77,26.25198332,83.75077264
20180307,0.0,16.69,35.03,15.51,19.52,4.06,7.61,26.25198332,83.75077264
20180308,0.0,13.65,36.17,16.23,19.94,2.19,4.64,26.25198332,83.75077264
20180309,0.0,15.14,35.3,15.03,20.27,2.56,3.34,26.25198332,83.75077264
20180310,0.09,17.57,36.7,15.32,21.38,4.5,5.93,26.25198332,83.75077264
20180311,0.01,18.41,36.38,15.98,20.4,3.69,4.21,26.25198332,83.75077264
20180312,0.04,18.98,36.56,16.64,19.92,4.74,6.27,26.25198332,83.75077264
20180313,0.0,16.93,38.0,16.93,21.08,4.26,5.5,26.25198332,83.75077264
20180314,0.0,16.2,37.82,17.54,20.28,3.28,4.14,26.25198332,83.75077264
20180315,0.0,21.31,37.4,19.89,17.51,2.27,4.73,26.25198332,83.75077264
20180316,0.0,24.64,36.86,20.24,16.63,5.95,8.3,26.25198332,83.75077264
20180317,0.03,16.93,36.33,18.97,17.36,4.32,4.42,26.25198332,83.75077264
20180318,0.0,14.48,36.55,16.47,20.08,3.41,3.26,26.25198332,83.75077264
20180319,0.0,9.65,37.75,19.44,18.31,3.6,4.3,26.25198332,83.75077264
20180320,0.0,11.6,39.34,17.87,21.46,3.95,5.12,26.25198332,83.75077264
20180321,0.2,17.14,39.19,19.79,19.4,3.46,6.26,26.25198332,83.75077264
20180322,0.12,24.12,38.63,21.32,17.31,3.47,6.97,26.25198332,83.75077264
20180323,0.0,19.85,38.06,20.95,17.11,1.91,4.79,26.25198332,83.75077264
20180324,0.0,21.37,37.41,20.55,16.86,1.76,2.69,26.25198332,83.75077264
20180325,0.0,18.5,37.88,20.11,17.76,1.5,3.62,26.25198332,83.75077264
20180326,0.0,15.21,37.91,19.14,18.77,2.89,2.35,26.25198332,83.75077264
20180327,0.0,12.12,39.54,19.39,20.14,2.16,5.83,26.25198332,83.75077264
20180328,0.0,9.99,39.62,20.61,19.01,3.53,5.12,26.25198332,83.75077264
20180329,0.0,14.48,39.84,19.33,20.51,2.15,4.26,26.25198332,83.75077264
20180330,0.0,12.8,39.59,20.73,18.86,3.81,8.57,26.25198332,83.75077264
20180331,3.06,29.68,37.02,22.32,14.71,5.11,5.04,26.25198332,83.75077264
20180401,0.01,36.22,37.02,22.28,14.74,4.26,4.58,26.25198332,83.75077264
20180402,0.0,32.35,37.73,22.68,15.06,3.43,5.84,26.25198332,83.75077264
20180403,0.0,26.73,38.64,21.93,16.71,2.9,5.5,26.25198332,83.75077264
20180404,0.0,23.57,39.15,22.75,16.4,2.12,4.79,26.25198332,83.75077264
20180405,0.01,25.2,39.99,23.95,16.04,3.1,6.94,26.25198332,83.75077264
20180406,3.39,34.83,38.28,23.16,15.12,3.77,6.38,26.25198332,83.75077264
20180407,7.52,49.77,35.49,24.55,10.94,5.3,6.41,26.25198332,83.75077264
20180408,1.37,49.09,34.21,24.98,9.23,1.98,3.7,26.25198332,83.75077264
20180409,0.02,38.42,36.47,22.75,13.72,4.38,5.54,26.25198332,83.75077264
20180410,0.27,37.52,37.05,25.05,12.0,2.12,4.28,26.25198332,83.75077264
20180411,1.64,36.02,38.6,23.69,14.91,5.49,6.57,26.25198332,83.75077264
20180412,0.01,36.83,33.17,23.57,9.6,6.42,7.41,26.25198332,83.75077264
20180413,0.0,31.45,38.59,22.0,16.59,2.87,1.69,26.25198332,83.75077264
20180414,0.02,21.25,39.2,23.08,16.11,5.4,6.26,26.25198332,83.75077264
20180415,0.0,21.11,40.32,21.13,19.19,5.02,5.86,26.25198332,83.75077264
20180416,0.0,22.09,41.81,23.38,18.44,2.98,4.08,26.25198332,83.75077264
20180417,0.03,23.15,42.61,25.08,17.52,3.55,6.97,26.25198332,83.75077264
20180418,0.28,26.18,42.18,26.18,15.99,4.96,7.74,26.25198332,83.75077264
20180419,0.14,19.03,42.68,24.47,18.21,4.85,5.51,26.25198332,83.75077264
20180420,0.05,23.65,41.79,24.79,17.0,3.47,6.38,26.25198332,83.75077264
20180421,0.06,20.91,43.07,26.39,16.67,3.94,7.4,26.25198332,83.75077264
20180422,0.01,11.93,40.92,24.64,16.28,3.64,4.03,26.25198332,83.75077264
20180423,0.0,11.0,40.8,21.55,19.24,2.93,3.19,26.25198332,83.75077264
20180424,0.0,10.94,41.14,24.29,16.85,3.7,4.33,26.25198332,83.75077264
20180425,0.0,13.11,41.75,23.0,18.75,2.74,6.78,26.25198332,83.75077264
20180426,0.0,22.79,41.18,24.04,17.14,4.65,5.95,26.25198332,83.75077264
20180427,0.0,36.7,40.1,25.75,14.35,5.63,5.11,26.25198332,83.75077264
20180428,0.02,38.08,39.24,26.38,12.87,5.37,7.78,26.25198332,83.75077264
20180429,4.15,40.84,40.56,26.0,14.56,4.99,7.04,26.25198332,83.75077264
20180430,18.83,55.81,35.99,23.71,12.28,5.63,7.94,26.25198332,83.75077264
20180501,0.46,44.73,37.48,24.77,12.71,5.28,6.4,26.25198332,83.75077264
20180502,6.12,50.61,36.79,25.26,11.53,4.62,6.11,26.25198332,83.75077264
20180503,5.4,54.61,34.76,25.27,9.49,6.14,7.96,26.25198332,83.75077264
20180504,0.06,43.97,37.32,24.0,13.32,2.72,6.08,26.25198332,83.75077264
20180505,0.02,41.82,39.6,25.11,14.49,5.02,6.94,26.25198332,83.75077264
20180506,0.02,32.38,42.16,26.61,15.55,3.17,3.59,26.25198332,83.75077264
20180507,0.01,28.03,43.58,28.9,14.68,4.27,4.85,26.25198332,83.75077264
20180508,0.39,23.3,43.76,28.64,15.12,3.44,7.65,26.25198332,83.75077264
20180509,0.0,25.09,41.47,25.59,15.88,5.63,7.83,26.25198332,83.75077264
20180510,0.0,24.6,41.51,25.54,15.97,4.87,6.89,26.25198332,83.75077264
20180511,0.01,23.83,41.63,26.76,14.87,4.46,8.37,26.25198332,83.75077264
20180512,0.0,35.5,40.74,26.14,14.6,7.14,8.91,26.25198332,83.75077264
20180513,7.31,44.78,39.55,27.7,11.85,4.5,7.41,26.25198332,83.75077264
20180514,17.97,54.2,36.52,26.3,10.22,6.0,7.31,26.25198332,83.75077264
20180515,0.38,40.64,38.17,24.9,13.27,3.81,7.3,26.25198332,83.75077264
20180516,0.04,43.24,38.48,26.37,12.11,4.5,7.3,26.25198332,83.75077264
20180517,0.37,40.79,39.57,26.7,12.87,5.9,7.4,26.25198332,83.75077264
20180518,0.01,31.5,41.97,26.11,15.86,4.18,7.21,26.25198332,83.75077264
20180519,0.2,35.03,41.03,26.43,14.61,4.52,7.45,26.25198332,83.75077264
20180520,0.12,35.77,41.76,27.07,14.7,3.67,6.46,26.25198332,83.75077264
20180521,0.0,33.18,41.87,27.16,14.71,3.75,6.9,26.25198332,83.75077264
20180522,0.01,35.3,41.73,27.16,14.57,5.16,7.43,26.25198332,83.75077264
20180523,0.03,36.31,42.84,28.63,14.21,4.92,7.69,26.25198332,83.75077264
20180524,0.98,38.24,42.71,29.4,13.32,5.06,7.81,26.25198332,83.75077264
20180525,0.71,34.35,43.0,29.21,13.8,3.58,6.46,26.25198332,83.75077264
20180526,0.05,24.94,45.11,27.12,18.0,3.33,6.94,26.25198332,83.75077264
20180527,0.46,32.09,43.75,28.81,14.94,5.53,8.58,26.25198332,83.75077264
20180528,0.12,30.88,44.37,29.7,14.67,4.52,8.2,26.25198332,83.75077264
20180529,1.15,37.32,41.08,29.99,11.09,5.17,6.87,26.25198332,83.75077264
20180530,0.44,39.35,41.8,29.37,12.44,4.28,5.77,26.25198332,83.75077264
20180531,1.46,38.65,42.35,29.62,12.73,4.41,6.3,26.25198332,83.75077264
20180601,7.02,51.31,38.23,29.69,8.54,4.19,4.6,26.25198332,83.75077264
20180602,0.23,48.27,39.01,28.74,10.26,5.87,7.3,26.25198332,83.75077264
20180603,0.05,41.15,39.46,29.7,9.76,2.66,4.96,26.25198332,83.75077264
20180604,0.02,42.21,40.62,30.47,10.15,3.86,3.08,26.25198332,83.75077264
20180605,0.03,42.25,40.74,31.04,9.7,4.62,3.45,26.25198332,83.75077264
20180606,0.01,39.12,42.09,31.58,10.51,4.21,5.86,26.25198332,83.75077264
20180607,2.19,36.79,42.3,33.31,8.99,3.59,5.42,26.25198332,83.75077264
20180608,3.75,50.73,38.12,32.18,5.95,3.04,2.71,26.25198332,83.75077264
20180609,1.13,49.85,38.52,30.51,8.01,2.39,2.53,26.25198332,83.75077264
20180610,0.11,40.25,42.6,30.19,12.41,2.37,4.44,26.25198332,83.75077264
20180611,0.07,35.06,43.25,32.92,10.34,2.87,2.16,26.25198332,83.75077264
20180612,0.17,27.03,45.43,33.24,12.2,4.32,4.81,26.25198332,83.75077264
20180613,11.19,40.03,41.86,31.66,10.2,4.93,5.25,26.25198332,83.75077264
20180614,2.03,40.95,41.94,30.14,11.79,5.0,4.92,26.25198332,83.75077264
20180615,0.26,32.61,42.95,28.45,14.5,5.47,6.24,26.25198332,83.75077264
20180616,0.02,30.58,45.05,29.93,15.12,4.79,6.09,26.25198332,83.75077264
20180617,0.65,30.07,44.36,32.26,12.1,5.88,4.79,26.25198332,83.75077264
20180618,0.15,31.42,44.04,32.58,11.46,4.06,5.01,26.25198332,83.75077264
20180619,0.11,31.16,43.08,32.73,10.35,2.48,2.94,26.25198332,83.75077264
20180620,0.0,32.06,44.65,31.83,12.83,3.7,6.32,26.25198332,83.75077264
20180621,0.1,34.6,44.25,32.74,11.51,4.64,6.51,26.25198332,83.75077264
20180622,5.41,38.12,43.43,33.56,9.87,5.44,7.51,26.25198332,83.75077264
20180623,6.39,50.84,37.37,31.97,5.4,3.57,6.03,26.25198332,83.75077264
20180624,2.46,39.12,43.25,30.69,12.56,5.96,6.85,26.25198332,83.75077264
20180625,1.67,37.44,44.02,32.21,11.81,4.24,4.59,26.25198332,83.75077264
20180626,26.66,55.01,38.09,29.75,8.34,2.43,5.52,26.25198332,83.75077264
20180627,37.77,68.77,34.55,28.48,6.07,7.7,10.99,26.25198332,83.75077264
20180628,1.33,56.53,38.23,28.96,9.27,4.71,4.09,26.25198332,83.75077264
20180629,0.23,52.69,38.52,28.53,9.99,4.21,5.86,26.25198332,83.75077264
20180630,3.85,54.21,38.94,28.76,10.18,1.99,2.21,26.25198332,83.75077264
20180701,30.32,70.71,34.07,29.4,4.68,5.21,4.64,26.25198332,83.75077264
20180702,16.04,73.42,34.28,28.1,6.19,4.84,4.81,26.25198332,83.75077264
20180703,17.69,68.36,36.63,27.42,9.21,4.72,4.19,26.25198332,83.75077264
20180704,0.31,63.79,36.5,27.9,8.59,4.88,3.94,26.25198332,83.75077264
20180705,0.55,63.99,36.78,28.37,8.41,5.76,8.19,26.25198332,83.75077264
20180706,0.39,58.79,38.11,29.01,9.1,2.61,3.3,26.25198332,83.75077264
20180707,0.3,56.29,38.96,29.19,9.76,2.36,4.29,26.25198332,83.75077264
20180708,0.29,57.73,37.85,30.06,7.78,3.61,3.17,26.25198332,83.75077264
20180709,0.33,61.94,35.75,29.62,6.13,2.51,3.19,26.25198332,83.75077264
20180710,0.06,62.42,36.03,29.53,6.5,3.37,3.33,26.25198332,83.75077264
20180711,3.91,65.79,35.62,28.48,7.13,3.18,3.5,26.25198332,83.75077264
20180712,4.94,62.31,37.95,28.7,9.26,4.48,3.35,26.25198332,83.75077264
20180713,4.3,63.56,35.83,28.89,6.94,4.11,3.3,26.25198332,83.75077264
20180714,1.5,59.26,38.88,28.72,10.16,4.69,4.35,26.25198332,83.75077264
20180715,0.4,51.21,41.01,29.54,11.47,2.72,3.78,26.25198332,83.75077264
20180716,0.06,52.85,40.47,28.83,11.64,4.02,3.58,26.25198332,83.75077264
20180717,0.05,55.45,38.62,29.99,8.63,3.32,2.62,26.25198332,83.75077264
20180718,0.07,58.52,38.04,29.44,8.6,5.57,5.29,26.25198332,83.75077264
20180719,3.27,55.73,39.56,29.74,9.82,4.36,4.25,26.25198332,83.75077264
20180720,17.97,58.16,40.09,29.77,10.32,3.12,4.31,26.25198332,83.75077264
20180721,29.3,75.41,34.66,28.62,6.04,4.25,5.66,26.25198332,83.75077264
20180722,2.2,64.58,38.04,27.22,10.83,5.29,5.25,26.25198332,83.75077264
20180723,2.42,66.24,36.6,27.77,8.83,4.73,4.49,26.25198332,83.75077264
20180724,11.51,78.21,33.21,27.17,6.04,6.24,6.98,26.25198332,83.75077264
20180725,5.09,75.38,34.05,27.26,6.8,2.84,3.16,26.25198332,83.75077264
20180726,39.37,80.22,32.2,26.75,5.45,3.16,2.88,26.25198332,83.75077264
20180727,7.69,82.86,32.3,25.67,6.63,5.16,6.98,26.25198332,83.75077264
20180728,14.07,79.26,33.43,26.09,7.35,3.22,4.16,26.25198332,83.75077264
20180729,27.72,87.74,30.95,26.99,3.96,1.97,2.04,26.25198332,83.75077264
20180730,16.96,88.28,30.69,26.6,4.09,3.1,3.8,26.25198332,83.75077264
20180731,4.09,83.2,31.86,25.27,6.59,4.45,3.75,26.25198332,83.75077264
20180801,7.82,86.6,31.12,25.67,5.45,3.49,3.08,26.25198332,83.75077264
20180802,20.45,91.97,29.19,25.95,3.24,2.23,3.02,26.25198332,83.75077264
20180803,24.63,87.31,32.06,25.91,6.15,1.61,2.16,26.25198332,83.75077264
20180804,29.03,86.04,31.36,25.73,5.62,2.92,5.12,26.25198332,83.75077264
20180805,27.39,87.4,31.56,26.08,5.48,2.01,3.7,26.25198332,83.75077264
20180806,13.13,86.29,31.06,25.43,5.64,2.2,4.79,26.25198332,83.75077264
20180807,9.43,84.53,32.64,26.3,6.34,2.15,2.31,26.25198332,83.75077264
20180808,0.54,82.83,32.99,26.3,6.7,3.94,2.5,26.25198332,83.75077264
20180809,0.01,80.03,33.45,25.78,7.68,4.02,5.01,26.25198332,83.75077264
20180810,0.65,78.68,33.57,26.05,7.52,1.55,2.82,26.25198332,83.75077264
20180811,5.77,80.97,32.86,27.14,5.72,1.32,2.53,26.25198332,83.75077264
20180812,6.38,82.41,33.68,26.91,6.77,2.45,3.15,26.25198332,83.75077264
20180813,2.21,90.14,30.41,26.94,3.47,2.03,2.57,26.25198332,83.75077264
20180814,5.66,83.92,32.51,26.08,6.43,0.61,2.09,26.25198332,83.75077264
20180815,3.59,87.02,32.55,26.92,5.63,3.29,2.95,26.25198332,83.75077264
20180816,6.0,85.84,32.65,27.02,5.63,3.53,2.73,26.25198332,83.75077264
20180817,0.14,83.93,33.29,26.11,7.17,3.61,3.21,26.25198332,83.75077264
20180818,0.2,82.8,32.7,27.27,5.42,3.02,4.42,26.25198332,83.75077264
20180819,0.95,78.8,33.65,27.69,5.95,1.16,2.57,26.25198332,83.75077264
20180820,4.04,83.53,32.76,27.33,5.43,5.43,6.25,26.25198332,83.75077264
20180821,1.0,83.97,32.83,26.24,6.6,5.91,5.31,26.25198332,83.75077264
20180822,1.3,82.96,33.14,26.34,6.8,2.43,4.29,26.25198332,83.75077264
20180823,2.17,84.15,32.63,26.48,6.15,2.3,3.13,26.25198332,83.75077264
20180824,14.42,82.86,33.26,26.64,6.62,1.17,2.06,26.25198332,83.75077264
20180825,27.04,88.25,31.11,26.6,4.51,2.63,3.58,26.25198332,83.75077264
20180826,14.98,85.16,32.81,25.77,7.04,2.51,1.99,26.25198332,83.75077264
20180827,2.33,83.94,32.86,25.85,7.01,3.15,2.53,26.25198332,83.75077264
20180828,0.13,88.74,30.56,25.92,4.64,3.39,2.58,26.25198332,83.75077264
20180829,0.19,80.75,32.88,25.51,7.37,5.34,6.69,26.25198332,83.75077264
20180830,5.3,83.15,30.95,27.09,3.86,1.54,3.94,26.25198332,83.75077264
20180831,20.64,85.4,31.67,25.85,5.82,3.33,4.57,26.25198332,83.75077264
20180901,5.17,87.72,31.39,26.13,5.26,2.57,2.74,26.25198332,83.75077264
20180902,11.87,85.2,31.42,25.82,5.59,4.03,5.95,26.25198332,83.75077264
20180903,22.72,84.76,31.2,25.47,5.73,2.8,3.38,26.25198332,83.75077264
20180904,15.95,86.25,31.81,26.03,5.77,2.88,3.33,26.25198332,83.75077264
20180905,20.33,82.11,31.56,25.47,6.09,2.41,2.81,26.25198332,83.75077264
20180906,12.75,83.04,32.69,25.78,6.91,3.12,3.79,26.25198332,83.75077264
20180907,1.03,85.36,31.34,25.8,5.54,6.17,6.41,26.25198332,83.75077264
20180908,0.49,82.53,32.01,25.66,6.35,4.71,7.4,26.25198332,83.75077264
20180909,0.01,83.9,32.37,25.64,6.74,2.15,4.08,26.25198332,83.75077264
20180910,0.0,85.35,32.03,24.73,7.29,3.42,2.41,26.25198332,83.75077264
20180911,1.24,88.22,30.81,25.06,5.75,2.83,2.38,26.25198332,83.75077264
20180912,6.31,86.84,31.89,25.29,6.6,2.06,1.75,26.25198332,83.75077264
20180913,2.37,86.16,32.32,25.22,7.1,2.65,2.13,26.25198332,83.75077264
20180914,0.98,84.73,32.22,24.8,7.42,1.76,2.62,26.25198332,83.75077264
20180915,0.25,83.62,32.42,24.22,8.21,1.74,2.03,26.25198332,83.75077264
20180916,0.0,82.57,32.3,24.3,8.0,1.81,3.73,26.25198332,83.75077264
20180917,0.0,81.48,32.45,23.51,8.94,1.78,3.17,26.25198332,83.75077264
20180918,0.0,81.47,32.26,23.16,9.09,1.05,3.04,26.25198332,83.75077264
20180919,0.0,80.74,32.54,23.45,9.1,1.09,2.13,26.25198332,83.75077264
20180920,3.25,82.79,32.74,24.07,8.67,3.55,3.91,26.25198332,83.75077264
20180921,15.26,90.77,29.34,25.38,3.97,5.75,5.56,26.25198332,83.75077264
20180922,1.42,85.28,30.17,24.55,5.62,5.63,4.72,26.25198332,83.75077264
20180923,0.0,80.93,31.89,23.95,7.94,1.5,4.32,26.25198332,83.75077264
20180924,0.12,81.44,31.89,23.83,8.06,2.53,1.96,26.25198332,83.75077264
20180925,0.17,83.36,31.57,23.78,7.79,3.05,2.21,26.25198332,83.75077264
20180926,0.04,81.08,31.28,22.76,8.52,2.96,3.04,26.25198332,83.75077264
20180927,0.0,78.28,32.04,23.78,8.26,1.4,3.13,26.25198332,83.75077264
20180928,0.0,79.61,32.25,23.96,8.29,2.34,3.04,26.25198332,83.75077264
20180929,0.0,80.85,32.54,23.12,9.42,3.02,3.48,26.25198332,83.75077264
20180930,0.0,79.29,32.78,21.23,11.55,3.21,3.4,26.25198332,83.75077264
20181001,0.0,78.84,32.81,21.61,11.2,2.15,2.71,26.25198332,83.75077264
20181002,0.0,80.37,31.91,22.11,9.8,2.34,2.87,26.25198332,83.75077264
20181003,0.0,75.95,32.75,21.67,11.07,2.92,3.69,26.25198332,83.75077264
20181004,0.42,72.68,33.21,23.13,10.08,2.47,3.65,26.25198332,83.75077264
20181005,0.04,72.64,32.73,22.49,10.24,2.88,3.94,26.25198332,83.75077264
20181006,0.0,75.6,32.46,21.71,10.75,1.73,2.66,26.25198332,83.75077264
20181007,0.0,74.1,32.37,21.97,10.4,2.11,3.13,26.25198332,83.75077264
20181008,0.0,69.48,32.48,20.9,11.59,2.06,2.95,26.25198332,83.75077264
20181009,0.0,60.45,33.48,21.79,11.69,1.83,2.17,26.25198332,83.75077264
20181010,0.0,57.76,33.54,20.87,12.67,2.53,5.71,26.25198332,83.75077264
20181011,0.61,72.59,31.36,20.19,11.16,3.62,3.03,26.25198332,83.75077264
20181012,0.75,71.6,31.72,22.43,9.29,2.25,2.15,26.25198332,83.75077264
20181013,0.0,70.47,31.07,21.39,9.68,2.87,5.34,26.25198332,83.75077264
20181014,0.0,66.15,32.17,20.23,11.94,3.54,4.05,26.25198332,83.75077264
20181015,0.0,64.03,32.21,17.08,15.14,2.4,3.41,26.25198332,83.75077264
20181016,0.0,59.01,32.42,17.34,15.08,2.61,3.02,26.25198332,83.75077264
20181017,0.0,55.32,32.64,20.12,12.52,2.82,3.51,26.25198332,83.75077264
20181018,0.0,55.08,33.5,20.98,12.52,3.93,4.91,26.25198332,83.75077264
20181019,0.0,56.56,33.92,19.77,14.16,1.61,2.91,26.25198332,83.75077264
20181020,0.0,57.59,33.96,20.55,13.4,4.43,5.67,26.25198332,83.75077264
20181021,0.0,51.67,33.71,19.6,14.1,3.53,4.53,26.25198332,83.75077264
20181022,0.0,51.64,32.94,19.07,13.86,2.28,4.01,26.25198332,83.75077264
20181023,0.0,46.22,32.66,17.8,14.86,3.81,5.93,26.25198332,83.75077264
20181024,0.0,52.45,31.43,16.21,15.22,1.9,1.97,26.25198332,83.75077264
20181025,0.0,49.5,31.81,16.22,15.59,1.69,4.2,26.25198332,83.75077264
20181026,0.0,43.84,32.65,18.21,14.44,2.48,3.98,26.25198332,83.75077264
20181027,0.0,44.11,32.72,18.16,14.56,2.72,5.32,26.25198332,83.75077264
20181028,0.0,45.82,33.16,17.44,15.72,2.81,5.42,26.25198332,83.75077264
20181029,0.0,55.21,32.2,18.84,13.37,1.22,1.72,26.25198332,83.75077264
20181030,0.0,53.0,33.39,18.77,14.62,1.23,3.6,26.25198332,83.75077264
20181031,0.0,53.06,33.92,19.47,14.45,0.9,2.31,26.25198332,83.75077264
20181101,0.0,50.13,34.28,20.3,13.99,2.16,5.46,26.25198332,83.75077264
20181102,0.0,49.44,33.2,18.62,14.58,2.4,5.81,26.25198332,83.75077264
20181103,0.0,48.93,32.5,19.45,13.05,2.56,5.15,26.25198332,83.75077264
20181104,0.0,52.33,31.51,19.47,12.05,3.66,4.1,26.25198332,83.75077264
20181105,0.0,53.51,32.88,19.78,13.1,4.64,5.48,26.25198332,83.75077264
20181106,0.0,52.67,29.49,16.42,13.07,3.17,4.56,26.25198332,83.75077264
20181107,0.0,54.74,28.98,13.68,15.29,1.6,5.19,26.25198332,83.75077264
20181108,0.0,50.03,29.13,14.85,14.28,2.34,5.2,26.25198332,83.75077264
20181109,0.0,51.36,29.38,15.29,14.08,2.29,5.28,26.25198332,83.75077264
20181110,0.0,53.54,29.15,15.01,14.14,2.33,5.82,26.25198332,83.75077264
20181111,0.0,56.34,29.46,15.6,13.86,1.3,4.35,26.25198332,83.75077264
20181112,0.0,54.91,29.27,14.94,14.33,1.49,3.48,26.25198332,83.75077264
20181113,0.0,54.08,29.63,15.52,14.11,2.01,2.73,26.25198332,83.75077264
20181114,0.02,51.62,30.24,16.25,13.99,1.08,2.29,26.25198332,83.75077264
20181115,0.0,49.27,31.75,16.85,14.89,4.67,5.53,26.25198332,83.75077264
20181116,0.0,51.37,30.85,17.16,13.69,3.51,3.86,26.25198332,83.75077264
20181117,0.0,48.65,29.7,12.69,17.0,3.75,4.77,26.25198332,83.75077264
20181118,0.0,49.71,28.24,13.46,14.77,2.42,5.88,26.25198332,83.75077264
20181119,0.0,46.44,28.32,14.04,14.28,2.3,3.67,26.25198332,83.75077264
20181120,0.0,47.76,28.69,16.03,12.65,4.06,4.84,26.25198332,83.75077264
20181121,0.0,50.67,29.16,15.45,13.71,2.81,3.69,26.25198332,83.75077264
20181122,0.0,47.61,28.01,15.14,12.87,2.5,3.3,26.25198332,83.75077264
20181123,0.0,49.2,28.95,14.11,14.83,2.13,4.92,26.25198332,83.75077264
20181124,0.0,49.58,28.46,12.08,16.38,1.77,5.61,26.25198332,83.75077264
20181125,0.0,46.33,27.55,12.99,14.56,2.4,4.51,26.25198332,83.75077264
20181126,0.0,46.37,27.56,14.72,12.84,2.18,3.67,26.25198332,83.75077264
20181127,0.0,48.01,28.96,14.23,14.73,2.58,3.58,26.25198332,83.75077264
20181128,0.0,56.23,27.71,15.02,12.69,2.59,4.75,26.25198332,83.75077264
20181129,0.0,57.77,28.64,16.56,12.09,2.3,4.28,26.25198332,83.75077264
20181130,0.0,57.94,28.45,14.95,13.5,2.1,5.02,26.25198332,83.75077264
20181201,0.0,53.82,27.08,14.28,12.8,1.78,3.25,26.25198332,83.75077264
20181202,0.0,48.92,26.51,14.57,11.94,2.65,5.0,26.25198332,83.75077264
20181203,0.0,49.16,26.41,12.05,14.35,1.37,3.91,26.25198332,83.75077264
20181204,0.0,50.05,26.53,13.05,13.49,1.25,3.24,26.25198332,83.75077264
20181205,0.0,54.48,25.91,13.67,12.24,1.1,3.44,26.25198332,83.75077264
20181206,0.0,46.84,26.08,11.9,14.18,1.49,2.44,26.25198332,83.75077264
20181207,0.0,47.73,25.06,10.43,14.63,1.95,2.6,26.25198332,83.75077264
20181208,0.0,50.81,25.31,9.71,15.61,1.98,5.04,26.25198332,83.75077264
20181209,0.0,46.0,25.0,10.97,14.03,1.43,2.7,26.25198332,83.75077264
20181210,0.0,39.75,25.5,12.36,13.14,2.09,3.29,26.25198332,83.75077264
20181211,0.0,47.43,25.28,13.81,11.46,2.85,4.98,26.25198332,83.75077264
20181212,0.0,45.38,27.33,13.61,13.72,2.61,5.42,26.25198332,83.75077264
20181213,0.0,49.01,26.6,14.69,11.92,3.13,6.89,26.25198332,83.75077264
20181214,0.0,52.58,26.46,12.44,14.02,1.62,4.2,26.25198332,83.75077264
20181215,0.0,46.97,25.84,10.69,15.16,1.63,4.33,26.25198332,83.75077264
20181216,0.0,43.51,26.0,9.17,16.83,2.71,6.03,26.25198332,83.75077264
20181217,0.0,41.37,26.09,11.13,14.96,2.33,5.94,26.25198332,83.75077264
20181218,0.24,53.42,23.11,12.94,10.18,1.71,3.87,26.25198332,83.75077264
20181219,0.0,49.14,23.76,9.23,14.53,2.07,3.16,26.25198332,83.75077264
20181220,0.0,44.8,23.03,9.43,13.6,1.9,4.28,26.25198332,83.75077264
20181221,0.0,46.21,23.31,7.82,15.49,1.38,3.14,26.25198332,83.75077264
20181222,0.0,42.18,22.29,6.77,15.52,1.72,3.9,26.25198332,83.75077264
20181223,0.0,41.68,22.9,7.74,15.16,2.4,5.02,26.25198332,83.75077264
20181224,0.0,43.7,24.11,7.55,16.56,1.69,4.49,26.25198332,83.75077264
20181225,0.0,42.11,23.32,7.09,16.22,2.23,4.39,26.25198332,83.75077264
20181226,0.0,39.88,22.83,5.41,17.42,1.93,3.71,26.25198332,83.75077264
20181227,0.0,36.43,22.78,8.5,14.28,3.57,5.16,26.25198332,83.75077264
20181228,0.0,40.04,21.65,6.32,15.33,3.01,3.46,26.25198332,83.75077264
20181229,0.0,45.09,20.81,4.36,16.45,1.82,5.14,26.25198332,83.75077264
20181230,0.0,43.77,20.96,5.87,15.09,2.82,5.71,26.25198332,83.75077264
20181231,0.0,43.0,22.69,5.56,17.13,2.39,5.21,26.25198332,83.75077264
20190101,0.0,44.9,21.28,6.52,14.76,2.07,4.37,26.25198332,83.75077264
20190102,0.0,41.89,22.65,8.13,14.52,2.72,4.83,26.25198332,83.75077264
20190103,0.0,48.51,22.78,6.82,15.96,1.49,2.3,26.25198332,83.75077264
20190104,0.0,46.75,23.12,6.68,16.44,2.73,5.32,26.25198332,83.75077264
20190105,0.0,39.27,22.97,8.66,14.32,1.58,2.76,26.25198332,83.75077264
20190106,0.19,38.06,25.08,7.67,17.41,1.55,3.76,26.25198332,83.75077264
20190107,1.71,47.53,24.84,11.57,13.26,2.85,5.27,26.25198332,83.75077264
20190108,0.02,53.86,24.51,9.46,15.05,2.49,5.0,26.25198332,83.75077264
20190109,0.0,47.35,24.1,8.9,15.2,1.41,3.89,26.25198332,83.75077264
20190110,0.0,45.68,23.55,7.59,15.95,1.72,4.76,26.25198332,83.75077264
20190111,0.0,43.31,23.28,10.27,13.02,1.98,3.14,26.25198332,83.75077264
20190112,0.0,42.65,23.13,10.2,12.93,2.39,3.95,26.25198332,83.75077264
20190113,0.0,40.11,25.54,10.29,15.25,2.81,5.71,26.25198332,83.75077264
20190114,0.01,45.19,24.84,9.48,15.35,3.05,4.7,26.25198332,83.75077264
20190115,0.0,35.05,23.87,5.72,18.15,2.13,4.99,26.25198332,83.75077264
20190116,0.0,31.75,23.33,7.05,16.28,2.54,5.58,26.25198332,83.75077264
20190117,0.0,32.15,23.78,9.72,14.06,2.2,4.8,26.25198332,83.75077264
20190118,0.0,40.14,25.3,8.18,17.12,1.45,5.32,26.25198332,83.75077264
20190119,0.0,41.83,25.68,7.88,17.79,1.64,5.36,26.25198332,83.75077264
20190120,0.0,37.2,26.06,9.25,16.81,1.7,4.38,26.25198332,83.75077264
20190121,0.0,35.94,27.82,11.18,16.65,2.53,4.49,26.25198332,83.75077264
20190122,0.01,36.44,28.26,11.69,16.56,3.33,5.11,26.25198332,83.75077264
20190123,4.11,50.62,27.56,13.46,14.1,6.27,8.09,26.25198332,83.75077264
20190124,2.03,66.14,23.98,13.85,10.13,3.94,6.16,26.25198332,83.75077264
20190125,2.25,64.67,27.04,14.12,12.92,4.39,4.83,26.25198332,83.75077264
20190126,2.08,72.69,23.28,13.78,9.5,2.28,5.22,26.25198332,83.75077264
20190127,0.08,51.8,25.04,12.71,12.33,1.74,4.01,26.25198332,83.75077264
20190128,0.0,39.04,22.28,8.47,13.81,2.12,3.26,26.25198332,83.75077264
20190129,0.0,38.84,23.4,6.81,16.59,2.5,4.39,26.25198332,83.75077264
20190130,0.0,32.51,24.64,6.0,18.64,2.07,5.69,26.25198332,83.75077264
20190131,0.0,29.46,24.77,10.51,14.26,1.55,2.71,26.25198332,83.75077264
20190201,0.0,28.83,26.95,11.44,15.51,2.09,3.67,26.25198332,83.75077264
20190202,0.0,32.96,27.89,11.15,16.74,2.98,4.17,26.25198332,83.75077264
20190203,0.0,39.43,27.63,10.18,17.45,2.92,5.67,26.25198332,83.75077264
20190204,0.0,39.76,28.16,8.91,19.26,3.28,4.46,26.25198332,83.75077264
20190205,0.0,36.77,28.54,9.93,18.61,3.8,4.49,26.25198332,83.75077264
20190206,0.72,42.73,28.91,12.97,15.94,2.36,2.43,26.25198332,83.75077264
20190207,1.16,44.67,30.46,14.47,15.99,2.68,4.4,26.25198332,83.75077264
20190208,10.5,69.26,26.07,16.79,9.28,4.39,5.88,26.25198332,83.75077264
20190209,6.49,53.07,24.01,11.57,12.44,4.15,5.39,26.25198332,83.75077264
20190210,2.37,47.02,25.19,7.24,17.94,2.39,4.4,26.25198332,83.75077264
20190211,0.0,39.6,26.58,10.88,15.69,2.44,5.34,26.25198332,83.75077264
20190212,0.0,35.28,27.13,10.66,16.47,2.52,6.42,26.25198332,83.75077264
20190213,0.0,42.09,28.12,12.3,15.82,1.88,4.59,26.25198332,83.75077264
20190214,0.04,36.71,28.39,14.42,13.97,3.74,7.49,26.25198332,83.75077264
20190215,2.07,59.01,28.55,13.59,14.95,5.88,7.96,26.25198332,83.75077264
20190216,0.56,58.9,27.81,13.51,14.3,3.15,6.22,26.25198332,83.75077264
20190217,0.01,50.58,27.02,12.8,14.23,3.88,2.46,26.25198332,83.75077264
20190218,0.0,38.2,28.34,12.16,16.18,4.01,4.02,26.25198332,83.75077264
20190219,0.01,38.71,29.82,13.61,16.2,2.23,4.99,26.25198332,83.75077264
20190220,0.07,37.92,32.19,14.55,17.64,5.94,6.94,26.25198332,83.75077264
20190221,0.03,36.87,33.0,15.05,17.95,3.16,4.19,26.25198332,83.75077264
20190222,0.12,38.25,35.18,19.97,15.21,3.08,7.22,26.25198332,83.75077264
20190223,0.0,37.03,31.19,17.2,13.99,4.98,3.35,26.25198332,83.75077264
20190224,0.0,31.59,30.69,13.81,16.88,3.71,4.11,26.25198332,83.75077264
20190225,0.0,34.38,30.75,14.79,15.95,4.9,8.56,26.25198332,83.75077264
20190226,0.02,28.56,30.88,14.13,16.75,3.48,7.83,26.25198332,83.75077264
20190227,2.66,41.23,30.04,16.13,13.91,4.27,3.36,26.25198332,83.75077264
20190228,0.27,42.85,26.17,11.93,14.24,4.81,4.38,26.25198332,83.75077264
20190301,0.55,32.47,26.55,8.34,18.21,2.61,5.0,26.25198332,83.75077264
20190302,0.0,29.73,27.71,11.11,16.6,2.7,5.57,26.25198332,83.75077264
20190303,1.19,55.59,25.45,13.96,11.5,3.61,5.73,26.25198332,83.75077264
20190304,0.01,50.05,30.8,14.11,16.69,2.44,3.86,26.25198332,83.75077264
20190305,0.02,40.18,31.15,14.83,16.33,3.04,5.08,26.25198332,83.75077264
20190306,0.0,33.25,28.93,13.05,15.87,3.11,2.97,26.25198332,83.75077264
20190307,0.0,31.44,30.03,11.58,18.45,2.45,3.64,26.25198332,83.75077264
20190308,0.0,29.12,30.48,12.15,18.33,3.83,4.7,26.25198332,83.75077264
20190309,0.01,31.69,33.18,14.05,19.13,4.92,4.82,26.25198332,83.75077264
20190310,0.01,34.43,33.54,15.74,17.8,2.42,4.39,26.25198332,83.75077264
20190311,0.0,29.87,34.04,15.69,18.35,3.37,4.53,26.25198332,83.75077264
20190312,0.0,25.8,36.41,17.94,18.47,4.63,5.24,26.25198332,83.75077264
20190313,0.0,26.18,36.43,16.96,19.48,3.72,5.91,26.25198332,83.75077264
20190314,0.03,24.89,37.3,19.95,17.35,4.35,6.46,26.25198332,83.75077264
20190315,0.01,31.64,34.86,21.4,13.46,4.73,6.98,26.25198332,83.75077264
20190316,0.0,25.98,34.09,18.09,16.0,3.49,3.89,26.25198332,83.75077264
20190317,0.01,22.76,34.76,16.18,18.58,4.81,5.73,26.25198332,83.75077264
20190318,0.0,34.41,33.53,17.59,15.94,4.64,5.89,26.25198332,83.75077264
20190319,0.0,22.13,34.36,16.64,17.72,3.82,3.35,26.25198332,83.75077264
20190320,0.0,22.51,36.12,15.42,20.7,4.15,4.9,26.25198332,83.75077264
20190321,0.01,24.05,37.43,18.62,18.81,1.94,4.23,26.25198332,83.75077264
20190322,0.01,24.27,37.26,20.62,16.63,5.5,7.86,26.25198332,83.75077264
20190323,0.0,18.36,36.28,16.9,19.38,3.95,4.68,26.25198332,83.75077264
20190324,0.0,21.18,37.69,16.55,21.13,4.43,5.79,26.25198332,83.75077264
20190325,0.0,25.14,38.18,19.08,19.1,3.71,6.47,26.25198332,83.75077264
20190326,3.73,35.06,33.31,22.19,11.12,6.37,7.56,26.25198332,83.75077264
20190327,0.0,34.06,35.08,17.3,17.79,3.29,4.91,26.25198332,83.75077264
20190328,0.11,27.93,36.04,19.32,16.73,1.3,2.27,26.25198332,83.75077264
20190329,0.0,26.4,37.89,22.04,15.85,1.91,3.33,26.25198332,83.75077264
20190330,0.01,26.5,39.48,22.05,17.43,3.25,4.55,26.25198332,83.75077264
20190331,0.12,25.54,40.86,21.64,19.22,3.13,6.51,26.25198332,83.75077264
20190401,0.03,18.32,40.0,22.48,17.51,3.97,5.88,26.25198332,83.75077264
20190402,0.17,20.55,38.9,19.94,18.96,3.26,5.34,26.25198332,83.75077264
20190403,0.08,18.33,39.16,20.66,18.51,2.51,4.28,26.25198332,83.75077264
20190404,0.0,20.26,40.11,21.24,18.87,3.67,7.1,26.25198332,83.75077264
20190405,0.01,24.41,39.94,21.84,18.1,4.08,7.68,26.25198332,83.75077264
20190406,0.49,31.44,39.32,23.22,16.1,5.03,7.75,26.25198332,83.75077264
20190407,2.77,41.25,37.61,23.68,13.92,5.52,7.89,26.25198332,83.75077264
20190408,0.0,32.66,38.97,22.79,16.18,3.39,6.63,26.25198332,83.75077264
20190409,0.11,23.17,40.6,25.84,14.76,4.2,5.62,26.25198332,83.75077264
20190410,3.49,32.25,39.05,21.5,17.55,3.81,6.82,26.25198332,83.75077264
20190411,0.0,31.1,40.33,22.22,18.11,3.35,6.11,26.25198332,83.75077264
20190412,0.0,27.09,41.51,24.06,17.44,3.4,5.41,26.25198332,83.75077264
20190413,0.0,24.23,42.91,24.89,18.02,3.36,4.39,26.25198332,83.75077264
20190414,0.0,18.87,44.11,26.44,17.67,6.07,7.12,26.25198332,83.75077264
20190415,0.03,16.68,44.3,27.08,17.22,6.15,7.26,26.25198332,83.75077264
20190416,0.0,20.72,43.2,28.61,14.59,8.18,10.67,26.25198332,83.75077264
20190417,0.23,36.07,35.71,24.29,11.42,8.67,8.69,26.25198332,83.75077264
20190418,0.56,36.18,37.42,21.77,15.65,2.47,2.77,26.25198332,83.75077264
20190419,0.06,27.52,38.46,23.04,15.42,3.51,3.97,26.25198332,83.75077264
20190420,0.06,26.72,38.3,22.75,15.56,3.4,3.49,26.25198332,83.75077264
20190421,0.0,22.37,39.99,23.6,16.38,3.7,4.51,26.25198332,83.75077264
20190422,0.98,23.89,39.45,24.21,15.24,3.76,7.11,26.25198332,83.75077264
20190423,1.01,31.8,39.38,24.69,14.7,3.2,5.51,26.25198332,83.75077264
20190424,0.02,33.18,40.7,25.62,15.08,4.25,5.65,26.25198332,83.75077264
20190425,0.0,29.09,42.76,27.35,15.41,3.39,6.86,26.25198332,83.75077264
20190426,0.0,21.52,44.88,29.3,15.58,4.32,5.32,26.25198332,83.75077264
20190427,0.03,14.14,44.71,28.78,15.92,5.84,6.75,26.25198332,83.75077264
20190428,0.04,10.08,45.35,24.57,20.78,5.19,5.71,26.25198332,83.75077264
20190429,0.0,11.32,45.6,25.82,19.78,5.43,6.74,26.25198332,83.75077264
20190430,0.09,14.2,45.82,25.75,20.08,3.71,6.06,26.25198332,83.75077264
20190501,0.05,22.67,45.21,26.45,18.75,4.77,8.19,26.25198332,83.75077264
20190502,0.09,25.26,44.52,29.14,15.38,4.89,7.66,26.25198332,83.75077264
20190503,6.46,36.92,41.83,29.07,12.75,4.1,5.55,26.25198332,83.75077264
20190504,1.69,39.35,39.23,25.76,13.47,4.24,6.58,26.25198332,83.75077264
20190505,0.0,16.93,42.03,24.76,17.27,7.1,7.48,26.25198332,83.75077264
20190506,0.0,11.99,43.65,23.98,19.66,6.46,5.56,26.25198332,83.75077264
20190507,0.0,10.83,44.56,24.46,20.1,6.97,6.53,26.25198332,83.75077264
20190508,0.0,11.69,45.56,25.92,19.64,5.24,4.18,26.25198332,83.75077264
20190509,0.0,13.08,45.63,25.77,19.85,6.17,5.37,26.25198332,83.75077264
20190510,0.0,15.75,45.63,27.86,17.78,4.14,3.35,26.25198332,83.75077264
20190511,0.0,22.32,43.74,27.38,16.36,6.22,6.18,26.25198332,83.75077264
20190512,0.0,21.49,43.74,28.28,15.46,4.92,8.12,26.25198332,83.75077264
20190513,0.06,16.15,42.7,29.63,13.08,2.75,6.29,26.25198332,83.75077264
20190514,0.23,17.16,42.68,28.2,14.47,2.74,3.85,26.25198332,83.75077264
20190515,0.5,22.31,42.11,27.88,14.23,3.46,4.95,26.25198332,83.75077264
20190516,0.05,22.25,43.96,27.94,16.02,5.59,6.9,26.25198332,83.75077264
20190517,0.1,20.78,43.69,28.61,15.07,8.29,9.59,26.25198332,83.75077264
20190518,0.14,21.63,42.82,29.23,13.59,3.62,2.44,26.25198332,83.75077264
20190519,0.0,25.97,40.92,27.74,13.18,2.93,2.4,26.25198332,83.75077264
20190520,0.0,21.18,42.87,28.03,14.84,1.9,1.94,26.25198332,83.75077264
20190521,0.02,16.38,44.61,28.43,16.18,4.01,4.59,26.25198332,83.75077264
20190522,0.13,19.66,45.43,28.46,16.97,3.04,4.05,26.25198332,83.75077264
20190523,0.1,25.02,44.74,29.17,15.57,3.28,5.37,26.25198332,83.75077264
20190524,0.01,23.12,44.69,30.8,13.89,4.31,5.44,26.25198332,83.75077264
20190525,0.2,20.35,44.79,32.72,12.08,6.66,6.37,26.25198332,83.75077264
20190526,0.1,17.3,43.89,28.44,15.45,4.76,5.08,26.25198332,83.75077264
20190527,0.0,13.69,45.25,28.05,17.2,4.66,5.03,26.25198332,83.75077264
20190528,0.13,17.79,45.45,28.36,17.09,4.82,6.27,26.25198332,83.75077264
20190529,0.0,13.44,45.31,27.6,17.71,3.98,5.07,26.25198332,83.75077264
20190530,0.03,18.66,45.96,27.92,18.03,3.6,5.84,26.25198332,83.75077264
20190531,0.03,17.62,46.35,29.16,17.19,5.23,8.29,26.25198332,83.75077264
20190601,0.0,29.2,44.47,29.49,14.98,6.51,9.12,26.25198332,83.75077264
20190602,0.92,35.07,43.94,30.92,13.02,7.78,10.28,26.25198332,83.75077264
20190603,0.91,40.94,40.67,29.85,10.82,7.16,8.83,26.25198332,83.75077264
20190604,0.12,33.57,42.6,30.53,12.06,4.59,5.84,26.25198332,83.75077264
20190605,0.01,35.03,43.07,31.45,11.62,4.62,6.24,26.25198332,83.75077264
20190606,0.18,38.89,42.22,31.41,10.81,4.99,5.63,26.25198332,83.75077264
20190607,1.26,36.34,43.36,31.73,11.63,3.61,5.66,26.25198332,83.75077264
20190608,0.42,29.12,44.18,30.73,13.46,2.95,5.4,26.25198332,83.75077264
20190609,0.07,25.02,44.61,30.5,14.12,3.78,5.05,26.25198332,83.75077264
20190610,0.23,30.0,45.7,30.96,14.74,4.07,6.68,26.25198332,83.75077264
20190611,0.97,34.46,45.07,31.8,13.27,7.59,9.96,26.25198332,83.75077264
20190612,3.12,28.87,45.77,33.21,12.55,3.91,6.43,26.25198332,83.75077264
20190613,0.0,28.09,44.91,30.5,14.41,4.9,5.68,26.25198332,83.75077264
20190614,0.0,21.58,45.83,32.66,13.17,4.17,2.79,26.25198332,83.75077264
20190615,0.15,15.72,47.91,32.51,15.4,6.39,7.18,26.25198332,83.75077264
20190616,0.13,20.69,47.56,33.58,13.98,5.8,4.96,26.25198332,83.75077264
20190617,0.09,26.96,44.49,34.5,9.99,5.08,4.63,26.25198332,83.75077264
20190618,0.13,26.41,44.43,33.46,10.97,2.61,2.25,26.25198332,83.75077264
20190619,0.02,27.87,44.09,31.86,12.23,3.85,4.71,26.25198332,83.75077264
20190620,0.3,31.1,42.38,32.25,10.13,4.08,6.48,26.25198332,83.75077264
20190621,3.46,34.91,42.38,33.54,8.84,3.6,4.4,26.25198332,83.75077264
20190622,15.07,58.64,35.16,29.6,5.55,4.63,4.39,26.25198332,83.75077264
20190623,18.47,61.8,38.37,27.81,10.56,6.46,6.59,26.25198332,83.75077264
20190624,0.0,47.88,40.97,30.17,10.81,2.71,2.02,26.25198332,83.75077264
20190625,0.26,42.97,42.66,31.87,10.79,3.45,2.46,26.25198332,83.75077264
20190626,4.05,43.16,43.0,33.11,9.89,4.68,4.13,26.25198332,83.75077264
20190627,9.19,48.1,41.78,30.4,11.38,3.4,4.13,26.25198332,83.75077264
20190628,0.23,39.86,44.1,31.4,12.7,4.41,6.75,26.25198332,83.75077264
20190629,1.24,39.03,42.86,30.86,12.0,5.01,7.21,26.25198332,83.75077264
20190630,0.99,44.72,40.93,31.91,9.02,4.38,6.33,26.25198332,83.75077264
20190701,0.36,46.79,40.56,31.47,9.09,1.24,2.77,26.25198332,83.75077264
20190702,3.06,52.67,38.93,31.5,7.42,4.74,4.66,26.25198332,83.75077264
20190703,0.52,50.58,40.17,30.17,10.0,4.66,3.95,26.25198332,83.75077264
20190704,4.68,54.99,38.81,31.12,7.69,4.66,3.7,26.25198332,83.75077264
20190705,6.26,55.13,38.6,30.91,7.69,4.21,3.72,26.25198332,83.75077264
20190706,8.28,61.6,37.05,30.09,6.96,5.96,6.04,26.25198332,83.75077264
20190707,10.13,63.72,37.32,29.21,8.11,1.7,2.22,26.25198332,83.75077264
20190708,40.72,83.3,32.3,28.16,4.14,5.48,6.42,26.25198332,83.75077264
20190709,50.08,87.63,30.85,27.49,3.36,4.98,6.43,26.25198332,83.75077264
20190710,46.12,89.79,30.58,26.91,3.67,6.49,7.19,26.25198332,83.75077264
20190711,59.38,89.79,29.82,26.43,3.39,5.02,5.83,26.25198332,83.75077264
20190712,58.11,89.59,31.64,26.47,5.17,4.66,3.87,26.25198332,83.75077264
20190713,21.97,88.35,31.74,26.98,4.76,4.76,5.63,26.25198332,83.75077264
20190714,15.32,82.32,34.59,26.63,7.96,4.6,3.19,26.25198332,83.75077264
20190715,2.01,81.8,34.56,26.83,7.74,3.74,3.01,26.25198332,83.75077264
20190716,1.26,77.54,33.6,26.82,6.78,2.37,5.6,26.25198332,83.75077264
20190717,0.56,78.25,33.78,27.28,6.51,2.2,3.18,26.25198332,83.75077264
20190718,8.06,77.52,34.34,27.49,6.85,0.85,1.23,26.25198332,83.75077264
20190719,2.15,72.46,34.92,28.49,6.43,1.28,2.23,26.25198332,83.75077264
20190720,0.83,76.58,34.35,28.05,6.3,1.77,4.67,26.25198332,83.75077264
20190721,1.23,77.58,34.85,27.08,7.77,2.37,4.88,26.25198332,83.75077264
20190722,1.86,78.37,34.5,28.38,6.11,2.68,3.32,26.25198332,83.75077264
20190723,7.53,85.19,32.37,28.1,4.27,3.4,4.15,26.25198332,83.75077264
20190724,16.38,89.53,30.95,27.46,3.49,2.98,3.99,26.25198332,83.75077264
20190725,33.54,81.15,31.77,26.22,5.55,1.92,4.34,26.25198332,83.75077264
20190726,11.07,81.48,33.45,26.31,7.14,3.23,5.45,26.25198332,83.75077264
20190727,6.46,86.53,32.71,26.51,6.2,3.39,4.29,26.25198332,83.75077264
20190728,6.92,86.73,31.96,26.86,5.1,5.01,3.54,26.25198332,83.75077264
20190729,0.14,83.23,32.98,26.8,6.19,5.38,4.36,26.25198332,83.75077264
20190730,0.51,85.27,32.37,26.89,5.48,4.33,3.75,26.25198332,83.75077264
20190731,0.5,84.31,32.96,25.78,7.18,2.24,1.97,26.25198332,83.75077264
20190801,0.63,86.76,32.0,26.17,5.84,2.79,3.88,26.25198332,83.75077264
20190802,0.06,87.4,31.44,26.1,5.34,3.43,3.23,26.25198332,83.75077264
20190803,0.78,82.68,33.72,26.7,7.01,2.64,3.23,26.25198332,83.75077264
20190804,0.2,82.29,33.46,26.83,6.63,2.04,3.33,26.25198332,83.75077264
20190805,3.35,85.32,32.43,27.1,5.33,1.6,2.82,26.25198332,83.75077264
20190806,13.49,86.51,31.91,26.69,5.22,2.02,3.48,26.25198332,83.75077264
20190807,8.71,89.32,32.01,27.91,4.09,3.69,4.2,26.25198332,83.75077264
20190808,0.59,83.99,32.55,26.52,6.03,7.01,7.58,26.25198332,83.75077264
20190809,0.91,83.9,32.16,26.75,5.4,6.7,8.14,26.25198332,83.75077264
20190810,1.52,80.21,33.89,26.21,7.69,1.66,2.04,26.25198332,83.75077264
20190811,3.01,82.69,33.09,26.64,6.45,1.81,0.94,26.25198332,83.75077264
20190812,4.14,85.13,33.37,26.75,6.61,3.38,3.17,26.25198332,83.75077264
20190813,6.58,88.02,32.01,26.64,5.38,3.91,6.82,26.25198332,83.75077264
20190814,3.33,86.7,32.24,25.65,6.59,3.44,2.86,26.25198332,83.75077264
20190815,4.06,82.07,32.7,26.44,6.26,4.76,6.45,26.25198332,83.75077264
20190816,5.25,79.75,32.91,26.16,6.75,1.94,1.69,26.25198332,83.75077264
20190817,5.63,83.39,32.12,26.34,5.77,1.9,1.5,26.25198332,83.75077264
20190818,11.01,82.91,32.0,26.13,5.87,2.09,2.93,26.25198332,83.75077264
20190819,4.41,83.27,32.64,26.42,6.22,4.66,5.52,26.25198332,83.75077264
20190820,2.7,82.6,32.99,26.57,6.42,2.62,2.2,26.25198332,83.75077264
20190821,12.36,87.88,32.28,26.58,5.7,3.27,2.79,26.25198332,83.75077264
20190822,12.75,83.68,31.78,26.55,5.23,4.12,6.44,26.25198332,83.75077264
20190823,7.25,79.31,33.15,26.28,6.87,1.3,2.87,26.25198332,83.75077264
20190824,3.42,88.17,30.79,26.34,4.45,3.58,3.77,26.25198332,83.75077264
20190825,3.56,87.34,31.42,25.98,5.44,4.13,3.53,26.25198332,83.75077264
20190826,1.26,82.54,33.13,25.51,7.62,1.58,2.71,26.25198332,83.75077264
20190827,0.54,81.68,33.44,25.89,7.54,2.99,2.11,26.25198332,83.75077264
20190828,0.0,80.74,33.77,25.4,8.37,2.59,4.18,26.25198332,83.75077264
20190829,3.33,82.44,31.64,27.03,4.62,3.79,5.25,26.25198332,83.75077264
20190830,0.57,74.09,34.2,26.6,7.6,2.52,2.91,26.25198332,83.75077264
20190831,0.03,73.56,34.75,28.14,6.61,2.99,4.43,26.25198332,83.75077264
20190901,4.39,78.04,32.73,26.46,6.26,2.32,3.9,26.25198332,83.75077264
20190902,3.85,77.5,33.89,26.86,7.02,2.29,3.04,26.25198332,83.75077264
20190903,0.64,83.14,32.2,26.89,5.32,1.76,2.85,26.25198332,83.75077264
20190904,1.45,83.22,32.43,26.31,6.12,3.27,2.24,26.25198332,83.75077264
20190905,0.27,85.11,31.97,26.3,5.67,2.68,1.3,26.25198332,83.75077264
20190906,0.0,78.19,34.43,25.95,8.48,3.3,2.43,26.25198332,83.75077264
20190907,1.16,80.61,33.47,26.39,7.08,2.36,4.6,26.25198332,83.75077264
20190908,1.25,82.96,32.83,26.72,6.11,3.39,2.05,26.25198332,83.75077264
20190909,2.2,83.08,32.47,26.54,5.93,3.42,2.45,26.25198332,83.75077264
20190910,1.74,80.96,33.39,26.1,7.29,1.3,2.06,26.25198332,83.75077264
20190911,1.21,83.54,32.84,26.76,6.09,2.45,2.35,26.25198332,83.75077264
20190912,11.64,83.9,32.85,26.65,6.2,5.35,5.54,26.25198332,83.75077264
20190913,19.25,86.7,31.95,26.37,5.58,2.61,3.05,26.25198332,83.75077264
20190914,13.17,83.17,32.45,26.09,6.36,1.56,3.33,26.25198332,83.75077264
20190915,1.01,79.66,33.13,25.01,8.12,2.12,4.98,26.25198332,83.75077264
20190916,0.46,78.64,33.31,26.3,7.02,2.13,3.17,26.25198332,83.75077264
20190917,32.03,87.61,31.44,26.25,5.19,2.6,4.54,26.25198332,83.75077264
20190918,32.07,91.38,29.09,24.71,4.39,2.03,2.02,26.25198332,83.75077264
20190919,0.69,88.77,29.26,23.57,5.69,2.19,2.94,26.25198332,83.75077264
20190920,0.05,81.79,31.45,23.58,7.86,1.37,3.42,26.25198332,83.75077264
20190921,11.03,84.12,30.65,24.73,5.91,1.33,3.04,26.25198332,83.75077264
20190922,15.68,88.31,29.76,24.98,4.78,2.28,3.17,26.25198332,83.75077264
20190923,0.85,87.11,30.02,24.12,5.9,2.4,4.75,26.25198332,83.75077264
20190924,0.85,90.23,29.0,24.5,4.5,2.55,2.05,26.25198332,83.75077264
20190925,9.97,92.37,27.9,24.59,3.3,3.47,3.74,26.25198332,83.75077264
20190926,64.69,94.15,26.56,23.97,2.59,4.0,3.57,26.25198332,83.75077264
20190927,40.49,93.12,27.26,23.4,3.86,2.89,2.71,26.25198332,83.75077264
20190928,43.08,94.4,26.87,23.91,2.96,4.69,6.37,26.25198332,83.75077264
20190929,35.19,94.7,26.5,22.17,4.33,3.2,4.26,26.25198332,83.75077264
20190930,3.64,90.63,28.17,21.15,7.02,2.15,2.56,26.25198332,83.75077264
20191001,0.29,87.05,29.54,22.39,7.15,1.58,2.35,26.25198332,83.75077264
20191002,0.85,92.91,26.72,23.12,3.6,1.8,3.3,26.25198332,83.75077264
20191003,8.88,88.75,29.75,23.51,6.24,2.8,3.21,26.25198332,83.75077264
20191004,1.18,83.73,30.43,22.95,7.47,1.43,3.26,26.25198332,83.75077264
20191005,0.22,84.81,30.21,22.78,7.43,1.45,3.61,26.25198332,83.75077264
20191006,0.08,83.48,29.8,20.56,9.24,0.8,2.89,26.25198332,83.75077264
20191007,0.06,84.97,29.82,20.63,9.19,0.83,1.82,26.25198332,83.75077264
20191008,0.06,79.35,30.17,21.11,9.07,1.52,3.06,26.25198332,83.75077264
20191009,0.1,79.3,29.87,21.5,8.37,1.45,2.56,26.25198332,83.75077264
20191010,0.03,81.2,29.23,21.71,7.52,2.05,2.45,26.25198332,83.75077264
20191011,0.08,82.13,29.33,20.28,9.05,0.7,2.15,26.25198332,83.75077264
20191012,0.08,79.76,29.94,19.28,10.66,1.12,3.04,26.25198332,83.75077264
20191013,0.0,82.61,29.78,19.62,10.17,0.84,2.16,26.25198332,83.75077264
20191014,0.0,75.2,29.54,20.75,8.8,1.61,2.73,26.25198332,83.75077264
20191015,0.0,69.65,29.93,21.33,8.6,0.85,1.03,26.25198332,83.75077264
20191016,0.0,74.72,28.25,21.91,6.33,1.91,2.1,26.25198332,83.75077264
20191017,0.0,75.56,28.97,20.79,8.19,1.1,2.16,26.25198332,83.75077264
20191018,0.0,76.8,28.98,20.72,8.26,1.48,1.66,26.25198332,83.75077264
20191019,0.51,82.34,28.41,21.83,6.58,1.82,4.52,26.25198332,83.75077264
20191020,0.28,87.87,27.39,21.31,6.08,1.14,3.43,26.25198332,83.75077264
20191021,0.0,87.09,27.81,20.79,7.02,2.24,3.13,26.25198332,83.75077264
20191022,0.0,84.34,27.78,17.27,10.51,1.62,2.65,26.25198332,83.75077264
20191023,0.0,82.4,26.37,17.89,8.48,2.17,3.88,26.25198332,83.75077264
20191024,0.0,82.03,27.18,18.85,8.33,2.1,4.32,26.25198332,83.75077264
20191025,0.0,88.43,25.29,18.52,6.76,3.55,3.0,26.25198332,83.75077264
20191026,0.0,82.53,26.97,17.37,9.6,1.48,2.99,26.25198332,83.75077264
20191027,0.0,87.06,25.53,17.91,7.62,0.65,2.34,26.25198332,83.75077264
20191028,0.0,88.49,24.99,18.68,6.31,1.12,3.47,26.25198332,83.75077264
20191029,0.0,85.45,27.02,18.44,8.58,1.11,1.86,26.25198332,83.75077264
20191030,0.0,87.89,26.17,19.13,7.03,1.13,2.21,26.25198332,83.75077264
20191031,0.0,87.98,26.79,19.12,7.67,1.04,2.84,26.25198332,83.75077264
20191101,0.0,86.08,27.49,18.21,9.28,0.91,3.6,26.25198332,83.75077264
20191102,0.0,88.55,27.48,18.23,9.25,1.24,3.56,26.25198332,83.75077264
20191103,0.0,86.47,27.28,18.88,8.39,2.04,3.42,26.25198332,83.75077264
20191104,0.0,85.47,27.83,17.56,10.27,1.76,3.47,26.25198332,83.75077264
20191105,0.03,80.61,27.94,17.64,10.29,2.37,4.15,26.25198332,83.75077264
20191106,0.08,78.5,27.29,15.39,11.9,1.3,3.25,26.25198332,83.75077264
20191107,0.0,68.19,27.38,15.79,11.59,1.47,2.81,26.25198332,83.75077264
20191108,0.0,72.99,27.64,17.78,9.86,1.92,3.44,26.25198332,83.75077264
20191109,0.0,80.84,29.51,18.17,11.34,2.83,6.51,26.25198332,83.75077264
20191110,0.0,82.76,28.64,18.2,10.43,1.52,4.89,26.25198332,83.75077264
20191111,0.0,75.45,27.45,15.76,11.68,1.09,4.85,26.25198332,83.75077264
20191112,0.0,80.42,26.28,13.67,12.62,1.41,4.46,26.25198332,83.75077264
20191113,0.0,80.25,25.42,13.44,11.98,1.55,3.21,26.25198332,83.75077264
20191114,0.0,77.64,26.36,16.06,10.3,2.24,4.13,26.25198332,83.75077264
20191115,0.0,81.38,25.64,14.85,10.79,1.04,3.13,26.25198332,83.75077264
20191116,0.0,83.99,25.29,13.84,11.45,1.05,2.86,26.25198332,83.75077264
20191117,0.0,86.55,26.61,13.24,13.37,1.48,2.94,26.25198332,83.75077264
20191118,0.0,81.7,25.87,13.65,12.22,1.6,4.3,26.25198332,83.75077264
20191119,0.0,76.33,24.83,12.11,12.72,1.6,3.94,26.25198332,83.75077264
20191120,0.0,72.64,24.79,13.19,11.59,2.4,4.67,26.25198332,83.75077264
20191121,0.0,77.11,23.98,14.4,9.58,2.5,4.84,26.25198332,83.75077264
20191122,0.0,85.03,23.8,12.91,10.89,1.51,4.13,26.25198332,83.75077264
20191123,0.0,83.68,24.96,14.56,10.41,0.9,3.37,26.25198332,83.75077264
20191124,0.0,85.55,23.22,14.11,9.11,1.32,3.26,26.25198332,83.75077264
20191125,0.0,84.88,24.38,15.49,8.89,1.68,3.67,26.25198332,83.75077264
20191126,0.0,75.88,25.37,14.89,10.48,1.91,3.6,26.25198332,83.75077264
20191127,0.0,73.41,25.41,15.06,10.36,1.5,2.25,26.25198332,83.75077264
20191128,0.0,77.02,26.15,14.69,11.47,2.29,3.86,26.25198332,83.75077264
20191129,0.0,82.74,25.62,13.88,11.74,1.29,4.16,26.25198332,83.75077264
20191130,0.0,84.71,25.49,12.81,12.68,1.94,3.91,26.25198332,83.75077264
20191201,0.0,83.24,24.7,13.04,11.66,1.96,2.81,26.25198332,83.75077264
20191202,0.0,79.44,23.09,11.76,11.33,1.85,3.64,26.25198332,83.75077264
20191203,0.0,75.14,22.59,9.93,12.67,1.43,3.4,26.25198332,83.75077264
20191204,0.0,73.26,21.52,8.54,12.97,1.38,3.39,26.25198332,83.75077264
20191205,0.0,74.18,21.98,9.73,12.25,2.67,5.08,26.25198332,83.75077264
20191206,0.0,71.67,23.02,9.35,13.67,2.87,5.22,26.25198332,83.75077264
20191207,0.0,72.65,22.97,12.92,10.05,2.26,4.84,26.25198332,83.75077264
20191208,0.0,79.73,23.83,12.54,11.29,1.5,3.37,26.25198332,83.75077264
20191209,0.0,82.12,22.55,10.92,11.64,1.53,3.98,26.25198332,83.75077264
20191210,0.0,80.98,21.6,10.38,11.21,1.35,3.51,26.25198332,83.75077264
20191211,0.0,77.76,22.02,11.03,10.99,1.39,2.77,26.25198332,83.75077264
20191212,0.12,79.51,21.35,12.34,9.01,3.03,6.62,26.25198332,83.75077264
20191213,18.98,89.38,20.67,14.79,5.89,3.22,3.19,26.25198332,83.75077264
20191214,4.37,84.21,23.17,14.36,8.81,2.96,5.02,26.25198332,83.75077264
20191215,0.13,84.34,21.65,12.86,8.79,3.39,3.91,26.25198332,83.75077264
20191216,0.0,83.62,20.98,10.41,10.57,1.86,4.38,26.25198332,83.75077264
20191217,0.0,82.6,19.99,8.34,11.65,1.9,3.97,26.25198332,83.75077264
20191218,0.0,84.31,18.14,7.49,10.64,1.32,2.84,26.25198332,83.75077264
20191219,0.0,83.42,17.17,6.31,10.86,1.57,3.96,26.25198332,83.75077264
20191220,0.0,76.9,17.12,6.69,10.44,0.96,3.31,26.25198332,83.75077264
20191221,0.0,76.89,18.44,6.68,11.76,1.22,2.77,26.25198332,83.75077264
20191222,0.0,82.85,21.48,8.26,13.23,2.26,4.94,26.25198332,83.75077264
20191223,0.0,70.69,20.82,7.67,13.15,1.96,4.47,26.25198332,83.75077264
20191224,0.0,68.85,18.8,7.17,11.64,3.17,5.61,26.25198332,83.75077264
20191225,0.0,76.05,18.14,7.07,11.07,0.92,2.89,26.25198332,83.75077264
20191226,0.0,67.41,18.53,5.62,12.92,1.22,3.85,26.25198332,83.75077264
20191227,0.0,70.41,17.02,3.24,13.78,1.25,4.0,26.25198332,83.75077264
20191228,0.0,73.15,16.26,1.93,14.33,1.75,4.19,26.25198332,83.75077264
20191229,0.0,76.33,15.99,1.92,14.07,1.17,3.74,26.25198332,83.75077264
20191230,0.0,76.05,15.37,1.53,13.84,2.56,5.74,26.25198332,83.75077264
20191231,0.0,66.57,19.26,3.04,16.22,2.75,4.48,26.25198332,83.75077264
20200101,0.0,77.2,19.67,6.52,13.15,2.79,4.11,26.25198332,83.75077264
20200102,0.04,79.67,22.4,10.06,12.33,2.31,4.21,26.25198332,83.75077264
20200103,5.02,89.93,18.58,11.65,6.92,1.72,2.98,26.25198332,83.75077264
20200104,0.93,81.75,19.92,10.3,9.63,1.36,3.44,26.25198332,83.75077264
20200105,0.0,79.06,19.96,8.66,11.3,3.12,2.64,26.25198332,83.75077264
20200106,0.18,73.81,19.19,7.35,11.85,2.13,5.4,26.25198332,83.75077264
20200107,0.01,66.51,20.39,10.13,10.26,1.76,2.9,26.25198332,83.75077264
20200108,1.69,71.2,21.85,10.65,11.19,2.35,5.02,26.25198332,83.75077264
20200109,2.5,89.69,16.91,11.05,5.86,3.59,5.66,26.25198332,83.75077264
20200110,0.1,76.75,18.34,7.01,11.33,2.07,3.41,26.25198332,83.75077264
20200111,0.0,72.47,17.41,3.45,13.97,1.13,3.81,26.25198332,83.75077264
20200112,0.0,71.02,18.04,3.65,14.39,2.01,3.81,26.25198332,83.75077264
20200113,0.0,67.57,19.73,5.07,14.66,2.74,5.58,26.25198332,83.75077264
20200114,0.0,63.6,20.92,8.4,12.52,1.74,3.1,26.25198332,83.75077264
20200115,0.02,71.77,21.6,10.33,11.27,1.84,3.23,26.25198332,83.75077264
20200116,0.28,74.0,24.72,10.68,14.04,2.15,5.38,26.25198332,83.75077264
20200117,8.33,84.67,22.81,12.42,10.39,2.5,5.58,26.25198332,83.75077264
20200118,0.17,81.96,21.9,12.78,9.12,2.06,5.8,26.25198332,83.75077264
20200119,0.0,77.34,19.85,9.22,10.63,2.78,2.63,26.25198332,83.75077264
20200120,0.0,76.02,19.6,7.69,11.92,1.38,3.73,26.25198332,83.75077264
20200121,0.0,65.07,20.18,7.72,12.46,1.74,4.07,26.25198332,83.75077264
20200122,0.0,66.15,20.8,7.09,13.71,2.01,5.33,26.25198332,83.75077264
20200123,0.0,70.94,21.18,6.18,14.99,3.65,5.17,26.25198332,83.75077264
20200124,0.0,68.78,19.37,4.8,14.57,3.07,5.55,26.25198332,83.75077264
20200125,0.0,68.74,19.71,6.48,13.23,2.35,5.69,26.25198332,83.75077264
20200126,0.0,67.74,19.81,6.11,13.7,1.26,3.5,26.25198332,83.75077264
20200127,0.0,70.83,22.64,6.63,16.01,2.74,3.75,26.25198332,83.75077264
20200128,0.02,66.62,21.65,10.73,10.92,2.58,4.95,26.25198332,83.75077264
20200129,0.14,72.53,24.38,12.8,11.57,5.06,6.48,26.25198332,83.75077264
20200130,0.02,71.83,22.38,10.84,11.54,2.44,3.54,26.25198332,83.75077264
20200131,0.01,61.92,21.95,6.06,15.89,1.5,4.71,26.25198332,83.75077264
20200201,0.0,60.93,21.43,5.67,15.76,2.38,6.31,26.25198332,83.75077264
20200202,0.0,63.73,21.64,5.92,15.73,2.72,4.95,26.25198332,83.75077264
20200203,0.0,62.08,21.39,5.03,16.36,1.55,4.72,26.25198332,83.75077264
20200204,0.0,55.97,21.77,7.06,14.71,3.05,6.14,26.25198332,83.75077264
20200205,0.0,58.1,22.26,7.28,14.97,3.13,5.14,26.25198332,83.75077264
20200206,0.0,57.79,22.9,6.35,16.55,2.22,4.77,26.25198332,83.75077264
20200207,0.0,53.22,22.32,7.32,15.0,1.75,4.88,26.25198332,83.75077264
20200208,0.0,55.22,21.85,6.46,15.39,1.89,4.73,26.25198332,83.75077264
20200209,0.0,57.04,22.92,5.97,16.96,1.9,5.86,26.25198332,83.75077264
20200210,0.0,57.66,23.08,6.0,17.08,2.04,4.36,26.25198332,83.75077264
20200211,0.0,56.25,23.36,5.88,17.48,1.19,4.28,26.25198332,83.75077264
20200212,0.0,58.44,23.56,5.99,17.57,1.99,4.68,26.25198332,83.75077264
20200213,0.0,65.44,24.83,7.11,17.72,1.63,3.71,26.25198332,83.75077264
20200214,0.0,67.97,27.75,9.79,17.96,4.2,5.85,26.25198332,83.75077264
20200215,0.0,60.82,24.73,9.42,15.31,1.52,4.48,26.25198332,83.75077264
20200216,0.0,53.0,25.87,9.67,16.2,1.87,4.14,26.25198332,83.75077264
20200217,0.0,55.21,26.26,9.99,16.27,1.4,5.16,26.25198332,83.75077264
20200218,0.0,47.1,26.65,8.5,18.14,2.61,4.0,26.25198332,83.75077264
20200219,0.0,38.07,27.22,9.09,18.13,2.6,4.21,26.25198332,83.75077264
20200220,0.0,38.75,27.2,13.76,13.45,2.05,4.09,26.25198332,83.75077264
20200221,0.71,45.58,27.2,11.41,15.79,4.25,4.65,26.25198332,83.75077264
20200222,3.13,58.09,26.93,15.35,11.59,3.3,4.54,26.25198332,83.75077264
20200223,0.44,58.2,27.63,15.67,11.96,1.91,3.09,26.25198332,83.75077264
20200224,4.44,63.65,27.06,15.07,11.99,1.19,2.78,26.25198332,83.75077264
20200225,8.21,67.98,26.34,15.25,11.09,4.34,6.29,26.25198332,83.75077264
20200226,6.25,75.62,22.01,15.64,6.37,2.61,2.11,26.25198332,83.75077264
20200227,0.0,60.89,26.49,12.71,13.78,2.16,3.79,26.25198332,83.75077264
20200228,0.0,51.59,27.22,13.22,14.0,2.12,3.53,26.25198332,83.75077264
20200229,0.0,50.49,27.64,14.98,12.67,2.23,4.38,26.25198332,83.75077264
20200301,0.0,51.99,30.06,14.3,15.76,1.87,3.96,26.25198332,83.75077264
20200302,0.0,56.52,29.35,15.64,13.7,1.36,1.9,26.25198332,83.75077264
20200303,0.06,51.38,30.68,15.48,15.2,2.25,3.12,26.25198332,83.75077264
20200304,0.07,44.72,30.85,17.08,13.76,2.74,5.06,26.25198332,83.75077264
20200305,1.27,45.62,31.53,16.52,15.0,2.81,5.14,26.25198332,83.75077264
20200306,4.3,62.94,28.38,17.26,11.12,2.53,3.58,26.25198332,83.75077264
20200307,8.44,66.72,28.68,17.59,11.09,4.43,7.63,26.25198332,83.75077264
20200308,0.0,52.42,29.6,14.45,15.15,4.17,5.71,26.25198332,83.75077264
20200309,0.0,45.94,30.06,13.3,16.75,3.28,3.61,26.25198332,83.75077264
20200310,0.0,42.2,30.09,12.65,17.44,3.29,7.06,26.25198332,83.75077264
20200311,2.13,67.76,24.28,15.9,8.39,5.08,5.65,26.25198332,83.75077264
20200312,0.21,56.22,33.52,17.18,16.33,1.42,2.08,26.25198332,83.75077264
20200313,13.01,73.34,27.1,18.57,8.53,3.6,4.53,26.25198332,83.75077264
20200314,2.06,72.4,28.22,16.69,11.54,2.86,2.61,26.25198332,83.75077264
20200315,0.16,60.89,29.32,13.38,15.94,3.06,7.31,26.25198332,83.75077264
20200316,0.0,49.75,29.24,14.43,14.82,3.8,5.82,26.25198332,83.75077264
20200317,0.0,45.98,30.57,14.22,16.36,1.96,4.42,26.25198332,83.75077264
20200318,0.0,43.63,32.33,14.48,17.84,2.95,4.65,26.25198332,83.75077264
20200319,0.01,43.54,33.02,15.34,17.68,4.13,5.37,26.25198332,83.75077264
20200320,0.0,42.74,32.34,16.08,16.25,3.62,3.79,26.25198332,83.75077264
20200321,5.08,47.96,31.92,17.35,14.58,4.41,4.51,26.25198332,83.75077264
20200322,1.58,47.67,31.94,17.52,14.42,1.84,3.5,26.25198332,83.75077264
20200323,0.85,44.3,32.82,19.0,13.82,3.27,3.93,26.25198332,83.75077264
20200324,0.02,41.99,33.8,19.32,14.49,3.28,4.65,26.25198332,83.75077264
20200325,0.01,41.45,35.61,20.36,15.25,4.39,5.38,26.25198332,83.75077264
20200326,0.05,40.27,35.4,18.43,16.97,5.65,6.56,26.25198332,83.75077264
20200327,0.04,40.54,37.18,19.8,17.38,4.73,5.01,26.25198332,83.75077264
20200328,0.0,43.06,35.65,21.17,14.47,4.44,3.89,26.25198332,83.75077264
20200329,0.0,33.49,35.08,18.5,16.59,6.54,7.56,26.25198332,83.75077264
20200330,0.0,30.65,35.72,18.06,17.66,5.43,4.4,26.25198332,83.75077264
20200331,0.0,34.01,36.56,17.2,19.35,4.52,5.41,26.25198332,83.75077264
20200401,0.0,30.68,38.57,20.77,17.8,4.35,5.57,26.25198332,83.75077264
20200402,0.1,33.71,37.58,20.96,16.62,4.21,6.03,26.25198332,83.75077264
20200403,0.0,31.01,35.15,18.78,16.37,3.93,2.57,26.25198332,83.75077264
20200404,0.0,27.04,36.19,16.65,19.54,4.42,5.23,26.25198332,83.75077264
20200405,0.0,27.99,36.6,17.21,19.39,4.7,6.11,26.25198332,83.75077264
20200406,0.0,29.44,38.37,19.06,19.31,5.88,6.02,26.25198332,83.75077264
20200407,0.0,26.63,38.61,19.95,18.66,5.53,7.15,26.25198332,83.75077264
20200408,0.0,29.94,38.79,19.86,18.94,3.31,4.5,26.25198332,83.75077264
20200409,0.0,30.36,38.31,21.92,16.39,3.1,5.37,26.25198332,83.75077264
20200410,0.0,29.2,36.88,20.21,16.67,4.23,4.93,26.25198332,83.75077264
20200411,0.0,29.28,39.15,21.91,17.24,5.21,8.52,26.25198332,83.75077264
20200412,0.0,30.89,39.25,21.62,17.63,4.4,5.51,26.25198332,83.75077264
20200413,0.0,25.69,40.15,24.21,15.94,2.52,3.15,26.25198332,83.75077264
20200414,0.0,27.19,41.12,23.81,17.31,3.15,3.88,26.25198332,83.75077264
20200415,0.27,34.69,40.03,25.28,14.74,4.58,5.61,26.25198332,83.75077264
20200416,0.89,28.32,40.87,24.38,16.49,4.85,5.69,26.25198332,83.75077264
20200417,0.0,28.34,41.11,24.27,16.84,5.13,7.24,26.25198332,83.75077264
20200418,0.06,27.9,40.83,24.67,16.16,4.15,5.64,26.25198332,83.75077264
20200419,2.86,30.62,40.48,25.6,14.88,2.58,4.11,26.25198332,83.75077264
20200420,4.36,32.08,39.6,25.36,14.25,2.63,4.24,26.25198332,83.75077264
20200421,5.28,40.88,34.93,24.46,10.47,5.92,6.48,26.25198332,83.75077264
20200422,1.59,36.31,36.36,24.03,12.33,4.82,5.62,26.25198332,83.75077264
20200423,0.05,32.12,38.04,21.88,16.16,4.33,4.8,26.25198332,83.75077264
20200424,0.13,29.8,37.87,22.29,15.58,2.72,2.9,26.25198332,83.75077264
20200425,0.28,31.79,37.73,21.45,16.28,3.9,6.9,26.25198332,83.75077264
20200426,11.77,55.04,31.96,23.54,8.42,4.35,5.4,26.25198332,83.75077264
20200427,0.02,49.52,34.62,22.62,12.0,4.09,4.41,26.25198332,83.75077264
20200428,2.9,46.97,34.1,24.55,9.55,3.62,5.2,26.25198332,83.75077264
20200429,0.24,44.27,35.59,22.71,12.88,3.64,4.62,26.25198332,83.75077264
20200430,1.69,38.27,36.53,25.32,11.21,2.3,2.72,26.25198332,83.75077264
20200501,13.36,49.15,35.4,25.65,9.75,2.36,5.29,26.25198332,83.75077264
20200502,0.46,51.78,35.66,23.97,11.7,2.01,4.57,26.25198332,83.75077264
20200503,0.0,46.47,37.47,23.89,13.58,4.97,6.17,26.25198332,83.75077264
20200504,8.78,42.34,37.13,25.19,11.95,3.33,5.23,26.25198332,83.75077264
20200505,9.35,48.38,35.43,25.96,9.47,2.93,3.15,26.25198332,83.75077264
20200506,0.0,42.25,36.39,25.44,10.95,4.77,5.59,26.25198332,83.75077264
20200507,0.02,38.39,37.62,25.47,12.15,5.22,5.46,26.25198332,83.75077264
20200508,5.78,38.48,38.38,22.39,15.99,4.95,5.64,26.25198332,83.75077264
20200509,0.01,33.73,39.75,24.12,15.63,2.61,3.8,26.25198332,83.75077264
20200510,0.01,37.59,40.03,25.54,14.49,4.6,6.22,26.25198332,83.75077264
20200511,5.47,45.31,38.21,24.84,13.37,2.76,5.23,26.25198332,83.75077264
20200512,0.01,35.88,39.43,26.51,12.93,4.72,5.05,26.25198332,83.75077264
20200513,0.07,37.2,39.72,25.99,13.72,4.45,6.1,26.25198332,83.75077264
20200514,0.0,38.42,39.56,26.21,13.35,4.52,5.25,26.25198332,83.75077264
20200515,0.15,34.62,41.82,27.5,14.33,5.87,7.39,26.25198332,83.75077264
20200516,0.39,29.77,42.86,26.37,16.49,5.89,6.21,26.25198332,83.75077264
20200517,0.23,24.94,42.43,24.14,18.29,5.25,6.14,26.25198332,83.75077264
20200518,0.0,27.96,42.69,23.97,18.72,3.74,6.35,26.25198332,83.75077264
20200519,0.0,25.88,41.83,26.4,15.43,3.13,6.11,26.25198332,83.75077264
20200520,0.69,35.01,40.41,25.22,15.19,3.56,5.19,26.25198332,83.75077264
20200521,0.0,34.44,41.05,26.22,14.84,3.31,3.6,26.25198332,83.75077264
20200522,0.08,21.37,43.42,24.83,18.58,4.15,7.81,26.25198332,83.75077264
20200523,0.0,31.01,43.29,25.47,17.83,5.51,7.97,26.25198332,83.75077264
20200524,0.19,23.34,45.85,28.09,17.76,5.16,4.82,26.25198332,83.75077264
20200525,0.09,18.18,46.49,29.41,17.08,5.06,5.03,26.25198332,83.75077264
20200526,0.49,17.9,47.11,29.75,17.36,6.5,8.01,26.25198332,83.75077264
20200527,2.7,23.5,45.61,31.7,13.91,5.83,7.85,26.25198332,83.75077264
20200528,3.18,45.17,39.0,27.93,11.07,3.8,5.47,26.25198332,83.75077264
20200529,0.01,41.3,39.59,27.12,12.47,4.6,5.67,26.25198332,83.75077264
20200530,0.16,38.88,40.57,27.9,12.67,5.08,7.23,26.25198332,83.75077264
20200531,14.75,48.34,37.72,27.93,9.79,5.24,6.69,26.25198332,83.75077264
20200601,0.13,43.28,38.53,28.24,10.29,1.8,2.77,26.25198332,83.75077264
20200602,0.24,41.7,36.3,27.57,8.73,4.11,6.24,26.25198332,83.75077264
20200603,0.0,43.34,36.89,27.15,9.75,3.56,3.2,26.25198332,83.75077264
20200604,1.15,43.77,36.75,28.11,8.64,4.48,5.92,26.25198332,83.75077264
20200605,33.79,70.44,34.16,25.09,9.07,2.88,4.05,26.25198332,83.75077264
20200606,5.62,63.01,34.95,24.9,10.05,4.4,5.06,26.25198332,83.75077264
20200607,0.0,45.26,38.31,27.71,10.6,3.44,4.2,26.25198332,83.75077264
20200608,0.0,42.98,39.89,27.57,12.31,1.83,3.82,26.25198332,83.75077264
20200609,0.0,41.52,40.24,28.92,11.33,3.41,6.11,26.25198332,83.75077264
20200610,0.0,42.3,40.49,28.91,11.58,3.41,4.35,26.25198332,83.75077264
20200611,0.0,43.65,41.13,30.69,10.44,2.37,3.53,26.25198332,83.75077264
20200612,0.0,47.8,40.05,30.88,9.16,2.76,3.89,26.25198332,83.75077264
20200613,0.26,58.15,36.07,29.09,6.97,4.25,3.7,26.25198332,83.75077264
20200614,2.06,65.06,34.97,28.56,6.41,2.68,2.36,26.25198332,83.75077264
20200615,20.39,78.33,32.28,27.74,4.54,2.14,1.99,26.25198332,83.75077264
20200616,34.22,79.68,32.36,27.58,4.78,3.3,2.78,26.25198332,83.75077264
20200617,7.76,76.34,32.45,26.99,5.46,3.7,4.01,26.25198332,83.75077264
20200618,11.48,75.48,31.99,27.33,4.66,2.64,4.53,26.25198332,83.75077264
20200619,15.12,75.58,34.26,26.89,7.38,2.19,2.27,26.25198332,83.75077264
20200620,47.68,87.65,30.67,27.54,3.12,5.23,5.28,26.25198332,83.75077264
20200621,14.25,80.07,32.97,26.29,6.69,4.5,5.4,26.25198332,83.75077264
20200622,19.97,84.64,31.65,26.89,4.76,6.08,5.69,26.25198332,83.75077264
20200623,5.23,79.34,33.43,26.82,6.61,5.74,4.68,26.25198332,83.75077264
20200624,5.63,79.91,33.09,26.93,6.16,4.24,6.38,26.25198332,83.75077264
20200625,17.88,85.65,31.36,26.87,4.49,4.47,4.94,26.25198332,83.75077264
20200626,12.88,82.07,34.13,26.61,7.52,4.19,3.36,26.25198332,83.75077264
20200627,6.38,80.11,34.5,26.92,7.58,4.05,3.09,26.25198332,83.75077264
20200628,15.24,82.91,33.37,25.91,7.46,4.14,3.86,26.25198332,83.75077264
20200629,12.56,83.36,32.41,26.69,5.72,2.58,4.42,26.25198332,83.75077264
20200630,19.81,85.92,31.8,26.3,5.51,3.9,3.88,26.25198332,83.75077264
20200701,2.59,79.14,33.89,26.66,7.23,1.82,3.04,26.25198332,83.75077264
20200702,7.06,77.57,34.21,27.32,6.89,2.16,2.1,26.25198332,83.75077264
20200703,3.77,83.22,33.18,27.33,5.84,2.84,3.86,26.25198332,83.75077264
20200704,21.43,89.04,31.39,27.38,4.01,2.17,2.67,26.25198332,83.75077264
20200705,7.88,86.25,31.38,26.29,5.1,3.61,3.67,26.25198332,83.75077264
20200706,27.47,85.9,32.62,26.55,6.07,4.2,5.46,26.25198332,83.75077264
20200707,32.92,88.42,31.21,27.15,4.06,5.34,5.05,26.25198332,83.75077264
20200708,4.69,91.24,30.25,26.46,3.79,3.82,4.9,26.25198332,83.75077264
20200709,12.65,89.83,31.36,25.88,5.48,1.2,2.55,26.25198332,83.75077264
20200710,45.64,92.55,29.94,26.86,3.08,2.73,1.94,26.25198332,83.75077264
20200711,2.88,87.26,33.35,25.65,7.7,1.61,2.3,26.25198332,83.75077264
20200712,16.24,85.8,33.21,26.59,6.62,3.48,1.92,26.25198332,83.75077264
20200713,13.21,88.01,32.1,26.83,5.27,2.51,2.74,26.25198332,83.75077264
20200714,14.5,86.07,32.77,26.81,5.96,1.04,3.42,26.25198332,83.75077264
20200715,25.52,88.94,30.84,27.09,3.75,3.03,1.57,26.25198332,83.75077264
20200716,1.32,84.99,32.44,26.53,5.91,2.17,2.4,26.25198332,83.75077264
20200717,0.0,82.78,33.36,26.06,7.29,1.58,3.64,26.25198332,83.75077264
20200718,5.48,87.22,31.76,25.84,5.92,1.29,3.47,26.25198332,83.75077264
20200719,34.16,92.04,30.48,26.89,3.59,4.58,4.68,26.25198332,83.75077264
20200720,5.67,88.16,30.59,26.5,4.09,5.88,6.99,26.25198332,83.75077264
20200721,10.3,88.92,30.83,25.4,5.43,3.98,6.49,26.25198332,83.75077264
20200722,3.98,88.23,31.06,26.08,4.98,2.98,3.55,26.25198332,83.75077264
20200723,9.19,84.2,31.96,26.56,5.4,2.02,4.73,26.25198332,83.75077264
20200724,7.63,90.7,29.84,26.33,3.51,3.19,3.57,26.25198332,83.75077264
20200725,2.59,82.53,32.3,25.52,6.78,2.47,4.67,26.25198332,83.75077264
20200726,0.77,84.73,32.21,25.96,6.25,1.92,2.57,26.25198332,83.75077264
20200727,6.34,89.72,30.78,26.68,4.1,2.62,4.16,26.25198332,83.75077264
20200728,21.0,90.29,30.73,26.4,4.34,2.39,4.9,26.25198332,83.75077264
20200729,16.82,89.7,30.5,26.4,4.09,3.42,2.86,26.25198332,83.75077264
20200730,31.76,83.53,32.11,25.39,6.72,2.14,3.62,26.25198332,83.75077264
20200731,14.42,88.2,30.89,26.14,4.76,2.08,2.28,26.25198332,83.75077264
20200801,4.84,82.04,32.2,25.63,6.57,2.11,2.84,26.25198332,83.75077264
20200802,0.03,82.98,33.1,26.13,6.97,2.04,4.17,26.25198332,83.75077264
20200803,0.07,84.98,32.88,26.59,6.29,1.89,2.56,26.25198332,83.75077264
20200804,3.23,84.71,33.6,26.91,6.69,1.38,3.66,26.25198332,83.75077264
20200805,10.39,90.19,31.89,27.4,4.49,6.23,8.88,26.25198332,83.75077264
20200806,5.9,89.72,30.72,26.67,4.06,7.28,8.2,26.25198332,83.75077264
20200807,0.61,86.15,32.34,26.73,5.61,2.99,4.37,26.25198332,83.75077264
20200808,2.48,78.19,33.43,26.66,6.77,1.86,2.48,26.25198332,83.75077264
20200809,4.14,89.28,31.15,27.3,3.86,2.12,3.51,26.25198332,83.75077264
20200810,0.86,89.77,31.93,27.03,4.9,4.25,4.01,26.25198332,83.75077264
20200811,8.1,89.53,31.69,26.85,4.84,1.95,2.72,26.25198332,83.75077264
20200812,39.91,88.46,31.14,26.6,4.54,2.05,4.43,26.25198332,83.75077264
20200813,14.88,90.8,30.82,26.11,4.71,1.41,2.39,26.25198332,83.75077264
20200814,0.45,87.63,31.84,26.2,5.64,2.94,3.06,26.25198332,83.75077264
20200815,0.97,88.75,31.09,26.21,4.89,3.26,2.81,26.25198332,83.75077264
20200816,0.38,88.14,31.25,25.74,5.51,4.3,3.9,26.25198332,83.75077264
20200817,0.23,86.34,32.55,26.35,6.2,2.28,2.32,26.25198332,83.75077264
20200818,0.16,85.86,33.2,26.09,7.11,1.92,3.24,26.25198332,83.75077264
20200819,4.12,86.71,32.74,27.19,5.55,3.18,4.88,26.25198332,83.75077264
20200820,2.97,88.44,31.25,25.92,5.33,7.3,7.84,26.25198332,83.75077264
20200821,3.41,88.87,30.17,25.09,5.08,3.46,3.39,26.25198332,83.75077264
20200822,11.14,89.57,30.09,25.44,4.65,4.52,4.78,26.25198332,83.75077264
20200823,13.86,87.84,31.33,25.63,5.7,2.29,3.97,26.25198332,83.75077264
20200824,2.33,86.79,30.14,25.42,4.71,1.65,2.43,26.25198332,83.75077264
20200825,0.13,85.38,31.87,24.27,7.6,1.82,1.93,26.25198332,83.75077264
20200826,0.42,82.85,32.94,26.1,6.84,3.07,4.02,26.25198332,83.75077264
20200827,5.43,88.25,30.95,26.16,4.79,5.67,5.74,26.25198332,83.75077264
20200828,1.17,87.47,31.21,25.49,5.71,3.66,3.27,26.25198332,83.75077264
20200829,0.35,86.11,32.1,25.74,6.36,3.37,2.94,26.25198332,83.75077264
20200830,0.0,84.15,32.41,25.39,7.03,1.64,3.91,26.25198332,83.75077264
20200831,0.0,84.88,32.5,24.63,7.87,2.9,3.12,26.25198332,83.75077264
20200901,2.16,89.36,31.14,25.7,5.44,2.01,3.73,26.25198332,83.75077264
20200902,7.15,89.6,31.27,25.87,5.4,3.17,3.41,26.25198332,83.75077264
20200903,3.51,86.44,32.38,25.49,6.89,3.84,2.57,26.25198332,83.75077264
20200904,0.47,84.3,32.99,25.57,7.42,2.34,1.99,26.25198332,83.75077264
20200905,0.18,84.76,32.55,24.96,7.59,3.21,3.04,26.25198332,83.75077264
20200906,10.41,84.1,32.68,25.6,7.08,1.33,4.15,26.25198332,83.75077264
20200907,0.66,88.65,30.88,26.08,4.79,1.9,3.81,26.25198332,83.75077264
20200908,2.38,81.08,33.34,25.04,8.3,1.61,4.51,26.25198332,83.75077264
20200909,17.94,81.77,32.66,25.86,6.8,1.24,3.22,26.25198332,83.75077264
20200910,3.31,85.1,32.42,26.19,6.23,1.58,2.21,26.25198332,83.75077264
20200911,0.05,76.11,32.71,26.42,6.29,1.92,2.6,26.25198332,83.75077264
20200912,0.05,79.45,32.26,25.69,6.57,1.56,3.15,26.25198332,83.75077264
20200913,0.4,83.46,31.18,24.92,6.26,1.44,4.02,26.25198332,83.75077264
20200914,2.15,90.13,30.16,24.97,5.19,1.8,3.02,26.25198332,83.75077264
20200915,3.03,89.56,30.65,25.85,4.8,2.12,3.91,26.25198332,83.75077264
20200916,19.45,86.04,32.23,25.67,6.56,1.55,3.22,26.25198332,83.75077264
20200917,5.24,83.86,32.49,24.33,8.15,1.27,1.97,26.25198332,83.75077264
20200918,2.88,86.31,31.8,25.41,6.39,2.3,5.09,26.25198332,83.75077264
20200919,3.37,87.89,30.86,25.11,5.75,2.29,2.83,26.25198332,83.75077264
20200920,0.34,78.26,33.32,24.65,8.66,1.57,3.45,26.25198332,83.75077264
20200921,6.02,85.7,31.91,26.28,5.63,2.83,3.68,26.25198332,83.75077264
20200922,11.92,90.35,30.47,25.4,5.07,6.25,6.44,26.25198332,83.75077264
20200923,57.08,92.46,29.56,25.26,4.3,4.88,7.3,26.25198332,83.75077264
20200924,33.64,91.98,29.93,26.1,3.84,3.15,4.17,26.25198332,83.75077264
20200925,36.43,90.14,29.74,24.98,4.76,5.74,6.65,26.25198332,83.75077264
20200926,0.57,79.16,31.93,23.4,8.54,1.11,3.5,26.25198332,83.75077264
20200927,0.25,76.63,31.08,21.51,9.57,2.66,3.5,26.25198332,83.75077264
20200928,0.23,81.64,30.82,21.98,8.84,1.54,3.05,26.25198332,83.75077264
20200929,0.0,82.64,31.44,22.95,8.49,1.32,1.82,26.25198332,83.75077264
20200930,0.0,76.64,31.77,22.23,9.54,0.95,3.04,26.25198332,83.75077264
20201001,0.0,75.12,31.25,21.69,9.56,1.82,3.35,26.25198332,83.75077264
20201002,0.0,73.25,30.64,21.53,9.11,0.66,0.99,26.25198332,83.75077264
20201003,2.31,74.34,30.95,22.34,8.6,0.99,1.88,26.25198332,83.75077264
20201004,3.7,77.06,31.71,24.27,7.44,1.2,1.69,26.25198332,83.75077264
20201005,1.29,77.67,32.51,24.46,8.05,1.09,2.14,26.25198332,83.75077264
20201006,0.3,77.99,32.24,24.87,7.37,1.99,2.93,26.25198332,83.75077264
20201007,0.08,71.87,31.92,22.43,9.49,1.41,3.56,26.25198332,83.75077264
20201008,0.08,72.0,31.6,21.52,10.08,2.37,4.37,26.25198332,83.75077264
20201009,0.04,74.77,31.95,20.64,11.31,1.7,3.88,26.25198332,83.75077264
20201010,0.0,76.69,31.41,21.33,10.08,1.38,3.12,26.25198332,83.75077264
20201011,0.0,73.16,31.91,21.35,10.56,1.44,2.89,26.25198332,83.75077264
20201012,0.0,75.29,32.34,23.28,9.07,1.28,2.25,26.25198332,83.75077264
20201013,0.05,83.45,32.12,23.13,8.99,2.34,3.27,26.25198332,83.75077264
20201014,0.11,83.54,31.17,24.52,6.66,1.56,2.02,26.25198332,83.75077264
20201015,0.02,78.69,32.87,23.77,9.1,2.03,3.06,26.25198332,83.75077264
20201016,0.0,75.29,33.04,23.75,9.29,1.95,3.46,26.25198332,83.75077264
20201017,0.0,73.93,32.69,23.56,9.13,1.52,2.68,26.25198332,83.75077264
20201018,0.0,71.4,32.22,21.39,10.83,2.0,2.52,26.25198332,83.75077264
20201019,0.0,73.02,31.32,21.32,10.0,2.36,3.17,26.25198332,83.75077264
20201020,0.02,72.85,31.49,22.53,8.96,1.87,2.62,26.25198332,83.75077264
20201021,0.0,77.94,32.0,21.66,10.33,2.16,4.44,26.25198332,83.75077264
20201022,0.0,82.55,31.12,22.44,8.67,0.92,2.78,26.25198332,83.75077264
20201023,2.44,78.49,31.12,23.0,8.11,2.69,5.67,26.25198332,83.75077264
20201024,0.0,64.72,32.02,18.69,13.33,1.63,3.21,26.25198332,83.75077264
20201025,0.0,64.52,31.19,16.02,15.17,2.29,4.99,26.25198332,83.75077264
20201026,0.0,66.84,30.51,17.11,13.4,1.44,2.37,26.25198332,83.75077264
20201027,0.0,64.52,28.96,15.01,13.95,0.94,3.33,26.25198332,83.75077264
20201028,0.0,59.11,29.72,14.95,14.77,1.67,3.75,26.25198332,83.75077264
20201029,0.0,56.29,30.7,16.84,13.87,1.85,3.3,26.25198332,83.75077264
20201030,0.0,62.7,31.58,17.32,14.25,2.09,5.32,26.25198332,83.75077264
20201031,0.0,64.88,31.55,18.5,13.05,1.97,4.3,26.25198332,83.75077264
20201101,0.0,63.36,31.16,17.23,13.93,1.56,5.48,26.25198332,83.75077264
20201102,0.0,63.43,28.81,14.76,14.04,1.42,5.6,26.25198332,83.75077264
20201103,0.0,64.72,28.14,14.94,13.2,1.49,5.06,26.25198332,83.75077264
20201104,0.0,60.82,28.57,12.21,16.36,1.84,3.26,26.25198332,83.75077264
20201105,0.0,61.22,26.56,12.33,14.22,1.78,3.57,26.25198332,83.75077264
20201106,0.0,62.19,24.65,14.27,10.38,1.9,3.18,26.25198332,83.75077264
20201107,0.0,64.22,25.9,14.12,11.78,1.72,2.92,26.25198332,83.75077264
20201108,0.0,69.75,26.99,15.59,11.4,1.31,2.26,26.25198332,83.75077264
20201109,0.0,67.1,27.85,16.75,11.1,1.85,2.94,26.25198332,83.75077264
20201110,0.0,67.71,28.7,16.86,11.84,3.06,4.71,26.25198332,83.75077264
20201111,0.0,73.6,27.94,15.88,12.06,1.99,2.35,26.25198332,83.75077264
20201112,0.0,63.98,29.89,17.36,12.53,2.45,2.91,26.25198332,83.75077264
20201113,0.0,67.43,29.2,16.86,12.34,2.45,4.12,26.25198332,83.75077264
20201114,0.0,61.64,29.52,16.52,13.0,2.0,5.02,26.25198332,83.75077264
20201115,0.0,62.22,30.21,17.49,12.73,1.46,2.63,26.25198332,83.75077264
20201116,1.08,73.35,28.44,18.27,10.17,2.91,5.17,26.25198332,83.75077264
20201117,0.05,70.91,28.92,16.02,12.9,2.09,2.64,26.25198332,83.75077264
20201118,0.01,67.79,28.44,14.75,13.68,2.83,4.99,26.25198332,83.75077264
20201119,1.07,78.5,23.17,17.09,6.08,1.83,4.08,26.25198332,83.75077264
20201120,0.02,74.39,28.08,16.43,11.64,3.37,7.54,26.25198332,83.75077264
20201121,0.0,53.6,26.68,11.19,15.49,2.27,5.78,26.25198332,83.75077264
20201122,0.0,52.62,25.35,8.5,16.85,1.67,5.85,26.25198332,83.75077264
20201123,0.0,46.37,25.52,9.4,16.12,2.87,5.1,26.25198332,83.75077264
20201124,0.0,47.12,25.71,12.2,13.51,2.12,3.74,26.25198332,83.75077264
20201125,0.0,56.06,25.82,12.36,13.46,1.86,3.36,26.25198332,83.75077264
20201126,0.0,59.74,26.76,13.03,13.73,1.71,3.44,26.25198332,83.75077264
20201127,0.01,55.25,26.06,14.48,11.58,2.13,4.54,26.25198332,83.75077264
20201128,0.0,56.58,28.22,11.9,16.31,2.42,4.7,26.25198332,83.75077264
20201129,0.0,55.2,26.91,10.53,16.38,1.66,4.08,26.25198332,83.75077264
20201130,0.0,53.19,26.73,10.55,16.17,1.6,4.7,26.25198332,83.75077264
20201201,0.0,49.33,25.9,10.9,15.0,1.84,3.69,26.25198332,83.75077264
20201202,0.0,52.9,25.23,11.54,13.69,1.65,3.42,26.25198332,83.75077264
20201203,0.0,58.51,25.42,10.84,14.58,1.81,4.27,26.25198332,83.75077264
20201204,0.0,57.77,25.87,11.72,14.15,1.41,3.11,26.25198332,83.75077264
20201205,0.0,54.81,26.16,13.11,13.04,2.02,3.87,26.25198332,83.75077264
20201206,0.0,54.83,25.66,14.08,11.59,2.1,3.62,26.25198332,83.75077264
20201207,0.0,59.68,26.24,12.48,13.76,2.23,3.01,26.25198332,83.75077264
20201208,0.0,66.25,25.84,12.18,13.66,1.68,3.56,26.25198332,83.75077264
20201209,0.0,57.33,26.54,12.78,13.76,3.1,3.34,26.25198332,83.75077264
20201210,0.0,57.38,28.2,12.02,16.18,3.06,3.39,26.25198332,83.75077264
20201211,0.0,57.62,28.09,12.07,16.03,2.75,4.32,26.25198332,83.75077264
20201212,0.01,58.16,28.34,13.65,14.69,2.51,6.19,26.25198332,83.75077264
20201213,0.0,64.17,26.94,14.62,12.32,2.0,4.81,26.25198332,83.75077264
20201214,0.0,58.58,25.99,11.99,14.0,2.6,4.31,26.25198332,83.75077264
20201215,1.09,56.13,25.24,11.38,13.86,2.15,3.85,26.25198332,83.75077264
20201216,0.11,71.19,22.01,12.73,9.28,4.28,5.41,26.25198332,83.75077264
20201217,0.0,48.38,24.33,10.5,13.84,2.8,3.92,26.25198332,83.75077264
20201218,0.0,43.23,21.05,5.49,15.56,2.05,5.43,26.25198332,83.75077264
20201219,0.0,42.37,22.01,4.69,17.32,2.35,3.92,26.25198332,83.75077264
20201220,0.0,41.57,22.43,5.34,17.09,1.25,2.49,26.25198332,83.75077264
20201221,0.0,39.56,22.04,6.68,15.35,1.43,2.77,26.25198332,83.75077264
20201222,0.0,43.49,23.39,9.71,13.68,1.54,2.54,26.25198332,83.75077264
20201223,0.0,45.38,24.89,9.21,15.68,1.52,2.87,26.25198332,83.75077264
20201224,0.0,47.97,24.59,8.67,15.91,1.44,3.74,26.25198332,83.75077264
20201225,0.0,45.58,25.24,8.08,17.16,2.59,4.46,26.25198332,83.75077264
20201226,0.76,46.46,23.21,5.82,17.39,2.04,5.39,26.25198332,83.75077264
20201227,0.0,44.58,23.64,6.83,16.81,2.65,4.24,26.25198332,83.75077264
20201228,0.0,44.3,24.44,10.19,14.26,2.52,4.64,26.25198332,83.75077264
20201229,0.0,51.76,24.46,9.65,14.81,1.73,5.33,26.25198332,83.75077264
20201230,0.0,42.93,23.89,6.76,17.13,2.05,6.72,26.25198332,83.75077264
20201231,0.0,42.87,24.14,6.66,17.47,2.32,3.97,26.25198332,83.75077264
20210101,0.0,44.5,24.33,6.78,17.55,1.73,4.19,26.25198332,83.75077264
20210102,0.0,46.93,25.97,9.61,16.36,1.43,1.71,26.25198332,83.75077264
20210103,0.0,49.62,26.18,12.33,13.86,1.44,2.96,26.25198332,83.75077264
20210104,0.0,54.03,29.03,14.62,14.41,2.98,4.11,26.25198332,83.75077264
20210105,0.0,50.46,30.53,17.36,13.16,1.73,4.5,26.25198332,83.75077264
20210106,0.0,49.17,30.54,14.89,15.65,2.93,5.64,26.25198332,83.75077264
20210107,0.0,55.75,30.27,14.49,15.78,3.1,2.25,26.25198332,83.75077264
20210108,0.0,56.3,28.87,12.96,15.91,4.21,5.21,26.25198332,83.75077264
20210109,0.0,56.93,28.96,14.7,14.26,4.61,5.76,26.25198332,83.75077264
20210110,0.0,64.29,28.58,15.32,13.26,2.78,2.71,26.25198332,83.75077264
20210111,0.0,55.03,26.5,13.57,12.93,2.77,3.55,26.25198332,83.75077264
20210112,0.0,42.21,23.42,8.16,15.26,1.92,4.31,26.25198332,83.75077264
20210113,0.0,42.64,21.7,6.16,15.54,1.5,5.16,26.25198332,83.75077264
20210114,0.0,42.77,21.87,6.43,15.43,1.93,4.16,26.25198332,83.75077264
20210115,0.0,41.33,22.88,7.32,15.56,2.18,5.05,26.25198332,83.75077264
20210116,0.0,38.39,23.99,6.71,17.28,1.7,2.37,26.25198332,83.75077264
20210117,0.0,34.71,23.0,8.92,14.08,2.25,3.81,26.25198332,83.75077264
20210118,0.0,45.96,23.88,8.5,15.38,1.63,2.88,26.25198332,83.75077264
20210119,0.0,44.69,24.54,11.08,13.46,1.81,2.88,26.25198332,83.75077264
20210120,0.0,44.16,25.59,10.72,14.87,3.37,5.07,26.25198332,83.75077264
20210121,0.0,41.44,24.14,7.37,16.78,4.53,5.5,26.25198332,83.75077264
20210122,0.0,37.93,24.33,9.07,15.25,1.77,2.97,26.25198332,83.75077264
20210123,0.0,35.0,24.62,10.17,14.45,1.98,2.75,26.25198332,83.75077264
20210124,0.0,36.57,26.3,9.94,16.36,1.8,3.69,26.25198332,83.75077264
20210125,0.0,45.91,25.42,10.6,14.82,2.21,5.48,26.25198332,83.75077264
20210126,0.0,45.74,24.43,8.92,15.51,1.75,5.65,26.25198332,83.75077264
20210127,0.0,37.48,23.32,6.29,17.04,2.14,5.17,26.25198332,83.75077264
20210128,0.0,33.22,23.14,6.25,16.89,2.63,4.87,26.25198332,83.75077264
20210129,0.0,32.95,23.97,7.93,16.03,3.12,6.79,26.25198332,83.75077264
20210130,0.0,35.28,23.65,5.19,18.46,1.71,5.18,26.25198332,83.75077264
20210131,0.0,33.84,24.19,5.02,19.16,1.41,4.31,26.25198332,83.75077264
20210201,0.0,33.92,24.27,6.6,17.67,1.46,2.31,26.25198332,83.75077264
20210202,0.0,32.02,26.05,7.04,19.02,2.72,4.1,26.25198332,83.75077264
20210203,0.0,30.19,27.38,10.78,16.61,2.46,2.84,26.25198332,83.75077264
20210204,0.0,32.62,28.7,10.86,17.84,2.13,3.46,26.25198332,83.75077264
20210205,0.42,39.79,28.91,12.07,16.83,4.48,7.98,26.25198332,83.75077264
20210206,0.19,45.74,26.2,12.17,14.03,2.21,3.21,26.25198332,83.75077264
20210207,0.05,39.27,26.18,9.13,17.05,2.12,3.8,26.25198332,83.75077264
20210208,0.0,37.91,26.87,8.74,18.12,2.08,3.61,26.25198332,83.75077264
20210209,0.0,37.58,26.75,9.04,17.71,2.49,5.58,26.25198332,83.75077264
20210210,0.0,37.14,26.61,12.14,14.46,2.32,2.91,26.25198332,83.75077264
20210211,0.0,36.86,28.18,11.24,16.94,3.49,4.06,26.25198332,83.75077264
20210212,0.0,35.34,29.23,12.03,17.21,1.01,2.13,26.25198332,83.75077264
20210213,0.0,33.66,28.75,13.19,15.56,2.88,5.03,26.25198332,83.75077264
20210214,0.0,32.02,28.2,12.43,15.76,2.97,4.44,26.25198332,83.75077264
20210215,0.0,30.81,29.32,12.39,16.93,3.09,3.35,26.25198332,83.75077264
20210216,0.03,33.75,28.93,14.19,14.74,3.15,4.71,26.25198332,83.75077264
20210217,0.02,36.71,29.81,16.28,13.53,2.1,4.97,26.25198332,83.75077264
20210218,0.04,33.05,30.37,15.55,14.82,1.97,3.25,26.25198332,83.75077264
20210219,0.06,31.7,30.36,16.06,14.3,2.55,4.32,26.25198332,83.75077264
20210220,0.0,30.3,30.43,11.86,18.58,2.13,5.1,26.25198332,83.75077264
20210221,0.0,28.7,31.18,11.84,19.34,2.53,5.62,26.25198332,83.75077264
20210222,0.0,29.57,30.8,12.22,18.58,1.55,4.12,26.25198332,83.75077264
20210223,0.0,30.1,31.49,13.87,17.61,2.5,3.61,26.25198332,83.75077264
20210224,0.0,25.73,33.97,14.55,19.42,4.25,5.22,26.25198332,83.75077264
20210225,0.0,23.81,35.32,13.54,21.78,6.07,8.05,26.25198332,83.75077264
20210226,0.0,22.98,35.34,15.16,20.17,3.9,5.1,26.25198332,83.75077264
20210227,0.0,24.59,35.65,15.17,20.48,5.17,6.44,26.25198332,83.75077264
20210228,0.0,27.07,36.11,17.64,18.47,4.17,5.06,26.25198332,83.75077264
20210301,0.0,21.92,36.41,18.05,18.36,4.02,4.86,26.25198332,83.75077264
20210302,0.0,16.15,32.2,15.2,17.0,3.24,4.38,26.25198332,83.75077264
20210303,0.0,16.48,33.16,12.98,20.17,2.45,6.15,26.25198332,83.75077264
20210304,0.0,16.67,35.19,15.68,19.5,4.98,5.62,26.25198332,83.75077264
20210305,0.0,17.5,36.0,16.23,19.78,3.4,5.42,26.25198332,83.75077264
20210306,0.0,15.37,35.23,16.29,18.94,4.38,5.21,26.25198332,83.75077264
20210307,0.0,14.18,36.05,18.86,17.19,2.48,6.09,26.25198332,83.75077264
20210308,0.0,21.1,35.4,15.98,19.42,3.58,6.84,26.25198332,83.75077264
20210309,0.0,20.64,36.69,17.81,18.88,2.82,3.35,26.25198332,83.75077264
20210310,0.0,19.12,36.98,19.18,17.8,3.96,4.86,26.25198332,83.75077264
20210311,0.16,19.91,37.15,21.96,15.18,2.59,2.98,26.25198332,83.75077264
20210312,0.0,21.01,37.63,19.31,18.33,2.37,5.0,26.25198332,83.75077264
20210313,0.0,27.51,35.0,20.42,14.59,2.52,2.91,26.25198332,83.75077264
20210314,0.69,31.13,35.27,18.69,16.57,3.87,3.22,26.25198332,83.75077264
20210315,0.0,22.36,36.27,17.44,18.83,3.5,3.05,26.25198332,83.75077264
20210316,0.0,21.34,36.69,18.35,18.33,4.98,6.5,26.25198332,83.75077264
20210317,0.01,19.19,36.78,18.93,17.86,4.37,5.15,26.25198332,83.75077264
20210318,0.0,20.41,37.49,19.29,18.2,3.79,4.89,26.25198332,83.75077264
20210319,0.01,19.55,39.12,20.3,18.82,4.42,4.4,26.25198332,83.75077264
20210320,0.01,25.66,37.5,23.22,14.28,3.67,3.3,26.25198332,83.75077264
20210321,0.0,18.64,38.1,20.62,17.48,3.12,5.15,26.25198332,83.75077264
20210322,0.0,14.77,39.36,21.09,18.27,2.93,3.96,26.25198332,83.75077264
20210323,0.0,17.52,40.25,22.06,18.19,2.98,6.5,26.25198332,83.75077264
20210324,0.0,21.09,38.49,23.74,14.75,3.87,3.81,26.25198332,83.75077264
20210325,0.0,15.27,36.94,23.25,13.69,4.54,3.33,26.25198332,83.75077264
20210326,0.0,13.65,36.74,20.04,16.7,4.08,4.59,26.25198332,83.75077264
20210327,0.0,17.74,37.54,18.87,18.67,2.91,4.74,26.25198332,83.75077264
20210328,0.0,16.18,39.24,22.52,16.72,3.24,3.77,26.25198332,83.75077264
20210329,0.0,17.3,39.86,24.69,15.17,5.25,6.37,26.25198332,83.75077264
20210330,0.0,15.42,41.95,22.78,19.16,6.73,8.3,26.25198332,83.75077264
20210331,0.0,11.65,39.71,21.89,17.82,4.81,6.01,26.25198332,83.75077264
20210401,0.0,7.07,39.11,18.62,20.49,5.29,6.92,26.25198332,83.75077264
20210402,0.0,7.1,38.68,18.11,20.58,3.53,7.45,26.25198332,83.75077264
20210403,0.0,7.3,38.73,19.35,19.38,5.34,7.81,26.25198332,83.75077264
20210404,0.0,7.16,39.25,18.9,20.34,5.64,7.25,26.25198332,83.75077264
20210405,0.0,9.27,39.53,20.42,19.11,2.98,6.63,26.25198332,83.75077264
20210406,0.0,13.13,40.88,21.01,19.87,3.74,8.38,26.25198332,83.75077264
20210407,0.0,15.23,41.61,23.9,17.72,4.72,7.97,26.25198332,83.75077264
20210408,0.0,19.87,41.31,23.08,18.23,3.27,6.16,26.25198332,83.75077264
20210409,0.0,14.02,40.56,24.07,16.49,2.01,5.94,26.25198332,83.75077264
20210410,0.0,10.01,40.94,22.83,18.11,3.8,5.06,26.25198332,83.75077264
20210411,0.0,8.9,41.37,22.42,18.95,3.92,5.03,26.25198332,83.75077264
20210412,0.0,9.87,41.14,22.07,19.06,3.75,4.21,26.25198332,83.75077264
20210413,0.0,13.34,42.66,23.92,18.74,4.97,5.87,26.25198332,83.75077264
20210414,0.0,13.7,42.74,24.22,18.53,5.5,6.68,26.25198332,83.75077264
20210415,0.0,12.36,41.93,26.48,15.45,5.42,10.03,26.25198332,83.75077264
20210416,0.0,16.59,41.95,24.19,17.76,2.85,5.45,26.25198332,83.75077264
20210417,0.0,19.22,40.05,25.4,14.65,6.06,7.01,26.25198332,83.75077264
20210418,0.0,20.05,40.53,24.51,16.02,7.42,10.1,26.25198332,83.75077264
20210419,0.0,14.76,40.8,24.8,16.0,5.62,5.6,26.25198332,83.75077264
20210420,0.0,13.45,42.52,24.86,17.66,6.76,8.95,26.25198332,83.75077264
20210421,0.05,17.87,38.4,25.98,12.42,4.49,6.78,26.25198332,83.75077264
20210422,0.03,24.62,38.62,25.79,12.83,3.53,4.91,26.25198332,83.75077264
20210423,0.0,17.33,40.79,22.41,18.38,5.25,6.29,26.25198332,83.75077264
20210424,0.0,15.79,42.73,25.47,17.26,2.32,5.47,26.25198332,83.75077264
20210425,0.0,12.58,41.7,24.12,17.58,2.63,4.62,26.25198332,83.75077264
20210426,0.0,15.56,41.28,23.41,17.86,2.69,5.05,26.25198332,83.75077264
20210427,0.0,11.19,42.93,23.75,19.18,1.27,2.92,26.25198332,83.75077264
20210428,0.0,12.31,43.73,26.3,17.43,2.63,6.32,26.25198332,83.75077264
20210429,0.0,16.17,43.25,25.73,17.51,5.74,8.41,26.25198332,83.75077264
20210430,0.0,21.3,41.91,27.14,14.77,4.78,6.9,26.25198332,83.75077264
