Dates,PRECTOT,RH2M,T2M_MAX,T2M_MIN,T2M_RANGE,WS10M_RANGE,WS50M_RANGE,Latitude,Longitude
20100101,0.0,69.86,21.13,7.88,13.25,1.72,3.28,23.25198332,86.75077264
20100102,0.0,66.99,21.19,6.51,14.68,1.48,3.48,23.25198332,86.75077264
20100103,0.0,60.31,22.4,6.31,16.09,2.8,5.2,23.25198332,86.75077264
20100104,0.0,64.87,22.75,7.28,15.48,2.42,4.08,23.25198332,86.75077264
20100105,0.0,68.54,22.03,8.42,13.61,2.58,4.63,23.25198332,86.75077264
20100106,0.0,63.78,21.34,6.8,14.55,2.28,3.94,23.25198332,86.75077264
20100107,0.0,62.78,21.84,7.12,14.72,1.62,2.7,23.25198332,86.75077264
20100108,0.0,57.97,23.02,7.68,15.34,2.46,3.7,23.25198332,86.75077264
20100109,0.0,60.32,23.67,7.86,15.81,3.1,5.37,23.25198332,86.75077264
20100110,0.0,63.42,23.83,8.89,14.94,1.83,3.67,23.25198332,86.75077264
20100111,0.0,61.57,23.93,8.39,15.54,1.52,3.76,23.25198332,86.75077264
20100112,0.0,62.46,23.69,8.13,15.56,1.65,3.18,23.25198332,86.75077264
20100113,0.06,65.47,21.96,11.36,10.59,1.18,1.97,23.25198332,86.75077264
20100114,0.0,75.61,21.97,13.23,8.73,1.59,3.54,23.25198332,86.75077264
20100115,0.0,70.01,23.59,10.81,12.78,2.34,4.52,23.25198332,86.75077264
20100116,0.0,66.22,22.67,9.45,13.22,2.48,3.94,23.25198332,86.75077264
20100117,0.0,63.13,23.36,8.45,14.91,1.73,3.53,23.25198332,86.75077264
20100118,0.0,55.64,23.34,9.13,14.21,1.86,4.11,23.25198332,86.75077264
20100119,0.0,58.08,23.54,9.17,14.37,1.63,4.29,23.25198332,86.75077264
20100120,0.0,53.14,23.05,6.77,16.28,3.07,4.8,23.25198332,86.75077264
20100121,0.0,53.77,23.68,6.96,16.71,1.85,3.61,23.25198332,86.75077264
20100122,0.0,50.14,24.88,7.36,17.52,1.91,4.21,23.25198332,86.75077264
20100123,0.0,48.11,24.51,7.55,16.96,2.15,4.28,23.25198332,86.75077264
20100124,0.0,50.12,24.56,8.27,16.29,1.79,3.23,23.25198332,86.75077264
20100125,0.0,47.69,25.05,8.99,16.06,2.25,3.38,23.25198332,86.75077264
20100126,0.0,50.82,26.12,8.95,17.17,1.73,3.35,23.25198332,86.75077264
20100127,0.0,48.22,25.4,9.35,16.04,1.98,3.47,23.25198332,86.75077264
20100128,0.0,50.44,24.92,10.33,14.59,1.58,2.71,23.25198332,86.75077264
20100129,0.0,48.54,25.23,9.32,15.92,2.38,3.72,23.25198332,86.75077264
20100130,0.0,48.91,25.72,9.4,16.32,2.14,2.93,23.25198332,86.75077264
20100131,0.0,54.62,25.16,9.77,15.39,2.26,2.0,23.25198332,86.75077264
20100201,0.0,49.49,25.65,10.18,15.46,1.58,2.19,23.25198332,86.75077264
20100202,0.0,50.73,26.08,10.62,15.46,2.22,2.92,23.25198332,86.75077264
20100203,0.0,52.76,26.18,11.07,15.1,1.78,3.37,23.25198332,86.75077264
20100204,0.0,46.91,26.01,9.95,16.06,2.77,4.56,23.25198332,86.75077264
20100205,0.0,45.17,26.12,8.72,17.4,1.67,5.21,23.25198332,86.75077264
20100206,0.0,52.86,25.5,9.92,15.57,1.53,2.53,23.25198332,86.75077264
20100207,0.0,51.89,26.87,10.33,16.54,2.47,3.02,23.25198332,86.75077264
20100208,0.0,50.78,28.18,11.86,16.32,2.47,2.63,23.25198332,86.75077264
20100209,0.0,53.66,29.88,13.47,16.41,3.11,6.72,23.25198332,86.75077264
20100210,0.02,57.33,28.49,13.82,14.67,1.59,3.5,23.25198332,86.75077264
20100211,0.0,57.05,28.81,14.71,14.1,2.33,5.0,23.25198332,86.75077264
20100212,0.13,56.64,30.19,17.34,12.86,2.11,3.85,23.25198332,86.75077264
20100213,0.06,60.64,29.62,14.05,15.57,1.87,4.16,23.25198332,86.75077264
20100214,0.0,60.39,28.67,15.02,13.65,2.7,4.32,23.25198332,86.75077264
20100215,0.36,59.44,28.55,16.64,11.91,1.88,3.97,23.25198332,86.75077264
20100216,4.65,71.52,28.46,17.44,11.02,2.52,5.14,23.25198332,86.75077264
20100217,12.61,71.63,28.85,17.67,11.17,3.19,4.42,23.25198332,86.75077264
20100218,0.0,50.36,28.54,12.94,15.6,2.98,5.2,23.25198332,86.75077264
20100219,0.0,42.25,27.91,11.45,16.46,2.83,6.18,23.25198332,86.75077264
20100220,0.0,43.36,28.23,11.04,17.19,2.74,3.69,23.25198332,86.75077264
20100221,0.0,42.11,27.88,11.02,16.86,1.85,3.52,23.25198332,86.75077264
20100222,0.0,40.18,28.21,13.2,15.01,1.92,2.81,23.25198332,86.75077264
20100223,0.49,44.82,29.98,14.07,15.9,1.6,3.12,23.25198332,86.75077264
20100224,0.85,58.11,31.22,16.13,15.09,2.2,5.08,23.25198332,86.75077264
20100225,0.58,56.41,30.73,16.56,14.17,2.99,3.62,23.25198332,86.75077264
20100226,0.0,45.67,30.85,15.02,15.83,2.4,5.43,23.25198332,86.75077264
20100227,0.0,43.71,30.49,13.86,16.64,1.73,1.94,23.25198332,86.75077264
20100228,0.0,43.21,32.83,15.09,17.74,3.57,3.88,23.25198332,86.75077264
20100301,0.0,42.31,32.81,15.38,17.43,2.7,4.6,23.25198332,86.75077264
20100302,0.0,35.9,34.74,15.55,19.18,3.69,3.69,23.25198332,86.75077264
20100303,0.0,35.23,34.79,15.48,19.31,4.55,6.69,23.25198332,86.75077264
20100304,0.0,38.29,35.03,17.44,17.59,2.8,4.4,23.25198332,86.75077264
20100305,0.0,44.72,34.81,19.33,15.48,1.41,2.6,23.25198332,86.75077264
20100306,0.0,40.81,34.93,17.55,17.38,2.84,4.88,23.25198332,86.75077264
20100307,0.0,39.67,34.82,17.61,17.21,2.88,5.3,23.25198332,86.75077264
20100308,0.0,42.51,34.59,18.35,16.24,3.32,5.09,23.25198332,86.75077264
20100309,0.0,37.21,33.79,17.15,16.63,3.08,4.74,23.25198332,86.75077264
20100310,0.0,32.19,34.45,16.35,18.09,2.21,4.24,23.25198332,86.75077264
20100311,0.0,32.83,34.51,17.11,17.41,2.08,4.02,23.25198332,86.75077264
20100312,0.0,31.0,35.44,16.95,18.49,3.5,5.21,23.25198332,86.75077264
20100313,0.0,29.76,36.24,16.88,19.36,5.14,6.28,23.25198332,86.75077264
20100314,0.0,30.36,36.14,17.57,18.57,2.75,3.69,23.25198332,86.75077264
20100315,1.03,44.01,36.22,19.75,16.47,1.77,3.53,23.25198332,86.75077264
20100316,6.64,56.76,34.33,20.23,14.09,1.85,2.42,23.25198332,86.75077264
20100317,3.46,53.02,34.41,20.41,13.99,1.43,1.81,23.25198332,86.75077264
20100318,0.0,42.86,35.85,22.49,13.36,1.66,3.2,23.25198332,86.75077264
20100319,0.0,37.14,36.67,21.02,15.65,2.92,4.07,23.25198332,86.75077264
20100320,0.0,33.99,37.01,20.88,16.13,1.95,2.87,23.25198332,86.75077264
20100321,0.0,33.2,38.47,20.32,18.15,2.93,4.2,23.25198332,86.75077264
20100322,0.0,27.59,39.9,19.93,19.96,4.36,5.48,23.25198332,86.75077264
20100323,0.0,26.57,40.88,20.75,20.13,3.59,4.83,23.25198332,86.75077264
20100324,0.0,31.32,40.82,21.79,19.03,2.79,4.83,23.25198332,86.75077264
20100325,0.0,30.27,41.23,21.37,19.86,2.33,4.02,23.25198332,86.75077264
20100326,0.17,43.61,39.64,22.2,17.44,5.36,8.24,23.25198332,86.75077264
20100327,1.69,34.98,41.6,22.17,19.43,3.23,3.38,23.25198332,86.75077264
20100328,2.66,37.49,40.69,22.41,18.28,2.21,3.22,23.25198332,86.75077264
20100329,0.0,27.75,40.35,20.88,19.47,2.92,4.48,23.25198332,86.75077264
20100330,0.0,33.03,41.11,22.7,18.41,3.12,5.34,23.25198332,86.75077264
20100331,0.0,25.93,41.35,22.21,19.14,2.09,2.82,23.25198332,86.75077264
20100401,0.0,25.92,41.22,22.3,18.91,3.27,4.81,23.25198332,86.75077264
20100402,0.0,30.08,40.64,22.95,17.69,3.92,5.61,23.25198332,86.75077264
20100403,0.02,35.38,40.79,24.38,16.4,4.5,7.18,23.25198332,86.75077264
20100404,0.0,43.14,40.89,24.3,16.59,3.23,4.77,23.25198332,86.75077264
20100405,0.0,28.07,41.42,23.82,17.6,3.07,3.39,23.25198332,86.75077264
20100406,0.0,22.74,42.15,23.65,18.5,3.34,3.83,23.25198332,86.75077264
20100407,0.0,23.61,40.93,22.94,17.99,2.34,3.96,23.25198332,86.75077264
20100408,0.0,26.0,41.55,24.0,17.54,1.92,3.82,23.25198332,86.75077264
20100409,0.0,21.71,42.14,23.59,18.55,3.32,5.34,23.25198332,86.75077264
20100410,0.0,15.11,43.03,23.42,19.61,4.81,5.61,23.25198332,86.75077264
20100411,0.0,18.86,44.06,24.25,19.81,2.02,3.23,23.25198332,86.75077264
20100412,0.0,34.35,43.63,24.08,19.55,5.6,7.87,23.25198332,86.75077264
20100413,0.01,45.02,42.65,25.99,16.66,5.04,7.09,23.25198332,86.75077264
20100414,0.0,42.14,41.82,25.63,16.19,2.98,4.29,23.25198332,86.75077264
20100415,0.09,43.61,41.1,26.38,14.73,4.47,6.73,23.25198332,86.75077264
20100416,0.02,40.17,42.16,25.88,16.28,5.61,7.64,23.25198332,86.75077264
20100417,0.0,36.57,44.05,25.42,18.63,4.18,5.64,23.25198332,86.75077264
20100418,0.0,29.82,44.98,25.26,19.72,4.84,7.07,23.25198332,86.75077264
20100419,0.0,26.37,46.27,26.15,20.12,6.06,7.13,23.25198332,86.75077264
20100420,0.0,15.12,46.12,26.26,19.86,2.72,2.55,23.25198332,86.75077264
20100421,0.0,15.74,45.65,26.99,18.66,3.35,6.75,23.25198332,86.75077264
20100422,0.0,20.87,45.1,27.08,18.02,5.02,5.62,23.25198332,86.75077264
20100423,0.0,34.09,43.03,26.41,16.62,5.29,7.05,23.25198332,86.75077264
20100424,0.21,34.15,43.94,26.93,17.01,4.22,5.71,23.25198332,86.75077264
20100425,0.15,23.3,44.08,26.23,17.85,3.33,5.26,23.25198332,86.75077264
20100426,0.65,33.53,43.77,27.35,16.42,6.64,8.93,23.25198332,86.75077264
20100427,9.38,43.67,40.6,27.18,13.42,4.81,8.25,23.25198332,86.75077264
20100428,11.29,58.66,38.52,25.81,12.71,4.83,8.14,23.25198332,86.75077264
20100429,3.02,57.19,38.43,25.84,12.59,5.11,7.25,23.25198332,86.75077264
20100430,0.19,49.32,40.94,26.02,14.92,6.16,7.7,23.25198332,86.75077264
20100501,0.23,41.07,42.3,27.1,15.2,5.98,6.72,23.25198332,86.75077264
20100502,0.91,49.8,36.98,28.27,8.71,5.52,5.83,23.25198332,86.75077264
20100503,6.51,65.05,32.7,26.37,6.33,4.36,6.75,23.25198332,86.75077264
20100504,13.98,65.25,35.97,24.75,11.22,3.61,3.65,23.25198332,86.75077264
20100505,8.2,59.2,37.9,24.08,13.82,3.89,6.62,23.25198332,86.75077264
20100506,4.23,66.23,35.29,24.82,10.47,4.32,5.05,23.25198332,86.75077264
20100507,12.78,66.66,35.51,24.59,10.92,3.0,6.09,23.25198332,86.75077264
20100508,1.56,57.8,38.7,24.67,14.03,2.34,3.64,23.25198332,86.75077264
20100509,0.32,46.32,40.94,25.65,15.29,2.74,3.4,23.25198332,86.75077264
20100510,0.02,37.53,42.72,26.58,16.14,2.55,2.87,23.25198332,86.75077264
20100511,0.13,38.62,43.32,27.07,16.25,3.04,4.67,23.25198332,86.75077264
20100512,0.0,40.32,43.57,26.89,16.68,2.92,4.52,23.25198332,86.75077264
20100513,0.0,39.98,43.67,26.18,17.49,3.7,5.84,23.25198332,86.75077264
20100514,8.39,49.46,42.49,27.59,14.9,5.46,8.75,23.25198332,86.75077264
20100515,1.77,48.04,42.54,26.91,15.63,5.18,7.63,23.25198332,86.75077264
20100516,0.0,44.33,43.14,26.75,16.39,6.72,9.16,23.25198332,86.75077264
20100517,8.7,53.72,40.1,27.9,12.2,5.36,8.03,23.25198332,86.75077264
20100518,0.03,51.72,40.82,26.31,14.51,5.35,6.31,23.25198332,86.75077264
20100519,0.0,56.58,39.69,26.99,12.71,5.55,6.68,23.25198332,86.75077264
20100520,1.95,58.09,36.23,27.61,8.62,3.7,3.07,23.25198332,86.75077264
20100521,2.02,63.3,35.27,27.12,8.16,2.93,4.49,23.25198332,86.75077264
20100522,2.25,63.68,37.12,26.3,10.82,4.28,3.55,23.25198332,86.75077264
20100523,1.29,63.63,36.71,26.3,10.41,2.45,3.68,23.25198332,86.75077264
20100524,11.05,63.6,37.35,25.39,11.96,2.2,3.93,23.25198332,86.75077264
20100525,2.56,56.03,40.62,26.54,14.09,3.83,6.51,23.25198332,86.75077264
20100526,7.57,53.16,42.57,27.89,14.68,2.32,5.68,23.25198332,86.75077264
20100527,3.28,63.54,38.05,27.87,10.18,3.3,2.16,23.25198332,86.75077264
20100528,0.06,52.38,39.34,26.46,12.88,3.21,4.62,23.25198332,86.75077264
20100529,0.23,55.2,38.62,27.6,11.01,4.88,6.78,23.25198332,86.75077264
20100530,1.71,52.38,40.66,27.39,13.27,6.06,8.18,23.25198332,86.75077264
20100531,10.6,59.14,39.62,27.86,11.76,4.09,6.72,23.25198332,86.75077264
20100601,0.27,48.93,42.65,27.27,15.39,3.43,5.14,23.25198332,86.75077264
20100602,0.01,44.48,44.01,27.36,16.65,6.11,8.04,23.25198332,86.75077264
20100603,0.15,46.34,43.8,28.19,15.61,3.39,4.34,23.25198332,86.75077264
20100604,0.5,48.3,42.54,28.55,13.99,4.31,5.42,23.25198332,86.75077264
20100605,0.61,40.91,43.42,28.95,14.47,3.1,3.84,23.25198332,86.75077264
20100606,0.63,35.76,43.22,30.43,12.8,4.85,5.73,23.25198332,86.75077264
20100607,0.12,41.61,42.53,29.08,13.45,3.51,4.78,23.25198332,86.75077264
20100608,2.12,44.41,41.51,28.56,12.94,5.29,6.96,23.25198332,86.75077264
20100609,8.74,58.9,38.83,28.48,10.34,4.2,6.72,23.25198332,86.75077264
20100610,0.74,59.38,37.5,27.65,9.85,5.85,7.18,23.25198332,86.75077264
20100611,0.83,57.27,37.46,26.75,10.7,2.54,3.52,23.25198332,86.75077264
20100612,0.53,63.54,35.61,26.23,9.38,5.96,6.4,23.25198332,86.75077264
20100613,1.9,68.37,34.99,26.77,8.22,4.96,5.36,23.25198332,86.75077264
20100614,1.3,60.79,37.06,26.35,10.71,4.4,5.93,23.25198332,86.75077264
20100615,0.43,51.7,39.94,26.13,13.81,3.26,5.8,23.25198332,86.75077264
20100616,3.68,47.45,41.31,28.66,12.65,4.99,6.15,23.25198332,86.75077264
20100617,7.65,59.9,38.08,28.79,9.29,5.57,7.74,23.25198332,86.75077264
20100618,5.79,68.75,34.33,27.29,7.04,2.62,4.74,23.25198332,86.75077264
20100619,2.78,67.57,35.15,26.5,8.66,2.33,4.22,23.25198332,86.75077264
20100620,0.24,68.9,34.1,26.95,7.15,2.19,2.46,23.25198332,86.75077264
20100621,0.01,58.62,37.4,26.9,10.49,4.08,6.37,23.25198332,86.75077264
20100622,11.11,64.64,38.22,27.59,10.62,4.03,6.8,23.25198332,86.75077264
20100623,5.79,72.86,34.63,27.52,7.12,2.66,3.01,23.25198332,86.75077264
20100624,2.06,71.14,33.92,26.16,7.76,2.88,3.27,23.25198332,86.75077264
20100625,7.82,71.73,34.86,26.52,8.34,2.96,1.83,23.25198332,86.75077264
20100626,9.5,75.67,33.38,26.86,6.52,2.77,5.15,23.25198332,86.75077264
20100627,5.15,79.1,33.02,27.32,5.7,2.96,4.82,23.25198332,86.75077264
20100628,1.5,70.3,34.5,26.68,7.82,2.68,3.27,23.25198332,86.75077264
20100629,16.26,69.03,37.05,26.95,10.11,3.62,6.23,23.25198332,86.75077264
20100630,5.41,75.57,33.33,26.92,6.41,2.89,4.66,23.25198332,86.75077264
20100701,2.26,73.68,33.61,25.84,7.78,3.52,2.96,23.25198332,86.75077264
20100702,3.31,79.45,31.71,25.71,6.0,8.95,10.0,23.25198332,86.75077264
20100703,5.51,78.56,34.14,26.03,8.11,4.33,4.86,23.25198332,86.75077264
20100704,1.05,75.4,32.12,25.52,6.6,3.07,3.09,23.25198332,86.75077264
20100705,8.49,76.85,32.72,24.87,7.85,4.49,4.39,23.25198332,86.75077264
20100706,2.32,77.73,32.1,24.72,7.38,5.4,5.37,23.25198332,86.75077264
20100707,1.09,72.75,33.86,25.43,8.44,4.27,3.8,23.25198332,86.75077264
20100708,0.16,65.79,36.51,25.18,11.34,4.44,3.98,23.25198332,86.75077264
20100709,5.32,75.82,32.36,25.81,6.54,1.98,2.41,23.25198332,86.75077264
20100710,11.99,70.62,36.02,26.03,9.98,3.22,2.88,23.25198332,86.75077264
20100711,14.27,81.42,32.94,26.43,6.51,3.6,5.38,23.25198332,86.75077264
20100712,9.25,77.24,32.5,25.72,6.78,3.93,4.06,23.25198332,86.75077264
20100713,19.3,78.02,33.06,25.76,7.3,1.83,3.57,23.25198332,86.75077264
20100714,6.07,78.41,33.3,25.54,7.76,1.9,2.92,23.25198332,86.75077264
20100715,0.75,77.23,33.76,25.67,8.09,3.86,2.72,23.25198332,86.75077264
20100716,0.32,74.42,34.64,25.39,9.25,3.33,3.86,23.25198332,86.75077264
20100717,0.04,69.49,36.14,25.99,10.15,3.64,4.53,23.25198332,86.75077264
20100718,0.06,69.99,35.3,26.3,8.99,3.51,5.63,23.25198332,86.75077264
20100719,1.94,69.34,36.28,26.44,9.84,2.29,3.8,23.25198332,86.75077264
20100720,0.91,71.69,34.31,25.96,8.35,2.93,2.32,23.25198332,86.75077264
20100721,1.34,76.36,33.23,25.79,7.44,3.94,3.67,23.25198332,86.75077264
20100722,16.9,82.27,31.92,26.25,5.67,2.84,2.44,23.25198332,86.75077264
20100723,7.6,80.58,32.92,25.79,7.13,1.52,3.82,23.25198332,86.75077264
20100724,14.25,84.49,31.13,26.29,4.84,4.37,5.0,23.25198332,86.75077264
20100725,11.75,84.82,31.27,25.93,5.34,4.92,5.01,23.25198332,86.75077264
20100726,9.31,80.43,32.99,25.41,7.59,3.5,3.63,23.25198332,86.75077264
20100727,5.56,84.98,30.97,25.31,5.65,2.41,1.88,23.25198332,86.75077264
20100728,1.4,78.31,34.17,24.82,9.34,4.38,4.38,23.25198332,86.75077264
20100729,1.59,81.96,32.5,25.03,7.47,4.42,3.83,23.25198332,86.75077264
20100730,5.7,86.9,30.48,25.77,4.71,3.16,2.57,23.25198332,86.75077264
20100731,6.04,85.43,30.75,25.79,4.97,1.47,0.87,23.25198332,86.75077264
20100801,3.52,84.45,30.34,25.08,5.26,1.05,2.35,23.25198332,86.75077264
20100802,3.99,80.93,31.76,24.26,7.49,3.08,1.9,23.25198332,86.75077264
20100803,3.06,82.8,31.35,24.34,7.01,3.53,3.81,23.25198332,86.75077264
20100804,4.85,83.64,31.98,24.95,7.03,5.56,5.54,23.25198332,86.75077264
20100805,12.61,86.33,31.21,25.65,5.57,3.94,3.37,23.25198332,86.75077264
20100806,5.72,81.03,32.41,24.71,7.7,4.75,4.57,23.25198332,86.75077264
20100807,2.24,81.81,31.46,24.68,6.78,2.5,2.21,23.25198332,86.75077264
20100808,1.14,75.03,34.07,24.24,9.83,2.1,5.02,23.25198332,86.75077264
20100809,0.37,71.27,35.42,25.28,10.13,2.99,5.86,23.25198332,86.75077264
20100810,1.19,73.39,34.51,25.87,8.64,2.91,4.9,23.25198332,86.75077264
20100811,0.38,74.3,34.47,25.89,8.58,2.67,3.58,23.25198332,86.75077264
20100812,0.47,80.35,32.51,25.82,6.7,2.96,2.82,23.25198332,86.75077264
20100813,2.75,79.32,32.5,25.48,7.02,3.61,4.06,23.25198332,86.75077264
20100814,10.54,83.66,31.5,25.48,6.01,1.95,1.8,23.25198332,86.75077264
20100815,10.11,82.36,32.25,25.12,7.12,3.06,4.22,23.25198332,86.75077264
20100816,1.52,78.64,33.33,24.51,8.82,2.17,3.35,23.25198332,86.75077264
20100817,0.09,77.27,32.84,25.59,7.24,2.46,2.25,23.25198332,86.75077264
20100818,1.69,77.54,33.26,25.22,8.05,1.99,3.86,23.25198332,86.75077264
20100819,3.56,80.49,32.39,25.8,6.59,1.47,2.18,23.25198332,86.75077264
20100820,5.93,81.43,32.28,25.24,7.04,2.24,1.61,23.25198332,86.75077264
20100821,2.61,77.31,33.74,24.8,8.93,2.42,2.43,23.25198332,86.75077264
20100822,5.13,78.77,32.74,25.05,7.69,2.53,2.37,23.25198332,86.75077264
20100823,4.95,80.52,32.98,25.26,7.71,3.38,5.4,23.25198332,86.75077264
20100824,8.19,85.64,31.64,25.86,5.78,1.82,3.36,23.25198332,86.75077264
20100825,3.19,78.76,33.51,24.78,8.73,2.51,3.42,23.25198332,86.75077264
20100826,5.01,80.31,32.75,24.77,7.98,2.29,3.26,23.25198332,86.75077264
20100827,1.63,78.64,33.45,24.54,8.9,2.11,3.23,23.25198332,86.75077264
20100828,1.05,75.35,33.62,25.12,8.5,2.31,3.37,23.25198332,86.75077264
20100829,3.87,80.59,32.96,25.19,7.77,4.07,3.13,23.25198332,86.75077264
20100830,3.79,80.06,33.37,24.74,8.63,4.85,5.49,23.25198332,86.75077264
20100831,2.73,79.69,32.59,24.61,7.98,3.61,3.65,23.25198332,86.75077264
20100901,2.31,82.23,32.57,25.39,7.18,2.85,2.84,23.25198332,86.75077264
20100902,0.64,79.53,33.12,25.55,7.56,2.71,1.67,23.25198332,86.75077264
20100903,0.28,77.1,33.83,24.67,9.16,3.6,2.98,23.25198332,86.75077264
20100904,0.09,79.58,32.31,25.32,6.99,3.02,2.24,23.25198332,86.75077264
20100905,10.66,81.51,32.79,25.31,7.48,3.35,2.14,23.25198332,86.75077264
20100906,4.71,82.35,33.0,25.21,7.79,2.6,2.52,23.25198332,86.75077264
20100907,6.04,85.3,31.88,25.6,6.28,5.7,5.57,23.25198332,86.75077264
20100908,3.9,85.87,31.31,25.72,5.59,2.88,2.12,23.25198332,86.75077264
20100909,1.12,85.4,30.81,25.8,5.01,1.58,1.68,23.25198332,86.75077264
20100910,0.13,81.31,32.45,25.36,7.09,1.81,2.81,23.25198332,86.75077264
20100911,15.32,84.63,31.23,25.36,5.87,1.57,2.56,23.25198332,86.75077264
20100912,16.12,83.52,31.11,24.71,6.4,1.29,3.24,23.25198332,86.75077264
20100913,44.53,85.16,30.71,24.46,6.25,2.13,3.96,23.25198332,86.75077264
20100914,25.5,88.08,30.77,24.0,6.77,2.33,2.76,23.25198332,86.75077264
20100915,11.11,88.07,29.76,24.25,5.51,2.42,2.31,23.25198332,86.75077264
20100916,7.94,86.95,30.66,24.01,6.65,2.47,1.87,23.25198332,86.75077264
20100917,19.26,92.95,27.97,24.63,3.34,3.33,2.52,23.25198332,86.75077264
20100918,18.68,90.04,29.58,24.17,5.41,5.0,4.61,23.25198332,86.75077264
20100919,10.54,91.12,28.4,24.11,4.3,4.27,3.46,23.25198332,86.75077264
20100920,2.48,86.46,30.48,23.57,6.91,1.09,2.52,23.25198332,86.75077264
20100921,4.27,84.34,31.4,23.8,7.6,1.98,4.21,23.25198332,86.75077264
20100922,34.35,84.99,29.47,24.25,5.22,1.6,2.98,23.25198332,86.75077264
20100923,18.12,84.08,30.78,22.7,8.07,1.58,2.71,23.25198332,86.75077264
20100924,4.1,83.66,30.84,24.05,6.79,1.77,1.72,23.25198332,86.75077264
20100925,0.71,77.66,31.74,22.52,9.22,3.11,4.77,23.25198332,86.75077264
20100926,0.4,75.46,32.0,23.51,8.49,2.29,3.46,23.25198332,86.75077264
20100927,0.36,78.53,31.19,23.42,7.78,1.78,2.7,23.25198332,86.75077264
20100928,1.08,74.7,30.46,23.58,6.88,2.37,3.44,23.25198332,86.75077264
20100929,0.16,73.12,30.76,21.2,9.57,2.02,2.96,23.25198332,86.75077264
20100930,0.0,73.83,30.55,21.48,9.07,1.29,2.04,23.25198332,86.75077264
20101001,0.01,74.26,31.44,22.58,8.85,1.18,2.25,23.25198332,86.75077264
20101002,0.0,80.21,31.23,23.86,7.36,1.2,1.33,23.25198332,86.75077264
20101003,0.0,81.39,31.74,24.27,7.47,1.41,1.93,23.25198332,86.75077264
20101004,6.99,84.73,30.77,24.59,6.18,1.57,1.78,23.25198332,86.75077264
20101005,9.94,86.04,30.77,24.77,6.0,1.97,3.2,23.25198332,86.75077264
20101006,3.5,87.8,29.0,23.63,5.37,4.63,4.48,23.25198332,86.75077264
20101007,8.37,89.74,27.63,22.71,4.92,4.18,4.32,23.25198332,86.75077264
20101008,4.93,90.57,27.26,22.41,4.85,3.74,3.63,23.25198332,86.75077264
20101009,0.0,78.77,30.31,20.26,10.05,3.58,5.63,23.25198332,86.75077264
20101010,0.01,72.6,31.28,21.15,10.13,2.09,3.39,23.25198332,86.75077264
20101011,1.29,71.61,31.35,20.66,10.69,1.63,3.22,23.25198332,86.75077264
20101012,0.01,73.46,30.63,21.47,9.16,1.75,2.2,23.25198332,86.75077264
20101013,0.0,81.07,30.11,20.88,9.23,3.48,3.56,23.25198332,86.75077264
20101014,1.24,85.36,28.36,22.69,5.67,1.73,2.82,23.25198332,86.75077264
20101015,10.42,91.29,28.62,24.06,4.55,4.11,4.63,23.25198332,86.75077264
20101016,6.96,91.23,28.66,24.37,4.29,2.05,2.11,23.25198332,86.75077264
20101017,1.71,85.81,30.27,22.84,7.43,2.1,1.88,23.25198332,86.75077264
20101018,0.33,83.8,29.83,22.73,7.1,1.36,1.4,23.25198332,86.75077264
20101019,0.02,79.61,31.63,22.44,9.18,1.01,1.96,23.25198332,86.75077264
20101020,2.7,80.37,31.56,22.68,8.88,1.72,2.06,23.25198332,86.75077264
20101021,7.53,81.5,30.58,22.64,7.94,1.41,2.16,23.25198332,86.75077264
20101022,1.03,80.74,30.82,22.63,8.18,1.35,3.56,23.25198332,86.75077264
20101023,0.12,77.49,30.15,22.59,7.55,1.85,3.39,23.25198332,86.75077264
20101024,0.01,71.24,30.45,20.0,10.45,2.68,4.98,23.25198332,86.75077264
20101025,0.0,66.92,30.29,19.69,10.61,2.01,3.48,23.25198332,86.75077264
20101026,0.0,69.41,30.0,19.11,10.89,1.74,3.73,23.25198332,86.75077264
20101027,0.0,66.33,29.8,18.16,11.64,1.84,3.03,23.25198332,86.75077264
20101028,0.0,64.79,29.3,17.06,12.24,2.27,4.17,23.25198332,86.75077264
20101029,0.0,66.29,28.57,16.57,12.0,1.58,2.21,23.25198332,86.75077264
20101030,0.0,73.37,28.63,16.63,12.0,2.53,2.65,23.25198332,86.75077264
20101031,0.39,76.82,29.02,18.19,10.83,1.49,2.62,23.25198332,86.75077264
20101101,1.78,80.82,26.81,19.22,7.59,2.86,4.19,23.25198332,86.75077264
20101102,3.22,79.56,26.6,19.11,7.49,1.62,2.91,23.25198332,86.75077264
20101103,0.0,74.5,29.08,18.79,10.29,2.57,3.9,23.25198332,86.75077264
20101104,0.0,72.1,29.19,17.46,11.73,1.75,3.0,23.25198332,86.75077264
20101105,0.0,72.89,28.86,17.07,11.79,3.19,5.32,23.25198332,86.75077264
20101106,0.0,71.45,29.51,17.7,11.8,2.36,3.51,23.25198332,86.75077264
20101107,0.1,75.47,30.14,19.18,10.96,1.49,2.54,23.25198332,86.75077264
20101108,0.29,76.01,30.39,21.42,8.97,1.52,1.48,23.25198332,86.75077264
20101109,0.01,74.48,29.83,20.95,8.88,2.04,2.3,23.25198332,86.75077264
20101110,0.0,73.55,30.04,21.03,9.01,1.12,1.24,23.25198332,86.75077264
20101111,0.0,72.33,29.67,20.95,8.72,1.7,2.41,23.25198332,86.75077264
20101112,0.0,68.9,29.56,19.49,10.06,1.56,2.57,23.25198332,86.75077264
20101113,0.0,73.32,29.17,19.41,9.75,1.36,3.07,23.25198332,86.75077264
20101114,0.0,71.59,28.96,18.06,10.9,0.88,2.22,23.25198332,86.75077264
20101115,0.0,69.84,29.79,18.52,11.26,1.74,3.13,23.25198332,86.75077264
20101116,0.0,68.07,30.25,18.35,11.91,2.33,4.51,23.25198332,86.75077264
20101117,0.0,64.94,30.05,18.89,11.15,2.24,3.79,23.25198332,86.75077264
20101118,1.16,68.68,30.65,19.97,10.67,1.84,2.51,23.25198332,86.75077264
20101119,0.41,71.85,29.71,19.38,10.33,2.31,4.13,23.25198332,86.75077264
20101120,0.0,70.07,29.45,18.95,10.5,3.22,4.92,23.25198332,86.75077264
20101121,0.0,59.16,28.63,17.61,11.02,1.98,2.78,23.25198332,86.75077264
20101122,0.0,52.39,27.63,13.93,13.71,0.81,1.66,23.25198332,86.75077264
20101123,0.0,54.17,27.92,13.22,14.7,1.39,2.32,23.25198332,86.75077264
20101124,0.0,53.01,28.52,14.55,13.97,2.02,3.03,23.25198332,86.75077264
20101125,0.0,58.82,29.18,16.03,13.15,1.91,3.02,23.25198332,86.75077264
20101126,0.0,64.94,29.48,17.37,12.11,1.8,2.34,23.25198332,86.75077264
20101127,0.0,72.74,28.98,18.77,10.21,0.59,1.89,23.25198332,86.75077264
20101128,2.1,79.2,27.73,19.88,7.85,1.37,0.87,23.25198332,86.75077264
20101129,0.04,70.12,29.34,18.44,10.89,1.2,1.31,23.25198332,86.75077264
20101130,0.0,63.48,28.13,16.23,11.89,1.6,2.07,23.25198332,86.75077264
20101201,0.0,52.32,26.83,12.51,14.31,1.78,3.07,23.25198332,86.75077264
20101202,0.0,50.13,26.77,11.46,15.31,1.26,3.64,23.25198332,86.75077264
20101203,0.0,51.6,26.55,11.33,15.22,1.89,3.55,23.25198332,86.75077264
20101204,0.0,56.7,27.71,11.64,16.07,1.7,5.84,23.25198332,86.75077264
20101205,0.0,60.13,27.18,12.4,14.78,2.27,3.78,23.25198332,86.75077264
20101206,1.05,68.55,25.0,15.68,9.32,2.25,4.97,23.25198332,86.75077264
20101207,4.24,79.2,25.21,17.17,8.04,2.03,1.98,23.25198332,86.75077264
20101208,24.04,90.33,21.52,17.65,3.87,1.62,1.08,23.25198332,86.75077264
20101209,8.98,90.09,24.16,17.37,6.79,0.75,2.02,23.25198332,86.75077264
20101210,0.8,80.26,26.27,17.71,8.57,3.11,3.59,23.25198332,86.75077264
20101211,0.3,72.25,26.53,15.84,10.69,1.46,4.02,23.25198332,86.75077264
20101212,0.0,70.89,25.23,13.27,11.96,2.52,5.37,23.25198332,86.75077264
20101213,0.0,61.34,24.6,12.02,12.57,1.37,2.91,23.25198332,86.75077264
20101214,0.0,60.36,24.3,11.06,13.24,1.12,3.71,23.25198332,86.75077264
20101215,0.0,59.46,23.08,8.71,14.36,1.97,3.6,23.25198332,86.75077264
20101216,0.0,61.67,23.81,9.1,14.71,1.99,2.68,23.25198332,86.75077264
20101217,0.0,57.4,24.55,9.51,15.05,1.36,4.01,23.25198332,86.75077264
20101218,0.0,55.28,24.15,9.13,15.02,2.21,3.19,23.25198332,86.75077264
20101219,0.0,51.84,25.07,9.1,15.96,1.17,3.69,23.25198332,86.75077264
20101220,0.0,51.14,24.49,8.08,16.4,2.07,3.4,23.25198332,86.75077264
20101221,0.0,49.68,23.79,6.8,16.99,1.69,2.7,23.25198332,86.75077264
20101222,0.0,44.96,24.29,6.93,17.35,1.7,3.65,23.25198332,86.75077264
20101223,0.0,48.45,24.55,8.73,15.83,2.21,3.93,23.25198332,86.75077264
20101224,0.0,49.37,26.56,9.76,16.8,2.4,3.96,23.25198332,86.75077264
20101225,0.0,51.47,24.8,9.16,15.64,3.21,4.87,23.25198332,86.75077264
20101226,0.0,53.3,23.97,8.3,15.67,1.88,3.69,23.25198332,86.75077264
20101227,0.0,50.31,24.27,8.61,15.66,1.68,2.92,23.25198332,86.75077264
20101228,0.0,49.45,24.29,8.24,16.06,1.2,2.73,23.25198332,86.75077264
20101229,0.0,48.9,24.55,8.1,16.45,1.84,3.42,23.25198332,86.75077264
20101230,0.0,51.56,26.4,11.6,14.81,1.39,2.26,23.25198332,86.75077264
20101231,0.0,59.72,26.79,12.74,14.05,3.05,6.08,23.25198332,86.75077264
20110101,0.0,67.91,23.07,12.73,10.34,3.94,4.57,23.25198332,86.75077264
20110102,0.0,50.83,23.55,8.65,14.9,2.35,4.68,23.25198332,86.75077264
20110103,0.0,50.71,22.54,7.1,15.44,1.59,5.08,23.25198332,86.75077264
20110104,0.0,53.56,22.13,6.63,15.5,1.98,5.76,23.25198332,86.75077264
20110105,0.0,48.33,22.47,7.2,15.27,2.24,4.88,23.25198332,86.75077264
20110106,0.0,53.43,22.23,6.17,16.05,2.55,5.08,23.25198332,86.75077264
20110107,0.0,48.79,23.24,6.16,17.09,3.76,5.34,23.25198332,86.75077264
20110108,0.0,46.81,22.47,6.08,16.39,2.73,5.34,23.25198332,86.75077264
20110109,0.0,45.07,25.65,7.43,18.22,2.55,5.23,23.25198332,86.75077264
20110110,0.0,41.21,24.67,7.07,17.59,2.34,4.6,23.25198332,86.75077264
20110111,0.0,45.43,23.07,5.49,17.58,2.12,3.7,23.25198332,86.75077264
20110112,0.0,40.92,23.4,5.81,17.6,2.4,3.57,23.25198332,86.75077264
20110113,0.0,44.16,23.72,6.67,17.04,2.93,5.08,23.25198332,86.75077264
20110114,0.0,44.05,27.29,10.09,17.2,2.13,4.06,23.25198332,86.75077264
20110115,0.0,53.02,29.13,10.94,18.19,4.25,7.84,23.25198332,86.75077264
20110116,0.14,52.71,27.65,11.91,15.74,3.02,5.13,23.25198332,86.75077264
20110117,0.0,33.39,22.86,5.63,17.23,4.59,8.44,23.25198332,86.75077264
20110118,0.0,36.83,24.75,7.87,16.87,1.55,3.55,23.25198332,86.75077264
20110119,0.0,40.47,26.52,8.09,18.43,1.95,5.03,23.25198332,86.75077264
20110120,0.0,45.44,24.26,7.16,17.11,1.38,4.88,23.25198332,86.75077264
20110121,0.0,44.48,23.61,7.32,16.29,1.75,4.8,23.25198332,86.75077264
20110122,0.0,43.69,24.96,8.36,16.6,3.24,3.58,23.25198332,86.75077264
20110123,0.0,44.95,27.37,10.26,17.11,1.82,1.9,23.25198332,86.75077264
20110124,0.0,46.33,27.93,11.11,16.82,1.24,2.23,23.25198332,86.75077264
20110125,0.0,47.52,28.51,12.51,16.0,1.77,2.57,23.25198332,86.75077264
20110126,0.02,51.73,28.74,13.23,15.52,1.47,2.03,23.25198332,86.75077264
20110127,0.0,51.99,28.79,14.2,14.58,2.78,4.19,23.25198332,86.75077264
20110128,0.0,45.68,27.66,11.86,15.8,1.84,3.93,23.25198332,86.75077264
20110129,0.55,51.03,27.57,12.41,15.16,2.7,5.55,23.25198332,86.75077264
20110130,5.5,68.92,27.55,14.07,13.48,2.43,5.06,23.25198332,86.75077264
20110131,0.03,59.14,28.7,14.89,13.81,2.98,5.88,23.25198332,86.75077264
20110201,0.0,43.76,27.94,12.14,15.8,2.45,4.02,23.25198332,86.75077264
20110202,0.0,42.6,27.24,10.23,17.01,1.64,3.72,23.25198332,86.75077264
20110203,0.0,41.31,27.87,10.87,17.01,2.03,4.1,23.25198332,86.75077264
20110204,0.0,43.07,28.12,11.01,17.11,1.52,3.78,23.25198332,86.75077264
20110205,0.0,42.53,28.18,13.48,14.7,1.41,2.69,23.25198332,86.75077264
20110206,0.0,42.38,29.38,12.62,16.76,2.85,4.05,23.25198332,86.75077264
20110207,0.0,38.47,31.47,13.46,18.01,2.62,2.79,23.25198332,86.75077264
20110208,0.0,36.36,32.36,13.21,19.15,2.28,3.13,23.25198332,86.75077264
20110209,0.0,40.32,31.47,14.32,17.15,2.13,3.81,23.25198332,86.75077264
20110210,0.0,35.04,31.0,12.23,18.77,2.18,4.07,23.25198332,86.75077264
20110211,0.0,38.44,30.66,12.5,18.16,2.77,3.31,23.25198332,86.75077264
20110212,0.0,34.05,30.82,12.31,18.51,2.03,3.02,23.25198332,86.75077264
20110213,0.0,36.31,31.75,12.71,19.04,2.87,4.1,23.25198332,86.75077264
20110214,0.0,39.11,32.72,14.38,18.34,1.43,2.8,23.25198332,86.75077264
20110215,0.0,40.2,34.57,17.07,17.51,3.46,6.25,23.25198332,86.75077264
20110216,0.18,37.51,34.43,16.87,17.56,2.86,3.66,23.25198332,86.75077264
20110217,0.3,52.36,30.15,14.77,15.37,2.65,5.02,23.25198332,86.75077264
20110218,0.01,51.8,28.97,17.13,11.84,2.72,4.72,23.25198332,86.75077264
20110219,3.47,63.7,28.1,18.27,9.83,1.69,3.51,23.25198332,86.75077264
20110220,0.15,51.78,29.96,17.17,12.79,3.32,5.64,23.25198332,86.75077264
20110221,0.26,60.58,21.69,16.02,5.67,5.0,6.02,23.25198332,86.75077264
20110222,0.0,45.18,29.54,12.9,16.64,2.38,4.03,23.25198332,86.75077264
20110223,0.0,35.26,30.64,12.89,17.75,2.0,3.64,23.25198332,86.75077264
20110224,0.0,33.23,30.96,13.89,17.06,2.25,4.26,23.25198332,86.75077264
20110225,0.01,32.01,31.64,13.4,18.24,2.32,4.54,23.25198332,86.75077264
20110226,0.0,39.79,31.65,14.28,17.37,2.85,5.24,23.25198332,86.75077264
20110227,0.0,39.29,32.14,17.1,15.04,2.04,4.78,23.25198332,86.75077264
20110228,0.0,32.86,31.59,14.75,16.84,1.87,3.32,23.25198332,86.75077264
20110301,0.0,25.08,32.77,13.5,19.27,2.55,4.92,23.25198332,86.75077264
20110302,0.0,23.75,33.87,13.73,20.13,1.66,3.07,23.25198332,86.75077264
20110303,0.0,32.71,34.75,16.74,18.01,1.81,2.46,23.25198332,86.75077264
20110304,0.01,32.72,35.36,18.1,17.26,1.9,2.96,23.25198332,86.75077264
20110305,0.0,34.81,36.92,19.13,17.79,2.75,4.45,23.25198332,86.75077264
20110306,0.0,29.43,37.23,19.58,17.64,4.39,5.55,23.25198332,86.75077264
20110307,0.0,21.51,37.15,17.07,20.07,4.34,5.1,23.25198332,86.75077264
20110308,0.0,21.02,37.19,17.67,19.52,3.56,3.76,23.25198332,86.75077264
20110309,0.17,26.54,37.52,18.84,18.67,3.77,6.23,23.25198332,86.75077264
20110310,4.37,42.61,37.52,20.58,16.94,2.23,4.18,23.25198332,86.75077264
20110311,6.67,52.28,36.49,21.55,14.94,2.76,3.59,23.25198332,86.75077264
20110312,0.11,43.94,34.34,20.62,13.72,3.83,3.96,23.25198332,86.75077264
20110313,0.0,39.05,33.56,17.61,15.94,2.43,4.94,23.25198332,86.75077264
20110314,0.0,33.37,34.6,18.91,15.68,1.99,2.54,23.25198332,86.75077264
20110315,0.13,32.47,34.13,18.0,16.14,2.28,3.17,23.25198332,86.75077264
20110316,0.01,27.19,35.5,17.97,17.53,2.79,4.35,23.25198332,86.75077264
20110317,0.0,33.17,35.84,18.66,17.18,4.82,7.3,23.25198332,86.75077264
20110318,0.0,37.63,38.13,19.17,18.95,4.67,4.07,23.25198332,86.75077264
20110319,0.0,24.12,40.58,19.68,20.91,3.09,2.54,23.25198332,86.75077264
20110320,0.0,21.0,41.08,20.8,20.29,2.77,2.26,23.25198332,86.75077264
20110321,0.0,19.61,39.75,20.15,19.61,4.03,6.17,23.25198332,86.75077264
20110322,0.0,20.19,39.03,19.21,19.81,3.02,4.47,23.25198332,86.75077264
20110323,0.0,18.72,39.0,19.92,19.08,2.41,2.88,23.25198332,86.75077264
20110324,0.91,33.61,38.77,21.12,17.65,2.4,3.3,23.25198332,86.75077264
20110325,0.38,37.32,38.42,22.22,16.2,3.01,5.07,23.25198332,86.75077264
20110326,1.12,35.52,38.29,22.41,15.89,3.4,5.71,23.25198332,86.75077264
20110327,0.23,29.41,37.51,22.22,15.29,2.38,3.84,23.25198332,86.75077264
20110328,0.51,41.21,37.78,21.35,16.43,5.11,7.89,23.25198332,86.75077264
20110329,0.11,47.52,37.28,22.15,15.13,3.26,5.44,23.25198332,86.75077264
20110330,4.34,52.41,37.49,22.8,14.69,4.69,5.91,23.25198332,86.75077264
20110331,0.63,47.14,36.99,22.93,14.06,4.28,4.35,23.25198332,86.75077264
20110401,0.0,35.49,37.48,20.74,16.75,1.51,2.77,23.25198332,86.75077264
20110402,0.0,44.16,37.76,21.77,15.99,3.45,5.91,23.25198332,86.75077264
20110403,0.4,49.23,38.3,22.65,15.65,4.88,6.75,23.25198332,86.75077264
20110404,3.34,50.78,38.37,23.8,14.56,3.46,5.21,23.25198332,86.75077264
20110405,4.31,59.75,33.38,23.61,9.77,1.43,2.64,23.25198332,86.75077264
20110406,0.0,36.33,37.72,22.11,15.61,1.95,2.09,23.25198332,86.75077264
20110407,0.0,18.1,37.98,18.94,19.04,2.83,3.71,23.25198332,86.75077264
20110408,0.0,25.04,39.82,19.8,20.02,2.82,3.39,23.25198332,86.75077264
20110409,0.0,26.4,39.16,21.86,17.3,2.07,4.84,23.25198332,86.75077264
20110410,0.0,35.66,38.19,22.72,15.47,2.23,2.75,23.25198332,86.75077264
20110411,0.19,31.71,39.75,23.47,16.28,2.83,3.37,23.25198332,86.75077264
20110412,6.63,34.55,39.0,22.99,16.01,2.39,3.36,23.25198332,86.75077264
20110413,0.02,36.41,39.97,23.64,16.34,3.97,5.5,23.25198332,86.75077264
20110414,6.85,43.08,37.52,24.62,12.91,3.17,4.06,23.25198332,86.75077264
20110415,0.0,41.12,37.08,24.47,12.6,2.79,4.96,23.25198332,86.75077264
20110416,0.01,39.11,39.0,24.66,14.33,3.97,6.54,23.25198332,86.75077264
20110417,0.03,36.43,41.61,24.87,16.75,2.82,5.15,23.25198332,86.75077264
20110418,8.43,50.3,37.97,26.07,11.9,3.16,6.28,23.25198332,86.75077264
20110419,5.29,60.19,35.95,25.99,9.95,2.66,4.26,23.25198332,86.75077264
20110420,0.02,49.57,37.13,25.0,12.13,4.89,5.61,23.25198332,86.75077264
20110421,6.36,45.02,38.42,26.12,12.3,4.87,7.99,23.25198332,86.75077264
20110422,2.27,59.9,34.67,22.45,12.22,3.6,5.67,23.25198332,86.75077264
20110423,0.0,40.6,37.84,20.08,17.75,4.83,7.26,23.25198332,86.75077264
20110424,0.09,41.95,39.5,22.8,16.7,6.63,9.38,23.25198332,86.75077264
20110425,32.14,59.6,36.16,24.22,11.94,3.24,3.86,23.25198332,86.75077264
20110426,2.02,61.41,34.09,23.24,10.84,3.9,5.89,23.25198332,86.75077264
20110427,0.18,61.66,32.86,22.56,10.3,2.83,3.55,23.25198332,86.75077264
20110428,0.19,50.57,36.04,23.03,13.01,3.13,6.41,23.25198332,86.75077264
20110429,4.91,54.47,35.94,22.99,12.94,2.53,5.27,23.25198332,86.75077264
20110430,2.17,54.87,37.12,23.66,13.47,3.71,6.17,23.25198332,86.75077264
20110501,0.87,54.05,39.67,23.76,15.92,6.72,8.94,23.25198332,86.75077264
20110502,0.48,50.27,40.85,25.13,15.72,5.43,7.59,23.25198332,86.75077264
20110503,7.71,52.27,40.59,25.45,15.13,5.9,8.74,23.25198332,86.75077264
20110504,23.97,63.88,37.14,24.84,12.3,4.47,7.61,23.25198332,86.75077264
20110505,6.31,70.67,33.76,24.26,9.5,2.05,3.11,23.25198332,86.75077264
20110506,6.18,64.69,34.99,24.73,10.26,2.36,4.64,23.25198332,86.75077264
20110507,20.75,66.47,35.78,24.74,11.05,3.17,5.82,23.25198332,86.75077264
20110508,3.99,60.36,36.67,24.98,11.69,2.49,6.06,23.25198332,86.75077264
20110509,0.14,49.16,38.71,23.66,15.05,3.6,6.38,23.25198332,86.75077264
20110510,0.07,45.07,41.34,23.9,17.44,3.88,7.77,23.25198332,86.75077264
20110511,1.08,49.77,41.14,25.28,15.86,2.84,6.32,23.25198332,86.75077264
20110512,1.55,50.78,40.76,25.83,14.93,4.95,7.65,23.25198332,86.75077264
20110513,0.34,50.92,41.22,26.24,14.98,5.98,8.32,23.25198332,86.75077264
20110514,0.92,53.39,40.11,26.87,13.24,4.54,6.72,23.25198332,86.75077264
20110515,0.42,50.15,41.41,25.77,15.64,5.53,7.78,23.25198332,86.75077264
20110516,0.41,59.2,38.47,26.98,11.49,4.06,4.07,23.25198332,86.75077264
20110517,1.48,59.27,37.86,27.13,10.74,4.8,7.43,23.25198332,86.75077264
20110518,24.29,66.79,36.01,26.51,9.5,3.23,4.94,23.25198332,86.75077264
20110519,13.96,75.06,35.57,25.43,10.14,2.54,3.06,23.25198332,86.75077264
20110520,1.35,65.35,37.2,25.86,11.33,2.97,4.41,23.25198332,86.75077264
20110521,13.42,63.47,38.4,26.28,12.12,4.09,6.36,23.25198332,86.75077264
20110522,11.31,68.28,36.48,26.29,10.2,2.67,5.52,23.25198332,86.75077264
20110523,0.08,57.57,39.68,26.4,13.27,3.01,4.48,23.25198332,86.75077264
20110524,0.08,53.85,40.19,25.77,14.42,3.04,5.64,23.25198332,86.75077264
20110525,1.77,60.96,38.41,26.35,12.06,3.19,6.39,23.25198332,86.75077264
20110526,11.84,73.53,33.9,26.76,7.14,2.18,1.71,23.25198332,86.75077264
20110527,3.66,72.31,34.34,26.28,8.06,2.9,3.34,23.25198332,86.75077264
20110528,1.18,62.92,36.32,25.25,11.06,3.14,5.75,23.25198332,86.75077264
20110529,0.19,60.67,37.02,25.63,11.39,3.14,6.06,23.25198332,86.75077264
20110530,0.85,58.63,37.89,26.49,11.4,3.93,6.45,23.25198332,86.75077264
20110531,8.18,63.34,37.16,27.3,9.86,3.76,6.41,23.25198332,86.75077264
20110601,4.4,66.0,36.4,26.58,9.82,3.49,5.01,23.25198332,86.75077264
20110602,2.05,57.29,39.16,25.53,13.63,5.52,8.03,23.25198332,86.75077264
20110603,0.46,60.52,37.22,26.71,10.51,2.27,4.75,23.25198332,86.75077264
20110604,0.01,56.75,38.13,26.84,11.3,3.19,5.12,23.25198332,86.75077264
20110605,0.01,58.93,37.43,27.71,9.72,1.7,2.96,23.25198332,86.75077264
20110606,0.31,59.99,37.77,26.75,11.02,5.28,7.22,23.25198332,86.75077264
20110607,0.37,65.06,34.51,27.52,6.99,3.87,5.07,23.25198332,86.75077264
20110608,3.08,59.17,36.04,26.36,9.68,3.47,5.88,23.25198332,86.75077264
20110609,2.11,56.79,38.71,26.58,12.13,4.05,6.46,23.25198332,86.75077264
20110610,0.0,47.22,41.15,27.37,13.78,5.97,7.14,23.25198332,86.75077264
20110611,2.7,50.06,41.15,28.04,13.11,3.07,5.01,23.25198332,86.75077264
20110612,2.5,59.64,38.23,27.27,10.96,5.23,6.93,23.25198332,86.75077264
20110613,0.49,66.46,34.47,27.14,7.33,3.29,4.21,23.25198332,86.75077264
20110614,2.12,63.3,36.05,27.25,8.81,3.72,4.0,23.25198332,86.75077264
20110615,15.12,73.6,33.72,26.49,7.23,3.31,3.1,23.25198332,86.75077264
20110616,6.36,72.44,33.12,25.92,7.21,4.95,4.84,23.25198332,86.75077264
20110617,65.96,84.92,29.26,26.05,3.21,6.04,5.83,23.25198332,86.75077264
20110618,171.33,92.62,28.76,25.24,3.53,6.18,8.35,23.25198332,86.75077264
20110619,42.53,87.56,30.44,26.02,4.41,5.56,6.42,23.25198332,86.75077264
20110620,10.67,86.16,31.35,25.74,5.61,5.74,6.43,23.25198332,86.75077264
20110621,3.03,83.61,32.11,25.67,6.43,1.88,2.31,23.25198332,86.75077264
20110622,1.51,82.11,33.0,25.69,7.31,2.24,2.48,23.25198332,86.75077264
20110623,2.71,81.26,33.05,26.15,6.91,1.75,1.32,23.25198332,86.75077264
20110624,16.93,81.62,32.48,26.62,5.86,3.0,5.53,23.25198332,86.75077264
20110625,13.11,83.86,30.94,26.16,4.77,1.46,3.61,23.25198332,86.75077264
20110626,21.94,84.78,31.97,25.68,6.29,4.79,5.73,23.25198332,86.75077264
20110627,27.0,88.72,30.93,25.76,5.17,3.85,5.0,23.25198332,86.75077264
20110628,22.03,87.22,30.26,25.51,4.75,2.12,4.36,23.25198332,86.75077264
20110629,10.03,87.23,30.08,25.68,4.41,2.42,4.5,23.25198332,86.75077264
20110630,7.77,84.37,31.8,25.75,6.05,5.09,4.65,23.25198332,86.75077264
20110701,4.9,80.28,32.49,25.56,6.93,2.85,3.29,23.25198332,86.75077264
20110702,2.69,79.6,33.05,25.34,7.71,2.55,4.31,23.25198332,86.75077264
20110703,5.88,81.74,31.6,25.16,6.44,4.69,7.09,23.25198332,86.75077264
20110704,5.32,86.18,30.05,25.35,4.7,3.07,5.37,23.25198332,86.75077264
20110705,6.27,83.3,31.5,24.16,7.33,4.06,3.48,23.25198332,86.75077264
20110706,9.64,83.6,30.77,24.35,6.42,2.61,1.67,23.25198332,86.75077264
20110707,3.79,84.7,30.88,24.03,6.85,3.33,2.62,23.25198332,86.75077264
20110708,1.29,82.49,31.93,24.77,7.16,2.34,1.97,23.25198332,86.75077264
20110709,0.35,80.23,32.9,24.05,8.85,1.42,3.56,23.25198332,86.75077264
20110710,2.33,80.5,33.33,25.35,7.98,1.62,4.44,23.25198332,86.75077264
20110711,15.4,83.25,31.71,25.09,6.62,2.81,4.66,23.25198332,86.75077264
20110712,8.71,86.78,30.71,25.87,4.84,4.08,4.4,23.25198332,86.75077264
20110713,4.79,84.83,32.01,24.93,7.09,3.94,3.57,23.25198332,86.75077264
20110714,5.94,87.23,31.57,25.58,5.99,1.87,2.59,23.25198332,86.75077264
20110715,2.6,86.65,31.01,25.37,5.64,3.71,3.23,23.25198332,86.75077264
20110716,5.38,86.03,30.85,25.64,5.22,2.07,1.62,23.25198332,86.75077264
20110717,3.93,83.2,31.82,25.23,6.59,4.29,4.6,23.25198332,86.75077264
20110718,1.83,87.0,30.37,25.66,4.71,2.39,2.86,23.25198332,86.75077264
20110719,3.46,88.94,30.3,25.78,4.51,3.24,2.58,23.25198332,86.75077264
20110720,19.2,88.57,30.43,25.4,5.03,2.83,3.87,23.25198332,86.75077264
20110721,36.7,88.08,31.17,25.41,5.76,2.87,3.32,23.25198332,86.75077264
20110722,35.34,86.54,31.44,24.95,6.49,4.8,5.13,23.25198332,86.75077264
20110723,0.43,85.46,29.71,23.76,5.95,2.39,1.25,23.25198332,86.75077264
20110724,0.98,84.21,30.84,24.04,6.8,2.21,4.18,23.25198332,86.75077264
20110725,0.07,85.15,31.17,24.13,7.04,2.96,3.34,23.25198332,86.75077264
20110726,0.01,83.79,31.03,24.09,6.94,2.07,3.66,23.25198332,86.75077264
20110727,1.41,82.64,32.08,24.41,7.67,1.28,2.94,23.25198332,86.75077264
20110728,1.34,87.06,30.85,25.19,5.66,1.54,3.59,23.25198332,86.75077264
20110729,0.41,82.64,32.42,24.96,7.46,1.87,2.88,23.25198332,86.75077264
20110730,0.03,82.02,32.41,25.33,7.08,3.09,5.27,23.25198332,86.75077264
20110731,6.31,78.38,33.77,25.51,8.26,1.9,4.15,23.25198332,86.75077264
20110801,3.95,77.16,34.13,25.98,8.15,1.68,3.89,23.25198332,86.75077264
20110802,6.4,80.37,33.38,27.39,5.98,1.42,3.01,23.25198332,86.75077264
20110803,2.97,86.39,31.85,26.78,5.07,4.56,5.16,23.25198332,86.75077264
20110804,2.59,88.51,30.58,26.23,4.35,1.9,2.11,23.25198332,86.75077264
20110805,9.86,88.35,31.31,26.34,4.97,2.76,3.07,23.25198332,86.75077264
20110806,11.9,89.19,31.41,25.9,5.51,2.64,2.04,23.25198332,86.75077264
20110807,42.81,87.19,30.59,25.92,4.67,2.05,3.03,23.25198332,86.75077264
20110808,58.65,90.22,29.1,25.69,3.42,2.48,4.73,23.25198332,86.75077264
20110809,21.66,91.19,29.9,25.49,4.41,1.97,1.88,23.25198332,86.75077264
20110810,25.18,92.9,28.97,25.46,3.51,1.82,1.67,23.25198332,86.75077264
20110811,16.02,88.69,30.42,24.93,5.49,4.21,5.18,23.25198332,86.75077264
20110812,24.76,89.92,30.28,24.95,5.33,5.11,5.8,23.25198332,86.75077264
20110813,15.77,90.46,30.36,25.15,5.2,3.66,3.74,23.25198332,86.75077264
20110814,10.26,91.38,29.01,25.22,3.79,2.5,3.34,23.25198332,86.75077264
20110815,7.67,91.38,29.3,24.75,4.55,2.48,1.38,23.25198332,86.75077264
20110816,29.63,93.09,28.59,25.26,3.33,2.3,2.16,23.25198332,86.75077264
20110817,17.62,90.22,28.87,24.63,4.24,1.5,3.54,23.25198332,86.75077264
20110818,27.22,90.61,28.06,23.94,4.13,1.93,3.24,23.25198332,86.75077264
20110819,17.61,91.24,27.17,23.41,3.76,2.05,3.06,23.25198332,86.75077264
20110820,1.82,86.84,30.78,23.64,7.14,1.79,2.71,23.25198332,86.75077264
20110821,0.27,86.87,31.08,23.49,7.6,1.85,4.55,23.25198332,86.75077264
20110822,1.72,90.37,29.4,24.22,5.18,1.61,3.12,23.25198332,86.75077264
20110823,8.39,88.77,30.31,24.17,6.14,2.11,3.79,23.25198332,86.75077264
20110824,5.24,91.4,30.05,24.67,5.38,2.59,2.77,23.25198332,86.75077264
20110825,4.39,93.7,28.47,24.77,3.7,2.4,1.51,23.25198332,86.75077264
20110826,7.26,92.85,28.87,24.93,3.93,3.87,2.99,23.25198332,86.75077264
20110827,6.02,93.5,27.88,25.03,2.86,3.21,2.14,23.25198332,86.75077264
20110828,3.99,91.69,29.41,24.51,4.9,3.71,2.47,23.25198332,86.75077264
20110829,1.05,90.68,30.39,24.41,5.98,4.64,3.71,23.25198332,86.75077264
20110830,2.89,92.1,29.61,25.0,4.61,3.46,2.2,23.25198332,86.75077264
20110831,4.67,93.06,29.11,25.27,3.84,3.3,2.35,23.25198332,86.75077264
20110901,6.18,94.06,28.28,24.82,3.46,6.09,6.3,23.25198332,86.75077264
20110902,12.37,92.41,28.38,24.64,3.74,2.56,2.18,23.25198332,86.75077264
20110903,7.83,92.06,28.66,24.58,4.08,3.33,4.44,23.25198332,86.75077264
20110904,11.35,89.38,30.55,23.81,6.75,2.79,3.99,23.25198332,86.75077264
20110905,8.45,89.7,30.97,23.99,6.98,2.45,1.43,23.25198332,86.75077264
20110906,14.25,92.48,29.41,25.2,4.21,3.2,2.49,23.25198332,86.75077264
20110907,12.77,91.43,30.09,24.79,5.3,2.88,2.13,23.25198332,86.75077264
20110908,35.6,95.6,28.4,24.88,3.53,3.94,4.46,23.25198332,86.75077264
20110909,63.15,95.83,27.93,24.51,3.43,6.11,7.18,23.25198332,86.75077264
20110910,15.01,91.49,29.29,24.73,4.56,5.27,5.24,23.25198332,86.75077264
20110911,1.01,89.22,30.2,24.21,5.99,1.77,1.73,23.25198332,86.75077264
20110912,0.13,84.96,31.53,24.31,7.23,2.46,3.28,23.25198332,86.75077264
20110913,27.25,80.03,31.77,25.84,5.93,1.17,1.46,23.25198332,86.75077264
20110914,20.13,86.5,29.91,25.04,4.87,2.95,3.32,23.25198332,86.75077264
20110915,22.11,90.07,30.19,24.15,6.04,4.14,4.86,23.25198332,86.75077264
20110916,17.9,92.12,29.28,24.86,4.42,4.1,4.75,23.25198332,86.75077264
20110917,10.79,92.71,29.08,24.69,4.4,2.88,2.86,23.25198332,86.75077264
20110918,19.15,89.16,29.15,24.7,4.45,2.08,2.39,23.25198332,86.75077264
20110919,7.02,87.93,30.29,24.86,5.43,1.43,2.78,23.25198332,86.75077264
20110920,3.08,90.79,30.0,24.45,5.56,2.57,3.07,23.25198332,86.75077264
20110921,20.51,93.54,28.18,24.95,3.23,3.09,3.16,23.25198332,86.75077264
20110922,30.68,93.1,28.69,24.78,3.91,1.0,2.44,23.25198332,86.75077264
20110923,13.7,93.47,29.25,24.64,4.61,3.57,5.29,23.25198332,86.75077264
20110924,7.81,94.3,28.44,24.74,3.7,4.19,3.79,23.25198332,86.75077264
20110925,2.91,91.18,30.22,24.85,5.37,2.01,1.87,23.25198332,86.75077264
20110926,2.92,90.11,29.23,24.46,4.78,2.23,2.9,23.25198332,86.75077264
20110927,0.61,89.97,29.81,23.28,6.54,3.54,2.09,23.25198332,86.75077264
20110928,0.0,85.69,30.17,22.54,7.63,2.08,2.31,23.25198332,86.75077264
20110929,0.09,84.99,30.34,22.2,8.15,1.6,2.45,23.25198332,86.75077264
20110930,0.0,85.98,30.76,22.71,8.05,1.32,3.02,23.25198332,86.75077264
20111001,0.0,84.11,30.57,22.23,8.34,1.88,2.24,23.25198332,86.75077264
20111002,0.0,82.9,30.59,21.4,9.19,1.93,3.29,23.25198332,86.75077264
20111003,0.0,83.22,30.45,21.96,8.49,2.41,3.73,23.25198332,86.75077264
20111004,0.06,82.22,30.22,22.2,8.02,2.61,4.98,23.25198332,86.75077264
20111005,2.1,81.53,30.58,22.04,8.54,1.73,2.67,23.25198332,86.75077264
20111006,4.31,86.07,30.78,23.19,7.59,2.02,1.43,23.25198332,86.75077264
20111007,15.34,85.69,30.52,23.54,6.98,0.94,1.21,23.25198332,86.75077264
20111008,4.08,80.72,30.55,23.65,6.91,1.66,2.07,23.25198332,86.75077264
20111009,0.39,80.68,30.09,23.28,6.8,2.07,3.38,23.25198332,86.75077264
20111010,0.16,79.57,30.69,23.62,7.07,1.35,2.45,23.25198332,86.75077264
20111011,0.08,82.29,30.7,23.98,6.71,1.76,2.89,23.25198332,86.75077264
20111012,0.89,80.57,30.57,21.85,8.72,1.25,3.25,23.25198332,86.75077264
20111013,0.81,79.73,31.25,21.97,9.29,1.8,3.03,23.25198332,86.75077264
20111014,0.0,82.32,30.07,22.95,7.13,0.8,2.14,23.25198332,86.75077264
20111015,0.0,76.09,30.16,20.9,9.26,2.81,4.45,23.25198332,86.75077264
20111016,0.0,74.07,30.73,21.1,9.63,2.39,3.65,23.25198332,86.75077264
20111017,0.61,75.68,30.13,21.07,9.05,2.1,3.55,23.25198332,86.75077264
20111018,2.76,83.14,29.77,21.56,8.21,2.73,3.98,23.25198332,86.75077264
20111019,2.69,84.07,29.6,22.46,7.14,2.55,5.87,23.25198332,86.75077264
20111020,5.97,82.24,30.01,21.72,8.29,1.99,4.67,23.25198332,86.75077264
20111021,4.64,81.75,29.37,22.82,6.55,1.69,3.66,23.25198332,86.75077264
20111022,2.91,81.52,28.73,21.56,7.16,1.18,2.24,23.25198332,86.75077264
20111023,0.67,77.41,28.84,19.46,9.38,2.09,3.45,23.25198332,86.75077264
20111024,0.0,72.83,28.66,19.08,9.57,1.76,2.96,23.25198332,86.75077264
20111025,0.0,70.59,29.13,19.3,9.84,1.55,2.45,23.25198332,86.75077264
20111026,0.0,71.61,29.36,18.66,10.7,1.62,3.37,23.25198332,86.75077264
20111027,0.0,73.03,29.25,17.63,11.62,1.62,4.09,23.25198332,86.75077264
20111028,0.0,77.75,28.46,17.81,10.66,1.1,2.34,23.25198332,86.75077264
20111029,0.0,66.8,27.71,16.97,10.75,1.52,2.78,23.25198332,86.75077264
20111030,0.0,66.18,27.79,16.8,10.98,1.41,2.21,23.25198332,86.75077264
20111031,0.0,69.29,27.91,18.14,9.77,1.34,2.48,23.25198332,86.75077264
20111101,0.0,71.15,27.49,17.11,10.38,1.18,1.98,23.25198332,86.75077264
20111102,0.0,67.94,27.53,15.5,12.03,2.98,5.35,23.25198332,86.75077264
20111103,0.0,69.6,27.8,16.34,11.45,2.15,3.2,23.25198332,86.75077264
20111104,0.0,76.71,26.95,17.01,9.94,1.48,3.68,23.25198332,86.75077264
20111105,0.0,79.56,27.21,16.25,10.96,1.59,4.52,23.25198332,86.75077264
20111106,0.0,79.11,27.35,16.45,10.9,1.97,3.45,23.25198332,86.75077264
20111107,0.0,82.37,26.88,16.46,10.41,1.06,3.0,23.25198332,86.75077264
20111108,0.0,80.81,26.95,15.51,11.44,1.22,3.49,23.25198332,86.75077264
20111109,0.0,74.5,27.56,15.29,12.28,2.36,4.56,23.25198332,86.75077264
20111110,0.0,76.2,26.97,15.39,11.58,1.89,3.46,23.25198332,86.75077264
20111111,0.0,78.83,27.37,16.2,11.17,1.53,2.6,23.25198332,86.75077264
20111112,0.0,76.74,27.46,16.97,10.49,1.55,2.95,23.25198332,86.75077264
20111113,0.0,78.23,28.04,18.47,9.58,1.67,2.87,23.25198332,86.75077264
20111114,2.61,75.9,27.19,18.32,8.87,1.46,2.38,23.25198332,86.75077264
20111115,1.34,75.64,26.79,17.49,9.3,1.63,2.59,23.25198332,86.75077264
20111116,0.13,76.34,26.54,16.01,10.54,2.24,3.1,23.25198332,86.75077264
20111117,0.0,70.58,26.84,14.87,11.96,1.93,3.31,23.25198332,86.75077264
20111118,0.0,72.32,26.54,14.59,11.95,1.64,2.54,23.25198332,86.75077264
20111119,0.0,79.21,25.67,14.42,11.25,1.63,3.31,23.25198332,86.75077264
20111120,0.0,84.04,26.02,15.05,10.97,1.01,1.72,23.25198332,86.75077264
20111121,0.0,81.43,26.06,15.71,10.35,1.48,3.18,23.25198332,86.75077264
20111122,0.0,78.78,26.02,16.47,9.55,1.67,2.43,23.25198332,86.75077264
20111123,0.0,76.02,26.05,15.67,10.38,2.14,3.42,23.25198332,86.75077264
20111124,0.0,74.56,26.68,15.77,10.91,1.41,2.84,23.25198332,86.75077264
20111125,0.0,77.09,26.29,15.04,11.25,0.93,2.04,23.25198332,86.75077264
20111126,0.0,77.56,26.2,14.5,11.7,1.31,2.91,23.25198332,86.75077264
20111127,0.0,76.45,25.4,13.97,11.43,1.3,3.36,23.25198332,86.75077264
20111128,0.0,75.93,24.72,12.56,12.15,1.22,2.45,23.25198332,86.75077264
20111129,0.0,72.91,24.71,13.2,11.51,2.21,4.13,23.25198332,86.75077264
20111130,0.0,75.03,24.4,12.54,11.86,1.87,3.7,23.25198332,86.75077264
20111201,0.0,73.8,24.47,12.85,11.63,1.91,3.65,23.25198332,86.75077264
20111202,0.0,74.28,25.29,13.45,11.84,2.56,4.25,23.25198332,86.75077264
20111203,0.0,76.26,25.34,13.93,11.41,2.73,4.61,23.25198332,86.75077264
20111204,0.0,73.55,26.56,14.76,11.8,2.54,3.98,23.25198332,86.75077264
20111205,0.0,75.79,25.95,14.93,11.01,1.69,2.48,23.25198332,86.75077264
20111206,0.0,76.71,25.32,13.96,11.36,2.11,3.65,23.25198332,86.75077264
20111207,0.0,76.17,24.71,12.69,12.03,2.04,3.36,23.25198332,86.75077264
20111208,0.0,73.09,24.72,12.17,12.56,2.08,3.57,23.25198332,86.75077264
20111209,0.0,74.07,24.81,12.02,12.79,1.88,3.48,23.25198332,86.75077264
20111210,0.0,66.32,25.74,11.43,14.3,3.12,4.54,23.25198332,86.75077264
20111211,0.0,72.12,24.96,13.85,11.11,1.91,2.98,23.25198332,86.75077264
20111212,0.0,77.43,24.2,14.16,10.04,1.15,2.13,23.25198332,86.75077264
20111213,0.0,79.75,23.1,13.06,10.04,2.18,5.44,23.25198332,86.75077264
20111214,0.0,76.62,21.71,9.78,11.93,1.78,4.75,23.25198332,86.75077264
20111215,0.0,73.04,21.6,8.93,12.67,1.44,3.58,23.25198332,86.75077264
20111216,0.0,67.63,21.71,8.78,12.94,1.93,3.71,23.25198332,86.75077264
20111217,0.0,68.78,21.31,7.73,13.58,1.33,2.44,23.25198332,86.75077264
20111218,0.0,65.58,20.91,6.97,13.93,1.64,3.59,23.25198332,86.75077264
20111219,0.0,68.82,20.78,6.8,13.98,1.39,3.4,23.25198332,86.75077264
20111220,0.0,70.14,20.87,6.6,14.28,1.65,4.13,23.25198332,86.75077264
20111221,0.0,66.32,21.05,6.66,14.39,2.24,5.2,23.25198332,86.75077264
20111222,0.0,64.29,21.5,6.13,15.37,1.81,4.61,23.25198332,86.75077264
20111223,0.0,68.64,21.57,7.31,14.26,1.68,4.06,23.25198332,86.75077264
20111224,0.0,69.65,20.71,8.7,12.01,1.6,4.29,23.25198332,86.75077264
20111225,0.0,62.79,22.45,7.35,15.1,1.97,4.86,23.25198332,86.75077264
20111226,0.0,63.79,22.72,7.5,15.21,2.14,5.06,23.25198332,86.75077264
20111227,0.0,61.42,22.45,7.96,14.49,2.0,3.22,23.25198332,86.75077264
20111228,0.0,66.92,23.6,9.15,14.45,1.44,3.35,23.25198332,86.75077264
20111229,0.0,69.18,24.54,10.87,13.68,1.72,4.26,23.25198332,86.75077264
20111230,0.06,68.46,25.44,13.08,12.36,1.57,3.28,23.25198332,86.75077264
20111231,0.11,72.19,25.94,13.52,12.42,1.87,3.11,23.25198332,86.75077264
20120101,6.2,78.6,25.2,17.25,7.95,2.62,5.82,23.25198332,86.75077264
20120102,4.78,85.85,23.77,15.16,8.61,3.48,5.18,23.25198332,86.75077264
20120103,0.34,82.18,23.45,12.84,10.61,0.89,2.67,23.25198332,86.75077264
20120104,0.05,77.23,23.22,13.55,9.67,1.68,3.62,23.25198332,86.75077264
20120105,0.2,84.61,24.88,14.99,9.89,2.25,5.11,23.25198332,86.75077264
20120106,4.48,86.3,24.71,15.36,9.35,2.44,5.08,23.25198332,86.75077264
20120107,7.91,87.4,23.71,14.7,9.01,0.87,2.31,23.25198332,86.75077264
20120108,16.5,86.29,23.49,14.64,8.84,1.19,3.03,23.25198332,86.75077264
20120109,6.95,92.52,21.03,13.88,7.14,1.64,2.79,23.25198332,86.75077264
20120110,3.04,85.27,21.99,11.95,10.03,2.04,3.8,23.25198332,86.75077264
20120111,0.01,72.87,21.85,10.84,11.01,2.14,3.91,23.25198332,86.75077264
20120112,0.0,65.89,20.1,6.63,13.48,1.45,4.45,23.25198332,86.75077264
20120113,0.0,68.83,19.49,6.1,13.39,2.07,4.29,23.25198332,86.75077264
20120114,0.0,60.84,20.21,4.57,15.64,2.58,5.66,23.25198332,86.75077264
20120115,0.0,60.48,21.65,6.04,15.61,1.82,3.77,23.25198332,86.75077264
20120116,0.0,62.96,23.7,9.25,14.45,1.77,3.01,23.25198332,86.75077264
20120117,0.0,62.48,25.75,11.12,14.63,1.79,1.91,23.25198332,86.75077264
20120118,0.03,67.41,25.38,11.0,14.38,2.74,5.37,23.25198332,86.75077264
20120119,2.54,79.92,24.53,12.14,12.39,1.41,4.07,23.25198332,86.75077264
20120120,2.67,80.67,24.57,13.67,10.91,3.08,6.57,23.25198332,86.75077264
20120121,0.0,70.78,22.72,9.85,12.88,2.19,3.6,23.25198332,86.75077264
20120122,0.0,60.96,21.73,6.42,15.31,1.92,5.88,23.25198332,86.75077264
20120123,0.0,60.28,22.59,7.07,15.53,1.49,2.95,23.25198332,86.75077264
20120124,0.0,63.17,23.11,8.47,14.65,1.93,3.64,23.25198332,86.75077264
20120125,0.0,62.71,23.86,10.78,13.08,1.83,2.43,23.25198332,86.75077264
20120126,0.0,64.74,24.59,10.56,14.03,1.98,3.8,23.25198332,86.75077264
20120127,0.0,68.09,23.74,12.72,11.02,1.71,3.76,23.25198332,86.75077264
20120128,0.14,61.53,24.12,10.76,13.35,2.18,3.4,23.25198332,86.75077264
20120129,0.27,74.27,20.43,12.31,8.12,3.7,4.2,23.25198332,86.75077264
20120130,0.0,71.64,24.11,10.57,13.54,1.45,3.02,23.25198332,86.75077264
20120131,0.0,61.42,24.34,10.12,14.22,1.61,2.98,23.25198332,86.75077264
20120201,0.0,66.92,22.95,10.44,12.51,1.85,3.51,23.25198332,86.75077264
20120202,0.0,55.0,23.11,7.27,15.84,1.61,4.43,23.25198332,86.75077264
20120203,0.0,54.8,23.93,7.58,16.35,2.08,2.99,23.25198332,86.75077264
20120204,0.0,50.74,25.33,9.2,16.13,2.44,3.97,23.25198332,86.75077264
20120205,0.0,51.23,27.32,11.25,16.07,2.19,3.55,23.25198332,86.75077264
20120206,0.0,62.61,28.22,11.75,16.48,2.0,3.89,23.25198332,86.75077264
20120207,0.0,63.54,28.03,12.47,15.56,2.45,5.31,23.25198332,86.75077264
20120208,0.0,70.39,28.05,14.92,13.13,2.02,4.64,23.25198332,86.75077264
20120209,0.0,63.51,25.74,11.7,14.04,3.54,4.46,23.25198332,86.75077264
20120210,0.0,46.73,23.9,7.25,16.65,3.57,6.78,23.25198332,86.75077264
20120211,0.0,47.61,24.06,7.41,16.65,2.7,4.04,23.25198332,86.75077264
20120212,0.0,51.75,24.48,7.83,16.64,1.82,3.92,23.25198332,86.75077264
20120213,0.0,52.53,25.87,11.89,13.98,2.22,3.87,23.25198332,86.75077264
20120214,0.09,70.29,28.29,14.72,13.57,2.62,3.05,23.25198332,86.75077264
20120215,8.2,77.48,28.58,16.74,11.84,1.54,3.25,23.25198332,86.75077264
20120216,3.76,80.45,27.32,17.57,9.74,2.13,4.17,23.25198332,86.75077264
20120217,0.25,78.82,27.1,17.69,9.41,2.35,3.74,23.25198332,86.75077264
20120218,0.0,61.36,28.41,13.05,15.36,2.4,4.21,23.25198332,86.75077264
20120219,0.0,52.27,28.52,11.7,16.82,1.39,4.48,23.25198332,86.75077264
20120220,0.0,51.87,27.43,11.06,16.37,1.75,3.11,23.25198332,86.75077264
20120221,0.0,54.22,29.24,12.63,16.61,2.2,3.39,23.25198332,86.75077264
20120222,0.0,52.73,30.23,13.39,16.83,2.09,3.95,23.25198332,86.75077264
20120223,0.0,51.76,32.06,14.47,17.58,2.77,4.42,23.25198332,86.75077264
20120224,0.0,48.46,32.26,14.64,17.63,2.69,4.41,23.25198332,86.75077264
20120225,0.0,48.09,32.73,14.39,18.34,1.94,4.28,23.25198332,86.75077264
20120226,0.0,47.45,32.29,14.38,17.9,1.94,5.87,23.25198332,86.75077264
20120227,0.0,38.81,30.87,11.83,19.04,2.24,5.06,23.25198332,86.75077264
20120228,0.0,40.15,31.24,11.98,19.26,3.28,5.75,23.25198332,86.75077264
20120229,0.06,50.12,31.23,15.09,16.14,2.23,3.72,23.25198332,86.75077264
20120301,0.0,41.29,30.26,13.34,16.92,2.53,4.4,23.25198332,86.75077264
20120302,0.0,42.83,30.25,14.57,15.67,1.88,2.97,23.25198332,86.75077264
20120303,0.0,38.4,30.5,14.31,16.19,2.93,4.03,23.25198332,86.75077264
20120304,0.0,39.94,31.3,13.28,18.02,3.63,5.88,23.25198332,86.75077264
20120305,0.0,43.38,33.05,15.65,17.4,3.44,4.11,23.25198332,86.75077264
20120306,0.0,42.33,34.92,16.54,18.38,2.81,3.77,23.25198332,86.75077264
20120307,0.0,38.82,34.82,16.29,18.53,1.96,4.2,23.25198332,86.75077264
20120308,0.0,39.74,32.28,14.89,17.39,4.26,7.98,23.25198332,86.75077264
20120309,0.04,47.29,32.67,16.24,16.43,1.7,3.44,23.25198332,86.75077264
20120310,0.01,38.93,31.76,15.03,16.73,3.27,5.47,23.25198332,86.75077264
20120311,0.0,33.26,31.69,14.13,17.56,3.17,5.57,23.25198332,86.75077264
20120312,0.1,37.13,33.04,15.67,17.37,2.56,5.02,23.25198332,86.75077264
20120313,6.42,48.39,32.61,17.97,14.64,2.82,5.76,23.25198332,86.75077264
20120314,0.26,49.87,31.55,16.75,14.8,3.58,5.92,23.25198332,86.75077264
20120315,0.0,41.93,31.21,14.36,16.85,2.35,5.54,23.25198332,86.75077264
20120316,0.0,35.82,32.7,14.48,18.22,2.09,3.48,23.25198332,86.75077264
20120317,0.0,33.58,32.96,16.72,16.23,2.77,3.26,23.25198332,86.75077264
20120318,0.0,35.94,33.67,16.74,16.93,2.56,4.36,23.25198332,86.75077264
20120319,0.0,41.11,33.75,17.72,16.03,1.51,1.89,23.25198332,86.75077264
20120320,0.0,44.55,34.79,18.38,16.41,1.7,3.66,23.25198332,86.75077264
20120321,0.0,33.82,37.0,20.65,16.35,2.84,4.9,23.25198332,86.75077264
20120322,0.0,31.63,36.86,17.69,19.16,2.39,3.04,23.25198332,86.75077264
20120323,0.0,22.33,35.51,14.39,21.12,3.13,6.32,23.25198332,86.75077264
20120324,0.0,23.81,35.61,15.4,20.21,2.18,3.93,23.25198332,86.75077264
20120325,0.0,25.73,36.41,17.4,19.0,1.35,3.17,23.25198332,86.75077264
20120326,0.0,26.67,36.48,19.84,16.65,2.0,2.79,23.25198332,86.75077264
20120327,0.0,28.9,37.27,18.91,18.36,2.19,3.1,23.25198332,86.75077264
20120328,0.0,28.47,38.76,19.44,19.33,3.35,4.6,23.25198332,86.75077264
20120329,0.0,30.85,38.49,20.31,18.18,3.91,4.98,23.25198332,86.75077264
20120330,0.0,32.47,38.1,20.21,17.89,2.38,3.27,23.25198332,86.75077264
20120331,9.48,39.16,35.99,21.83,14.16,3.41,7.28,23.25198332,86.75077264
20120401,3.51,50.0,36.55,21.62,14.93,3.35,7.14,23.25198332,86.75077264
20120402,0.0,44.71,37.64,22.01,15.63,3.46,6.82,23.25198332,86.75077264
20120403,0.0,40.32,38.84,22.91,15.93,2.8,4.77,23.25198332,86.75077264
20120404,8.07,48.3,37.15,21.49,15.67,2.54,6.0,23.25198332,86.75077264
20120405,3.59,54.31,37.3,22.23,15.07,3.82,4.83,23.25198332,86.75077264
20120406,3.51,59.27,36.47,23.22,13.25,4.53,7.09,23.25198332,86.75077264
20120407,1.26,53.61,37.26,22.05,15.21,4.78,7.24,23.25198332,86.75077264
20120408,2.45,57.54,38.4,22.66,15.74,2.97,5.04,23.25198332,86.75077264
20120409,0.84,49.6,37.51,21.62,15.89,3.18,5.12,23.25198332,86.75077264
20120410,3.95,56.64,37.29,22.58,14.71,5.51,8.73,23.25198332,86.75077264
20120411,1.39,58.95,37.32,23.22,14.1,4.25,6.74,23.25198332,86.75077264
20120412,1.09,51.33,39.31,23.27,16.04,2.77,4.78,23.25198332,86.75077264
20120413,5.98,51.93,37.67,23.46,14.21,2.66,4.24,23.25198332,86.75077264
20120414,0.26,43.93,39.52,24.07,15.45,3.11,4.57,23.25198332,86.75077264
20120415,0.03,39.6,38.68,22.62,16.06,2.98,3.73,23.25198332,86.75077264
20120416,0.01,36.96,38.7,23.61,15.1,2.96,4.37,23.25198332,86.75077264
20120417,0.0,31.38,39.66,21.65,18.01,3.68,4.07,23.25198332,86.75077264
20120418,0.04,37.61,38.98,23.02,15.96,3.41,4.93,23.25198332,86.75077264
20120419,0.06,35.42,41.14,23.38,17.76,3.13,4.77,23.25198332,86.75077264
20120420,0.0,37.1,41.12,25.56,15.56,2.47,4.83,23.25198332,86.75077264
20120421,0.0,30.19,40.19,24.4,15.78,2.88,1.99,23.25198332,86.75077264
20120422,0.33,29.05,41.18,24.99,16.19,5.65,6.28,23.25198332,86.75077264
20120423,2.21,36.31,39.68,24.62,15.05,4.94,6.64,23.25198332,86.75077264
20120424,1.47,36.43,42.12,25.4,16.72,3.69,5.67,23.25198332,86.75077264
20120425,0.62,41.0,41.12,24.64,16.48,3.42,5.62,23.25198332,86.75077264
20120426,0.08,38.91,41.78,25.9,15.88,4.64,6.96,23.25198332,86.75077264
20120427,12.67,36.81,41.86,27.16,14.7,3.08,5.13,23.25198332,86.75077264
20120428,2.24,43.14,40.2,25.23,14.98,2.65,4.45,23.25198332,86.75077264
20120429,0.0,31.76,40.63,23.71,16.92,5.14,8.22,23.25198332,86.75077264
20120430,0.05,37.03,41.6,26.22,15.38,3.45,4.75,23.25198332,86.75077264
20120501,0.78,35.41,41.54,25.05,16.49,3.58,5.61,23.25198332,86.75077264
20120502,0.87,41.69,40.23,24.04,16.18,3.16,5.63,23.25198332,86.75077264
20120503,3.31,38.74,39.77,24.67,15.1,5.74,9.36,23.25198332,86.75077264
20120504,2.7,50.27,37.77,24.22,13.54,2.92,5.44,23.25198332,86.75077264
20120505,0.25,61.01,33.05,24.6,8.45,2.07,2.43,23.25198332,86.75077264
20120506,0.0,41.09,38.81,23.5,15.31,1.56,3.33,23.25198332,86.75077264
20120507,0.0,33.85,40.62,24.51,16.11,4.83,7.37,23.25198332,86.75077264
20120508,0.0,36.99,41.31,25.5,15.8,5.04,7.24,23.25198332,86.75077264
20120509,12.14,59.77,37.14,26.4,10.74,2.53,3.33,23.25198332,86.75077264
20120510,4.58,71.24,33.84,25.73,8.1,2.85,5.97,23.25198332,86.75077264
20120511,0.0,51.79,39.69,24.58,15.12,4.56,6.53,23.25198332,86.75077264
20120512,0.0,47.52,40.6,25.83,14.77,4.31,6.1,23.25198332,86.75077264
20120513,0.0,42.42,41.26,27.17,14.08,2.9,3.73,23.25198332,86.75077264
20120514,0.0,36.11,42.58,27.5,15.08,4.24,6.78,23.25198332,86.75077264
20120515,1.17,33.99,41.92,28.05,13.87,5.0,7.57,23.25198332,86.75077264
20120516,0.37,30.42,42.68,27.23,15.45,4.67,6.89,23.25198332,86.75077264
20120517,0.03,28.95,44.35,26.29,18.06,1.87,2.55,23.25198332,86.75077264
20120518,7.17,45.27,42.03,27.71,14.32,2.14,5.04,23.25198332,86.75077264
20120519,1.34,49.48,41.23,27.36,13.86,3.65,5.27,23.25198332,86.75077264
20120520,3.63,46.14,41.72,27.03,14.69,3.98,6.61,23.25198332,86.75077264
20120521,0.11,36.37,42.02,26.6,15.41,2.81,4.86,23.25198332,86.75077264
20120522,0.0,30.96,43.01,26.74,16.27,2.4,3.33,23.25198332,86.75077264
20120523,0.0,31.17,43.47,27.19,16.28,3.98,6.39,23.25198332,86.75077264
20120524,0.0,25.18,44.51,28.89,15.63,3.04,5.4,23.25198332,86.75077264
20120525,0.0,30.18,43.8,27.91,15.89,4.24,6.41,23.25198332,86.75077264
20120526,0.24,45.79,42.44,27.75,14.69,4.29,6.43,23.25198332,86.75077264
20120527,8.53,57.56,39.21,28.38,10.84,4.66,6.71,23.25198332,86.75077264
20120528,2.49,61.77,37.43,27.67,9.75,4.2,6.46,23.25198332,86.75077264
20120529,0.12,53.5,39.76,26.39,13.36,5.05,7.19,23.25198332,86.75077264
20120530,0.0,49.6,41.46,26.57,14.89,4.59,6.24,23.25198332,86.75077264
20120531,0.0,50.65,40.34,27.48,12.87,3.98,5.32,23.25198332,86.75077264
20120601,2.24,52.44,39.34,27.86,11.48,4.8,7.47,23.25198332,86.75077264
20120602,0.07,44.3,44.4,27.38,17.01,4.59,5.76,23.25198332,86.75077264
20120603,0.4,33.79,46.48,29.23,17.24,5.01,5.8,23.25198332,86.75077264
20120604,0.47,29.24,45.27,31.15,14.12,4.06,5.89,23.25198332,86.75077264
20120605,0.49,34.61,44.3,31.93,12.36,5.44,7.62,23.25198332,86.75077264
20120606,0.4,41.17,43.66,29.61,14.05,5.09,7.0,23.25198332,86.75077264
20120607,15.48,59.56,37.34,29.9,7.44,2.79,3.14,23.25198332,86.75077264
20120608,2.55,59.94,37.35,28.29,9.06,2.36,5.29,23.25198332,86.75077264
20120609,0.47,47.17,41.84,28.59,13.26,5.53,7.29,23.25198332,86.75077264
20120610,0.08,38.62,44.19,26.97,17.22,3.59,4.65,23.25198332,86.75077264
20120611,0.22,37.14,42.93,28.81,14.12,5.0,7.53,23.25198332,86.75077264
20120612,0.24,51.39,40.09,29.11,10.98,4.22,6.05,23.25198332,86.75077264
20120613,8.6,62.1,37.1,29.21,7.88,2.57,2.95,23.25198332,86.75077264
20120614,0.55,47.78,41.91,28.85,13.06,3.99,5.2,23.25198332,86.75077264
20120615,0.0,42.53,43.81,29.76,14.05,6.31,8.71,23.25198332,86.75077264
20120616,2.24,44.77,43.47,30.62,12.85,8.66,11.34,23.25198332,86.75077264
20120617,5.81,62.21,36.52,28.8,7.72,5.98,7.81,23.25198332,86.75077264
20120618,11.47,67.25,34.95,27.9,7.06,2.83,3.9,23.25198332,86.75077264
20120619,10.54,65.89,34.95,27.14,7.81,1.04,2.84,23.25198332,86.75077264
20120620,5.93,67.56,35.38,27.21,8.17,2.08,4.21,23.25198332,86.75077264
20120621,29.95,80.6,32.38,27.52,4.86,2.44,3.93,23.25198332,86.75077264
20120622,14.89,82.9,31.67,26.8,4.87,3.44,4.6,23.25198332,86.75077264
20120623,13.51,78.74,32.6,26.32,6.27,3.09,3.13,23.25198332,86.75077264
20120624,3.67,75.42,33.81,26.06,7.75,5.05,4.27,23.25198332,86.75077264
20120625,1.34,63.35,37.6,25.48,12.11,3.61,3.84,23.25198332,86.75077264
20120626,0.02,64.91,36.57,26.66,9.91,4.93,6.37,23.25198332,86.75077264
20120627,0.0,56.08,39.12,26.83,12.3,4.61,5.89,23.25198332,86.75077264
20120628,2.29,61.22,36.91,27.93,8.98,5.12,7.13,23.25198332,86.75077264
20120629,1.92,61.75,37.75,26.13,11.62,3.73,6.61,23.25198332,86.75077264
20120630,4.02,64.34,37.48,27.31,10.17,4.16,6.64,23.25198332,86.75077264
20120701,2.07,73.05,34.11,26.83,7.28,3.42,4.1,23.25198332,86.75077264
20120702,1.23,68.19,35.48,25.78,9.7,4.44,4.15,23.25198332,86.75077264
20120703,1.69,67.64,36.14,24.94,11.2,4.56,5.08,23.25198332,86.75077264
20120704,4.19,71.34,36.0,25.88,10.12,2.89,4.9,23.25198332,86.75077264
20120705,13.68,79.67,33.67,27.15,6.52,3.56,3.06,23.25198332,86.75077264
20120706,18.87,80.81,33.07,26.15,6.91,1.3,3.47,23.25198332,86.75077264
20120707,9.67,79.03,33.48,25.8,7.68,2.7,2.97,23.25198332,86.75077264
20120708,7.46,80.23,32.85,25.58,7.26,2.95,1.53,23.25198332,86.75077264
20120709,11.58,79.99,33.03,25.5,7.52,4.67,4.72,23.25198332,86.75077264
20120710,2.72,79.18,32.01,26.08,5.92,3.06,4.34,23.25198332,86.75077264
20120711,11.41,76.76,33.65,25.67,7.98,1.89,3.69,23.25198332,86.75077264
20120712,5.74,82.64,32.21,26.63,5.58,1.41,2.56,23.25198332,86.75077264
20120713,20.13,80.46,32.51,26.51,6.0,2.75,4.09,23.25198332,86.75077264
20120714,18.68,81.64,32.96,25.68,7.28,1.35,3.0,23.25198332,86.75077264
20120715,14.68,86.54,31.0,25.97,5.03,1.71,3.09,23.25198332,86.75077264
20120716,11.48,82.65,31.68,25.52,6.16,2.79,5.03,23.25198332,86.75077264
20120717,11.08,82.16,31.56,25.53,6.03,2.59,3.88,23.25198332,86.75077264
20120718,13.98,78.12,33.59,25.47,8.12,4.27,6.46,23.25198332,86.75077264
20120719,15.75,82.74,31.97,26.09,5.88,2.66,4.68,23.25198332,86.75077264
20120720,15.2,83.64,32.46,26.08,6.38,3.44,4.31,23.25198332,86.75077264
20120721,3.35,83.99,32.52,25.79,6.73,3.75,4.23,23.25198332,86.75077264
20120722,3.46,80.52,33.06,25.01,8.05,3.0,2.96,23.25198332,86.75077264
20120723,1.86,81.2,33.11,25.44,7.68,1.64,3.18,23.25198332,86.75077264
20120724,1.48,80.8,33.07,25.32,7.74,3.08,4.83,23.25198332,86.75077264
20120725,13.0,82.97,32.48,25.87,6.61,2.85,4.6,23.25198332,86.75077264
20120726,14.53,85.46,31.33,26.02,5.32,2.95,2.53,23.25198332,86.75077264
20120727,13.39,83.88,31.61,26.1,5.51,2.91,5.51,23.25198332,86.75077264
20120728,11.45,84.96,32.1,26.03,6.07,2.7,4.78,23.25198332,86.75077264
20120729,10.96,86.02,31.71,25.32,6.39,1.88,3.76,23.25198332,86.75077264
20120730,37.72,86.02,31.26,25.08,6.18,2.85,3.0,23.25198332,86.75077264
20120731,7.64,84.52,31.29,24.52,6.77,3.11,2.95,23.25198332,86.75077264
20120801,0.87,81.84,33.21,25.43,7.79,1.8,3.5,23.25198332,86.75077264
20120802,7.95,85.62,31.35,25.27,6.08,2.64,3.47,23.25198332,86.75077264
20120803,15.64,88.86,30.88,26.2,4.68,4.97,5.01,23.25198332,86.75077264
20120804,18.59,89.66,30.23,26.0,4.23,3.81,3.04,23.25198332,86.75077264
20120805,25.47,86.35,31.63,25.6,6.03,3.52,3.01,23.25198332,86.75077264
20120806,11.58,87.04,31.47,25.59,5.89,3.12,2.87,23.25198332,86.75077264
20120807,6.83,84.6,31.87,25.5,6.37,1.72,2.79,23.25198332,86.75077264
20120808,2.33,85.56,30.37,25.44,4.93,1.74,3.48,23.25198332,86.75077264
20120809,16.13,86.69,30.56,25.39,5.17,1.89,1.56,23.25198332,86.75077264
20120810,31.3,88.12,31.23,25.41,5.82,4.19,5.97,23.25198332,86.75077264
20120811,18.79,87.56,30.61,24.8,5.81,2.44,1.59,23.25198332,86.75077264
20120812,4.78,84.0,30.61,24.77,5.84,2.04,4.39,23.25198332,86.75077264
20120813,38.09,88.72,29.36,24.85,4.51,1.21,1.99,23.25198332,86.75077264
20120814,18.24,88.17,29.48,24.93,4.55,1.96,4.03,23.25198332,86.75077264
20120815,5.22,86.67,30.37,24.79,5.58,1.84,4.05,23.25198332,86.75077264
20120816,14.91,87.65,31.34,24.63,6.71,3.74,3.32,23.25198332,86.75077264
20120817,17.07,89.81,30.88,25.55,5.33,2.08,2.47,23.25198332,86.75077264
20120818,7.81,86.75,31.83,25.19,6.64,3.59,2.65,23.25198332,86.75077264
20120819,10.2,88.06,30.96,24.98,5.98,3.07,1.65,23.25198332,86.75077264
20120820,5.01,87.23,31.47,24.92,6.55,2.3,2.69,23.25198332,86.75077264
20120821,12.64,88.8,31.04,25.19,5.84,1.92,2.21,23.25198332,86.75077264
20120822,7.08,87.55,30.47,25.54,4.93,1.58,2.55,23.25198332,86.75077264
20120823,0.92,86.75,30.23,24.56,5.67,2.61,3.44,23.25198332,86.75077264
20120824,3.47,82.86,31.33,24.73,6.61,4.02,5.08,23.25198332,86.75077264
20120825,5.78,88.94,30.4,24.93,5.47,3.04,3.0,23.25198332,86.75077264
20120826,5.73,89.36,30.78,25.26,5.53,2.99,3.32,23.25198332,86.75077264
20120827,1.96,89.07,30.06,25.28,4.78,3.28,2.23,23.25198332,86.75077264
20120828,0.96,86.62,30.73,24.29,6.44,1.83,4.03,23.25198332,86.75077264
20120829,0.77,86.52,31.25,24.39,6.86,2.07,3.87,23.25198332,86.75077264
20120830,3.45,86.09,31.59,24.56,7.03,3.02,4.25,23.25198332,86.75077264
20120831,0.23,86.51,30.98,24.57,6.41,1.18,2.23,23.25198332,86.75077264
20120901,0.56,85.28,31.97,24.78,7.19,2.3,3.93,23.25198332,86.75077264
20120902,2.1,92.3,29.83,25.42,4.4,4.46,5.41,23.25198332,86.75077264
20120903,13.19,92.2,29.4,25.35,4.05,5.24,6.6,23.25198332,86.75077264
20120904,26.03,93.11,28.81,25.59,3.22,3.82,4.31,23.25198332,86.75077264
20120905,17.32,94.39,28.22,25.39,2.84,3.65,3.08,23.25198332,86.75077264
20120906,35.96,94.74,28.48,25.13,3.35,1.96,3.06,23.25198332,86.75077264
20120907,1.38,86.28,30.44,24.2,6.24,2.87,2.85,23.25198332,86.75077264
20120908,5.15,85.69,31.53,24.09,7.44,3.01,3.34,23.25198332,86.75077264
20120909,9.71,93.04,28.3,24.95,3.35,6.15,7.62,23.25198332,86.75077264
20120910,6.73,89.57,30.27,24.62,5.65,3.08,2.18,23.25198332,86.75077264
20120911,1.62,89.62,29.72,24.53,5.19,1.9,3.57,23.25198332,86.75077264
20120912,2.39,89.41,30.81,24.93,5.88,1.67,2.68,23.25198332,86.75077264
20120913,36.54,90.86,29.2,25.18,4.02,2.65,3.72,23.25198332,86.75077264
20120914,34.89,92.76,28.67,25.03,3.65,1.78,3.22,23.25198332,86.75077264
20120915,22.21,91.85,29.06,24.58,4.48,2.06,3.72,23.25198332,86.75077264
20120916,17.91,89.49,29.73,24.52,5.21,1.99,4.15,23.25198332,86.75077264
20120917,4.29,91.44,29.74,24.61,5.13,2.74,2.49,23.25198332,86.75077264
20120918,2.69,90.34,29.17,24.92,4.25,0.76,2.41,23.25198332,86.75077264
20120919,1.72,86.65,31.79,24.5,7.29,1.54,3.46,23.25198332,86.75077264
20120920,1.91,88.11,30.99,24.81,6.18,2.49,2.69,23.25198332,86.75077264
20120921,0.86,86.01,30.59,24.61,5.97,1.56,3.61,23.25198332,86.75077264
20120922,11.08,89.16,30.02,24.73,5.28,1.2,3.46,23.25198332,86.75077264
20120923,2.01,84.92,30.33,23.99,6.34,1.62,2.97,23.25198332,86.75077264
20120924,0.02,80.28,30.37,21.8,8.57,2.35,3.01,23.25198332,86.75077264
20120925,0.0,78.6,30.25,19.91,10.34,1.6,3.5,23.25198332,86.75077264
20120926,0.0,82.39,30.09,20.44,9.64,2.06,3.53,23.25198332,86.75077264
20120927,0.0,80.63,30.68,21.71,8.98,2.66,4.77,23.25198332,86.75077264
20120928,2.29,83.73,29.39,21.94,7.45,2.73,5.01,23.25198332,86.75077264
20120929,0.79,84.15,30.46,22.94,7.52,2.77,4.59,23.25198332,86.75077264
20120930,0.18,87.33,30.38,23.4,6.99,1.32,3.58,23.25198332,86.75077264
20121001,0.0,86.54,30.73,24.3,6.42,2.39,5.02,23.25198332,86.75077264
20121002,0.83,87.36,30.92,23.61,7.31,1.44,3.39,23.25198332,86.75077264
20121003,9.65,90.93,29.08,24.41,4.66,2.45,2.8,23.25198332,86.75077264
20121004,6.54,86.07,29.36,23.61,5.75,2.21,3.76,23.25198332,86.75077264
20121005,0.06,80.81,30.94,21.69,9.26,1.68,2.31,23.25198332,86.75077264
20121006,0.0,78.61,30.63,18.71,11.93,0.93,3.36,23.25198332,86.75077264
20121007,0.0,81.21,29.66,19.27,10.39,2.91,5.56,23.25198332,86.75077264
20121008,4.98,83.81,29.74,21.38,8.36,2.03,2.67,23.25198332,86.75077264
20121009,5.85,90.29,27.74,22.01,5.74,1.77,4.21,23.25198332,86.75077264
20121010,26.19,89.38,27.99,21.88,6.11,1.77,2.4,23.25198332,86.75077264
20121011,2.14,84.89,28.67,20.41,8.26,3.86,4.58,23.25198332,86.75077264
20121012,0.19,79.63,29.0,20.28,8.72,2.82,4.17,23.25198332,86.75077264
20121013,2.54,79.09,27.24,20.14,7.1,2.2,3.57,23.25198332,86.75077264
20121014,0.48,71.74,29.06,18.16,10.91,1.3,2.65,23.25198332,86.75077264
20121015,0.0,75.83,28.98,17.04,11.94,0.92,2.91,23.25198332,86.75077264
20121016,0.0,82.15,28.21,17.12,11.09,0.94,2.93,23.25198332,86.75077264
20121017,0.0,80.06,28.46,17.65,10.82,1.95,4.4,23.25198332,86.75077264
20121018,0.0,77.63,28.55,17.08,11.47,1.82,3.49,23.25198332,86.75077264
20121019,0.0,77.99,28.16,17.35,10.8,1.56,3.88,23.25198332,86.75077264
20121020,0.0,76.37,27.03,16.0,11.03,1.36,3.49,23.25198332,86.75077264
20121021,0.0,76.48,27.21,15.15,12.06,1.43,3.44,23.25198332,86.75077264
20121022,0.0,81.58,26.56,16.45,10.1,0.96,3.92,23.25198332,86.75077264
20121023,0.0,79.51,26.78,15.15,11.62,1.56,3.92,23.25198332,86.75077264
20121024,0.0,74.5,27.44,14.4,13.04,1.15,4.12,23.25198332,86.75077264
20121025,0.0,76.72,28.32,15.92,12.4,1.95,3.36,23.25198332,86.75077264
20121026,0.0,82.45,27.76,17.76,10.0,1.35,2.28,23.25198332,86.75077264
20121027,0.0,81.1,26.98,16.37,10.62,2.03,3.5,23.25198332,86.75077264
20121028,0.0,79.89,26.28,14.79,11.48,1.79,3.56,23.25198332,86.75077264
20121029,0.0,79.23,26.54,12.65,13.89,1.9,4.56,23.25198332,86.75077264
20121030,0.0,77.82,26.73,12.87,13.86,2.08,4.72,23.25198332,86.75077264
20121031,0.0,76.1,26.99,13.17,13.82,1.8,4.83,23.25198332,86.75077264
20121101,0.0,71.42,26.92,14.01,12.91,2.78,5.34,23.25198332,86.75077264
20121102,0.19,75.93,27.48,16.05,11.42,2.27,4.63,23.25198332,86.75077264
20121103,16.17,86.47,24.74,18.98,5.76,1.13,3.25,23.25198332,86.75077264
20121104,12.79,89.0,26.75,18.57,8.18,1.57,3.68,23.25198332,86.75077264
20121105,13.56,88.68,28.04,21.31,6.73,2.2,2.34,23.25198332,86.75077264
20121106,4.3,88.0,27.86,18.02,9.85,3.15,4.94,23.25198332,86.75077264
20121107,0.32,85.47,24.63,16.52,8.12,1.91,3.12,23.25198332,86.75077264
20121108,0.25,74.01,25.55,14.37,11.18,2.06,4.56,23.25198332,86.75077264
20121109,0.0,72.74,26.08,13.44,12.64,1.96,3.62,23.25198332,86.75077264
20121110,0.0,72.76,23.98,12.13,11.85,2.14,3.8,23.25198332,86.75077264
20121111,0.0,74.78,24.47,11.52,12.95,2.24,4.66,23.25198332,86.75077264
20121112,0.0,79.67,24.22,12.04,12.18,1.61,3.86,23.25198332,86.75077264
20121113,0.0,78.87,25.69,13.47,12.22,1.67,3.84,23.25198332,86.75077264
20121114,0.0,76.65,25.33,12.43,12.9,1.63,3.9,23.25198332,86.75077264
20121115,0.0,74.23,24.59,11.43,13.16,1.77,4.21,23.25198332,86.75077264
20121116,0.0,75.71,23.87,9.94,13.93,2.78,3.92,23.25198332,86.75077264
20121117,0.0,80.13,25.3,10.95,14.34,2.61,4.66,23.25198332,86.75077264
20121118,0.0,74.77,26.1,12.85,13.25,2.8,5.29,23.25198332,86.75077264
20121119,0.01,79.1,26.19,14.36,11.83,1.77,3.66,23.25198332,86.75077264
20121120,0.1,83.31,25.63,15.01,10.62,2.02,2.42,23.25198332,86.75077264
20121121,0.0,78.22,25.9,14.0,11.9,1.84,3.23,23.25198332,86.75077264
20121122,0.0,75.45,25.54,13.2,12.34,2.15,2.99,23.25198332,86.75077264
20121123,0.0,70.99,25.04,12.27,12.77,1.09,3.37,23.25198332,86.75077264
20121124,0.0,74.79,25.03,11.61,13.43,1.03,4.07,23.25198332,86.75077264
20121125,0.0,70.37,25.02,11.06,13.97,1.65,4.41,23.25198332,86.75077264
20121126,0.0,70.34,25.1,11.15,13.95,1.76,4.67,23.25198332,86.75077264
20121127,0.0,70.5,24.29,10.53,13.76,1.59,3.46,23.25198332,86.75077264
20121128,0.0,69.8,23.67,9.22,14.45,1.42,4.05,23.25198332,86.75077264
20121129,0.0,68.71,23.51,8.55,14.96,1.36,3.91,23.25198332,86.75077264
20121130,0.0,70.41,25.06,9.44,15.62,1.94,4.38,23.25198332,86.75077264
20121201,0.0,70.45,24.41,10.53,13.89,1.86,5.42,23.25198332,86.75077264
20121202,0.0,68.8,23.41,9.2,14.21,1.53,3.7,23.25198332,86.75077264
20121203,0.0,68.01,23.58,7.49,16.09,2.08,4.69,23.25198332,86.75077264
20121204,0.0,71.17,25.36,8.5,16.86,1.77,5.63,23.25198332,86.75077264
20121205,0.0,70.49,24.95,9.62,15.33,1.82,5.75,23.25198332,86.75077264
20121206,0.0,69.37,23.96,8.79,15.17,1.96,5.26,23.25198332,86.75077264
20121207,0.0,70.36,24.17,8.82,15.34,1.62,5.1,23.25198332,86.75077264
20121208,0.0,65.96,24.34,8.52,15.81,1.97,5.06,23.25198332,86.75077264
20121209,0.0,62.85,25.12,9.0,16.12,2.02,5.78,23.25198332,86.75077264
20121210,0.0,66.51,26.42,11.58,14.84,2.96,5.8,23.25198332,86.75077264
20121211,13.47,80.53,25.0,14.84,10.16,2.11,3.66,23.25198332,86.75077264
20121212,4.03,87.1,24.19,15.8,8.4,4.4,5.17,23.25198332,86.75077264
20121213,0.0,80.0,24.01,12.81,11.2,2.38,4.6,23.25198332,86.75077264
20121214,0.0,77.22,24.69,12.51,12.18,2.4,4.84,23.25198332,86.75077264
20121215,0.0,81.64,24.56,12.29,12.27,1.83,5.41,23.25198332,86.75077264
20121216,0.0,79.83,23.89,11.25,12.64,1.99,2.85,23.25198332,86.75077264
20121217,0.0,78.89,24.97,11.04,13.93,2.51,4.02,23.25198332,86.75077264
20121218,0.0,73.79,23.05,10.94,12.12,2.86,3.36,23.25198332,86.75077264
20121219,0.0,72.34,24.28,8.62,15.66,2.15,4.96,23.25198332,86.75077264
20121220,0.0,69.13,22.92,9.39,13.54,2.42,3.73,23.25198332,86.75077264
20121221,0.0,63.85,21.56,6.49,15.07,2.04,5.79,23.25198332,86.75077264
20121222,0.0,65.51,20.64,5.02,15.61,1.91,4.58,23.25198332,86.75077264
20121223,0.0,69.11,19.76,4.85,14.91,3.4,3.63,23.25198332,86.75077264
20121224,0.0,66.08,21.06,5.63,15.44,2.55,4.91,23.25198332,86.75077264
20121225,0.0,64.58,21.53,5.82,15.71,1.95,4.59,23.25198332,86.75077264
20121226,0.0,66.29,19.41,4.85,14.56,1.8,4.34,23.25198332,86.75077264
20121227,0.0,66.86,19.8,4.04,15.76,2.1,4.64,23.25198332,86.75077264
20121228,0.0,66.81,20.44,4.28,16.16,2.27,4.53,23.25198332,86.75077264
20121229,0.0,62.64,21.59,4.9,16.69,1.71,4.88,23.25198332,86.75077264
20121230,0.0,60.18,21.95,4.5,17.45,1.5,4.32,23.25198332,86.75077264
20121231,0.0,65.98,23.27,6.69,16.57,1.38,3.4,23.25198332,86.75077264
20130101,0.0,67.61,22.88,8.98,13.9,2.2,4.19,23.25198332,86.75077264
20130102,0.02,75.78,24.44,10.85,13.59,2.45,4.62,23.25198332,86.75077264
20130103,0.55,82.63,22.32,12.01,10.3,4.22,7.47,23.25198332,86.75077264
20130104,0.0,70.4,21.74,8.11,13.63,1.79,5.09,23.25198332,86.75077264
20130105,0.0,68.09,22.12,6.71,15.41,2.73,6.0,23.25198332,86.75077264
20130106,0.0,66.73,20.3,7.04,13.25,2.53,5.18,23.25198332,86.75077264
20130107,0.0,68.67,19.62,7.87,11.75,1.68,3.98,23.25198332,86.75077264
20130108,0.0,57.7,19.26,3.5,15.76,1.96,3.89,23.25198332,86.75077264
20130109,0.0,57.2,18.81,2.28,16.53,1.45,4.25,23.25198332,86.75077264
20130110,0.0,62.88,21.45,4.29,17.17,1.63,3.97,23.25198332,86.75077264
20130111,0.0,67.6,20.74,5.47,15.27,1.63,4.9,23.25198332,86.75077264
20130112,0.0,66.16,19.66,4.9,14.77,1.74,5.31,23.25198332,86.75077264
20130113,0.0,63.0,22.37,6.11,16.26,2.04,4.12,23.25198332,86.75077264
20130114,0.0,64.15,24.38,9.14,15.24,1.99,3.84,23.25198332,86.75077264
20130115,0.0,67.97,23.22,8.57,14.65,1.67,4.31,23.25198332,86.75077264
20130116,0.0,64.49,24.38,9.25,15.14,3.04,5.92,23.25198332,86.75077264
20130117,0.0,64.69,25.16,10.58,14.58,2.39,5.03,23.25198332,86.75077264
20130118,0.0,67.4,25.7,11.95,13.75,1.5,3.12,23.25198332,86.75077264
20130119,0.0,73.68,26.11,12.86,13.24,3.41,6.24,23.25198332,86.75077264
20130120,0.0,72.69,23.8,12.34,11.46,3.19,4.18,23.25198332,86.75077264
20130121,0.0,63.18,22.94,8.4,14.54,1.8,4.32,23.25198332,86.75077264
20130122,0.0,59.16,22.66,7.2,15.47,1.68,4.9,23.25198332,86.75077264
20130123,0.0,52.32,23.25,5.27,17.99,2.3,4.51,23.25198332,86.75077264
20130124,0.0,53.53,23.14,5.25,17.89,2.38,4.61,23.25198332,86.75077264
20130125,0.0,54.27,22.22,5.54,16.68,2.58,3.82,23.25198332,86.75077264
20130126,0.0,52.9,22.55,5.15,17.4,1.86,4.41,23.25198332,86.75077264
20130127,0.0,55.07,22.78,5.04,17.74,1.82,4.57,23.25198332,86.75077264
20130128,0.0,55.0,20.9,7.88,13.02,2.02,4.52,23.25198332,86.75077264
20130129,0.0,50.56,23.34,5.6,17.74,2.44,5.17,23.25198332,86.75077264
20130130,0.0,51.62,23.45,6.5,16.95,2.61,6.16,23.25198332,86.75077264
20130131,0.0,51.89,24.86,8.93,15.93,2.73,6.26,23.25198332,86.75077264
20130201,0.0,57.62,22.07,10.53,11.53,3.24,6.35,23.25198332,86.75077264
20130202,0.0,55.82,24.51,9.05,15.47,1.9,4.87,23.25198332,86.75077264
20130203,0.0,55.92,25.87,9.81,16.06,1.48,4.14,23.25198332,86.75077264
20130204,0.0,53.8,26.52,10.12,16.39,2.61,5.01,23.25198332,86.75077264
20130205,0.0,54.85,27.98,11.05,16.92,2.43,4.88,23.25198332,86.75077264
20130206,0.0,54.52,29.62,12.53,17.09,2.14,4.64,23.25198332,86.75077264
20130207,0.0,63.86,28.42,15.56,12.86,1.84,5.01,23.25198332,86.75077264
20130208,1.97,64.47,26.24,14.84,11.4,3.36,2.77,23.25198332,86.75077264
20130209,0.03,52.26,25.42,9.39,16.03,2.29,3.91,23.25198332,86.75077264
20130210,0.0,44.2,26.57,7.45,19.12,1.67,4.23,23.25198332,86.75077264
20130211,0.0,50.15,27.71,9.06,18.65,2.14,4.17,23.25198332,86.75077264
20130212,0.0,51.61,27.94,10.22,17.72,3.11,6.25,23.25198332,86.75077264
20130213,0.0,52.76,28.83,11.89,16.94,3.24,4.09,23.25198332,86.75077264
20130214,0.0,53.27,29.61,13.05,16.56,3.83,3.82,23.25198332,86.75077264
20130215,0.17,51.76,29.65,13.02,16.63,4.16,7.15,23.25198332,86.75077264
20130216,1.59,70.35,27.34,13.24,14.09,3.36,6.34,23.25198332,86.75077264
20130217,11.35,80.25,21.07,16.22,4.84,5.54,6.1,23.25198332,86.75077264
20130218,0.28,65.99,24.91,12.78,12.13,3.7,6.4,23.25198332,86.75077264
20130219,0.0,62.95,24.99,10.19,14.79,1.43,4.78,23.25198332,86.75077264
20130220,0.0,57.55,26.76,11.08,15.68,1.42,5.53,23.25198332,86.75077264
20130221,0.0,53.99,27.25,11.01,16.24,1.7,4.63,23.25198332,86.75077264
20130222,0.0,48.11,29.09,10.97,18.12,1.54,4.45,23.25198332,86.75077264
20130223,0.0,47.73,31.26,11.83,19.43,1.68,4.64,23.25198332,86.75077264
20130224,0.0,47.74,31.25,13.65,17.6,2.45,6.01,23.25198332,86.75077264
20130225,0.01,57.3,30.28,14.67,15.61,3.34,4.74,23.25198332,86.75077264
20130226,0.0,51.61,30.29,13.92,16.37,2.16,4.8,23.25198332,86.75077264
20130227,0.0,42.21,31.17,12.52,18.65,1.63,5.06,23.25198332,86.75077264
20130228,0.0,44.58,32.81,14.81,18.0,2.71,3.03,23.25198332,86.75077264
20130301,0.0,38.77,30.73,12.54,18.19,4.1,4.29,23.25198332,86.75077264
20130302,0.0,38.39,30.53,11.19,19.33,2.05,4.51,23.25198332,86.75077264
20130303,0.0,36.57,31.61,11.97,19.64,2.81,4.84,23.25198332,86.75077264
20130304,0.0,37.51,31.59,12.29,19.3,2.25,4.78,23.25198332,86.75077264
20130305,0.0,36.26,32.16,13.52,18.64,1.65,4.12,23.25198332,86.75077264
20130306,0.0,37.37,32.5,14.27,18.23,2.12,5.04,23.25198332,86.75077264
20130307,0.0,33.39,32.03,13.19,18.83,2.28,6.81,23.25198332,86.75077264
20130308,0.0,36.59,32.59,14.35,18.24,2.21,6.46,23.25198332,86.75077264
20130309,0.0,34.1,32.59,14.79,17.8,2.37,4.21,23.25198332,86.75077264
20130310,0.0,31.06,33.55,13.97,19.58,2.5,4.81,23.25198332,86.75077264
20130311,0.0,37.48,34.13,18.22,15.91,2.18,4.31,23.25198332,86.75077264
20130312,0.0,39.3,35.03,17.61,17.41,3.56,6.8,23.25198332,86.75077264
20130313,0.0,34.23,34.99,16.56,18.43,1.15,4.23,23.25198332,86.75077264
20130314,0.0,38.81,34.52,17.94,16.58,2.83,5.31,23.25198332,86.75077264
20130315,0.14,41.37,34.17,19.54,14.64,3.52,5.69,23.25198332,86.75077264
20130316,0.36,42.62,35.07,19.68,15.39,3.63,5.84,23.25198332,86.75077264
20130317,1.55,45.87,34.02,19.57,14.45,2.21,2.78,23.25198332,86.75077264
20130318,0.02,38.67,33.96,17.89,16.07,2.74,1.93,23.25198332,86.75077264
20130319,0.0,33.26,35.08,15.83,19.26,2.56,3.18,23.25198332,86.75077264
20130320,0.0,34.88,35.76,17.67,18.09,1.25,2.81,23.25198332,86.75077264
20130321,0.0,34.21,36.91,18.89,18.02,3.14,4.55,23.25198332,86.75077264
20130322,0.0,36.59,37.6,21.13,16.48,3.87,6.63,23.25198332,86.75077264
20130323,0.0,31.77,36.37,18.87,17.5,3.1,5.54,23.25198332,86.75077264
20130324,1.6,38.41,37.5,20.92,16.59,2.96,6.46,23.25198332,86.75077264
20130325,3.58,36.82,37.4,20.22,17.19,2.23,3.53,23.25198332,86.75077264
20130326,0.0,32.17,37.67,19.82,17.85,2.52,2.75,23.25198332,86.75077264
20130327,0.0,28.3,38.03,20.18,17.85,4.69,5.75,23.25198332,86.75077264
20130328,0.0,28.41,39.07,22.54,16.53,2.55,5.47,23.25198332,86.75077264
20130329,0.62,34.85,38.08,21.42,16.66,6.24,7.38,23.25198332,86.75077264
20130330,3.37,44.58,38.32,23.34,14.98,3.58,4.61,23.25198332,86.75077264
20130331,0.05,37.55,37.57,21.25,16.32,4.39,6.89,23.25198332,86.75077264
20130401,0.0,34.43,38.15,21.97,16.18,4.09,6.16,23.25198332,86.75077264
20130402,0.34,34.39,39.01,22.11,16.9,3.2,5.65,23.25198332,86.75077264
20130403,1.01,37.33,38.96,23.61,15.35,3.72,4.0,23.25198332,86.75077264
20130404,0.0,31.67,39.84,24.36,15.47,4.5,5.64,23.25198332,86.75077264
20130405,0.0,22.52,39.18,22.44,16.74,4.55,2.23,23.25198332,86.75077264
20130406,0.0,18.79,39.05,20.57,18.48,4.08,5.19,23.25198332,86.75077264
20130407,0.0,18.01,39.12,18.91,20.21,2.96,3.26,23.25198332,86.75077264
20130408,0.0,20.38,40.19,20.27,19.92,2.01,2.54,23.25198332,86.75077264
20130409,0.0,21.78,40.94,21.93,19.01,1.35,4.43,23.25198332,86.75077264
20130410,0.0,20.73,42.31,24.16,18.15,2.88,5.44,23.25198332,86.75077264
20130411,0.1,27.64,42.27,23.09,19.18,3.75,5.51,23.25198332,86.75077264
20130412,3.74,42.4,41.87,24.66,17.2,3.68,5.6,23.25198332,86.75077264
20130413,0.88,32.07,41.91,24.72,17.19,3.08,4.97,23.25198332,86.75077264
20130414,5.81,40.98,39.38,24.78,14.59,7.06,8.72,23.25198332,86.75077264
20130415,2.97,41.9,38.46,23.81,14.65,6.07,7.83,23.25198332,86.75077264
20130416,0.31,37.24,40.47,23.29,17.18,3.2,4.06,23.25198332,86.75077264
20130417,0.58,43.68,40.03,23.75,16.28,5.27,8.15,23.25198332,86.75077264
20130418,5.22,52.31,38.32,23.86,14.46,4.45,6.31,23.25198332,86.75077264
20130419,17.85,61.67,35.09,25.09,10.0,3.45,6.46,23.25198332,86.75077264
20130420,0.87,57.55,34.34,24.03,10.31,4.95,7.75,23.25198332,86.75077264
20130421,3.33,62.1,30.43,23.35,7.08,2.98,4.78,23.25198332,86.75077264
20130422,2.37,56.36,33.39,21.06,12.32,2.38,4.31,23.25198332,86.75077264
20130423,4.53,55.87,34.4,21.67,12.73,2.46,4.33,23.25198332,86.75077264
20130424,4.22,54.54,34.87,22.88,11.98,2.55,2.79,23.25198332,86.75077264
20130425,0.09,43.35,37.83,23.08,14.75,2.11,4.26,23.25198332,86.75077264
20130426,0.0,42.04,39.35,23.33,16.03,1.28,2.99,23.25198332,86.75077264
20130427,0.41,38.6,41.25,25.44,15.8,2.99,3.9,23.25198332,86.75077264
20130428,0.03,31.08,42.86,27.28,15.59,3.53,6.93,23.25198332,86.75077264
20130429,0.0,32.33,41.75,24.57,17.18,1.45,3.22,23.25198332,86.75077264
20130430,0.0,32.04,43.49,26.34,17.15,2.66,4.22,23.25198332,86.75077264
20130501,0.43,33.3,44.42,26.51,17.91,1.43,2.76,23.25198332,86.75077264
20130502,0.75,28.11,44.36,26.14,18.22,1.9,2.56,23.25198332,86.75077264
20130503,0.3,24.37,43.24,25.63,17.61,2.87,3.98,23.25198332,86.75077264
20130504,1.3,38.44,43.31,24.31,19.0,6.1,7.45,23.25198332,86.75077264
20130505,11.77,54.92,40.48,26.06,14.42,4.73,7.14,23.25198332,86.75077264
20130506,5.47,57.0,40.29,26.09,14.2,2.17,4.33,23.25198332,86.75077264
20130507,1.21,53.04,40.41,26.49,13.92,3.86,6.51,23.25198332,86.75077264
20130508,0.07,42.88,41.69,27.41,14.29,3.19,4.33,23.25198332,86.75077264
20130509,0.29,35.99,44.76,26.7,18.06,3.19,4.59,23.25198332,86.75077264
20130510,0.38,41.13,43.07,26.35,16.72,4.06,6.02,23.25198332,86.75077264
20130511,0.26,38.79,44.06,28.09,15.97,4.98,7.18,23.25198332,86.75077264
20130512,6.57,52.06,39.23,27.7,11.53,5.85,7.22,23.25198332,86.75077264
20130513,18.84,62.43,37.36,25.74,11.62,4.87,7.59,23.25198332,86.75077264
20130514,2.22,54.84,37.05,25.27,11.78,4.15,7.24,23.25198332,86.75077264
20130515,0.03,49.87,38.79,25.31,13.48,4.72,6.96,23.25198332,86.75077264
20130516,0.14,42.24,41.23,25.53,15.7,4.54,7.13,23.25198332,86.75077264
20130517,5.92,53.84,40.72,26.31,14.41,4.75,7.29,23.25198332,86.75077264
20130518,1.85,52.5,41.25,26.43,14.82,5.07,6.8,23.25198332,86.75077264
20130519,14.59,55.44,42.1,27.28,14.82,5.25,8.25,23.25198332,86.75077264
20130520,3.87,62.78,38.35,26.76,11.59,4.68,7.24,23.25198332,86.75077264
20130521,0.03,50.97,41.25,27.51,13.74,2.65,4.04,23.25198332,86.75077264
20130522,1.76,52.46,40.57,27.27,13.3,2.49,4.86,23.25198332,86.75077264
20130523,0.34,52.54,40.27,28.23,12.05,3.34,5.7,23.25198332,86.75077264
20130524,1.0,56.72,39.19,27.35,11.84,2.53,5.2,23.25198332,86.75077264
20130525,0.27,54.09,39.53,27.38,12.15,3.22,5.02,23.25198332,86.75077264
20130526,2.81,65.74,35.67,28.01,7.66,3.23,3.29,23.25198332,86.75077264
20130527,0.97,64.09,35.03,27.34,7.69,2.5,2.19,23.25198332,86.75077264
20130528,0.56,63.12,35.22,26.79,8.43,4.7,4.93,23.25198332,86.75077264
20130529,31.45,76.45,32.67,26.34,6.33,8.27,8.59,23.25198332,86.75077264
20130530,82.88,88.71,28.41,25.07,3.34,9.23,11.46,23.25198332,86.75077264
20130531,12.86,77.26,33.18,24.74,8.45,6.99,7.78,23.25198332,86.75077264
20130601,9.39,82.33,31.28,24.4,6.88,2.54,4.88,23.25198332,86.75077264
20130602,3.01,75.42,33.37,24.89,8.48,2.24,4.94,23.25198332,86.75077264
20130603,0.0,70.12,35.65,24.17,11.48,3.4,6.04,23.25198332,86.75077264
20130604,0.01,68.65,35.78,25.11,10.68,3.0,5.75,23.25198332,86.75077264
20130605,2.03,71.47,35.21,25.81,9.4,3.95,6.4,23.25198332,86.75077264
20130606,0.4,72.7,34.59,26.33,8.27,2.58,5.04,23.25198332,86.75077264
20130607,10.3,84.39,30.99,26.25,4.74,3.3,5.54,23.25198332,86.75077264
20130608,1.69,78.08,32.82,25.56,7.27,2.95,4.87,23.25198332,86.75077264
20130609,10.14,76.41,33.75,25.78,7.97,3.21,5.36,23.25198332,86.75077264
20130610,12.42,82.5,31.78,26.94,4.84,2.16,3.26,23.25198332,86.75077264
20130611,3.46,81.59,31.69,26.62,5.07,2.33,4.02,23.25198332,86.75077264
20130612,4.39,77.38,33.61,25.83,7.78,8.2,9.16,23.25198332,86.75077264
20130613,14.5,82.98,31.57,25.46,6.11,4.69,4.51,23.25198332,86.75077264
20130614,12.32,86.55,30.6,25.53,5.07,4.05,3.87,23.25198332,86.75077264
20130615,11.51,86.96,29.64,25.51,4.13,2.98,2.2,23.25198332,86.75077264
20130616,14.47,83.62,31.34,25.17,6.17,2.23,2.84,23.25198332,86.75077264
20130617,1.94,76.77,33.55,25.46,8.08,3.81,5.54,23.25198332,86.75077264
20130618,0.33,73.51,34.02,26.16,7.86,2.96,4.8,23.25198332,86.75077264
20130619,41.03,80.2,32.42,26.3,6.12,1.54,3.63,23.25198332,86.75077264
20130620,33.99,84.08,31.29,26.37,4.92,1.96,4.38,23.25198332,86.75077264
20130621,3.25,82.96,30.84,25.88,4.96,2.68,5.27,23.25198332,86.75077264
20130622,14.14,83.06,30.98,25.92,5.05,4.87,5.13,23.25198332,86.75077264
20130623,12.28,85.55,32.41,26.48,5.93,2.49,2.15,23.25198332,86.75077264
20130624,6.54,88.08,31.54,25.87,5.66,5.73,5.62,23.25198332,86.75077264
20130625,8.61,84.55,32.8,26.53,6.27,4.38,4.35,23.25198332,86.75077264
20130626,6.87,82.86,33.02,25.86,7.16,4.04,3.09,23.25198332,86.75077264
20130627,1.46,80.18,33.35,26.08,7.26,1.48,3.36,23.25198332,86.75077264
20130628,1.04,83.37,32.29,25.79,6.49,2.22,3.54,23.25198332,86.75077264
20130629,72.42,83.85,30.78,26.2,4.58,6.96,7.62,23.25198332,86.75077264
20130630,45.7,80.16,32.42,25.45,6.97,2.39,4.63,23.25198332,86.75077264
20130701,0.33,79.46,33.47,25.28,8.19,1.97,3.97,23.25198332,86.75077264
20130702,0.76,83.42,31.74,25.48,6.26,3.02,4.04,23.25198332,86.75077264
20130703,11.79,88.56,30.37,25.26,5.11,3.07,2.94,23.25198332,86.75077264
20130704,1.35,82.76,31.69,24.77,6.92,1.31,3.12,23.25198332,86.75077264
20130705,0.8,80.81,33.31,25.67,7.64,3.59,5.92,23.25198332,86.75077264
20130706,3.54,86.28,31.6,25.98,5.62,2.25,4.55,23.25198332,86.75077264
20130707,0.98,81.14,32.82,25.06,7.75,2.66,3.87,23.25198332,86.75077264
20130708,0.25,81.03,32.97,25.15,7.82,2.44,4.66,23.25198332,86.75077264
20130709,1.43,81.28,33.12,25.55,7.57,2.87,4.4,23.25198332,86.75077264
20130710,2.85,83.94,32.23,26.11,6.11,2.39,4.09,23.25198332,86.75077264
20130711,12.87,89.33,30.76,26.02,4.74,3.91,3.21,23.25198332,86.75077264
20130712,7.93,86.88,31.83,25.56,6.27,2.32,1.5,23.25198332,86.75077264
20130713,0.54,83.3,32.0,24.74,7.26,3.92,2.82,23.25198332,86.75077264
20130714,8.37,79.22,33.18,25.1,8.08,1.47,2.99,23.25198332,86.75077264
20130715,2.23,81.47,33.11,25.22,7.88,2.69,3.62,23.25198332,86.75077264
20130716,3.28,86.66,30.94,25.74,5.2,3.85,3.65,23.25198332,86.75077264
20130717,1.05,81.56,32.96,25.61,7.35,2.34,1.15,23.25198332,86.75077264
20130718,2.98,83.14,32.82,25.67,7.15,2.99,4.91,23.25198332,86.75077264
20130719,5.3,83.54,32.52,26.31,6.21,2.21,4.0,23.25198332,86.75077264
20130720,2.75,86.84,31.34,25.88,5.46,2.42,1.64,23.25198332,86.75077264
20130721,6.58,88.07,31.6,26.32,5.28,2.76,1.73,23.25198332,86.75077264
20130722,5.65,86.95,31.72,26.31,5.41,5.88,5.64,23.25198332,86.75077264
20130723,6.44,88.65,31.49,26.36,5.13,3.88,2.75,23.25198332,86.75077264
20130724,5.19,89.18,31.4,25.99,5.41,4.09,3.36,23.25198332,86.75077264
20130725,15.67,86.22,31.49,25.4,6.09,3.91,4.06,23.25198332,86.75077264
20130726,46.67,88.47,30.43,26.4,4.04,5.51,6.78,23.25198332,86.75077264
20130727,42.81,87.61,30.61,25.41,5.2,3.94,4.15,23.25198332,86.75077264
20130728,25.86,90.79,29.05,24.88,4.17,4.87,4.32,23.25198332,86.75077264
20130729,32.06,89.51,29.94,24.6,5.34,2.92,4.27,23.25198332,86.75077264
20130730,13.21,88.24,31.85,25.42,6.43,5.64,5.6,23.25198332,86.75077264
20130731,8.59,88.39,30.52,25.34,5.18,3.27,2.92,23.25198332,86.75077264
20130801,7.84,87.71,30.49,24.71,5.78,3.59,2.91,23.25198332,86.75077264
20130802,0.39,81.18,32.36,24.47,7.89,1.41,3.36,23.25198332,86.75077264
20130803,4.19,84.97,30.75,25.13,5.62,1.71,3.5,23.25198332,86.75077264
20130804,2.65,87.46,30.71,25.59,5.12,2.52,3.43,23.25198332,86.75077264
20130805,2.69,86.6,31.23,25.17,6.06,3.64,5.25,23.25198332,86.75077264
20130806,8.26,90.36,29.78,25.26,4.52,1.53,2.45,23.25198332,86.75077264
20130807,12.02,91.84,29.31,25.41,3.9,1.7,2.22,23.25198332,86.75077264
20130808,34.1,89.69,29.83,25.11,4.71,3.66,5.86,23.25198332,86.75077264
20130809,17.97,87.36,30.51,25.15,5.36,1.11,2.09,23.25198332,86.75077264
20130810,3.52,86.09,30.67,24.68,6.0,1.41,4.13,23.25198332,86.75077264
20130811,9.05,84.84,30.73,24.62,6.11,1.79,4.08,23.25198332,86.75077264
20130812,4.29,87.53,30.67,24.5,6.16,1.4,1.44,23.25198332,86.75077264
20130813,0.48,87.42,30.34,24.92,5.41,1.41,2.85,23.25198332,86.75077264
20130814,0.35,86.57,30.47,24.95,5.52,1.52,2.95,23.25198332,86.75077264
20130815,16.57,88.88,30.26,25.12,5.14,1.97,4.82,23.25198332,86.75077264
20130816,12.78,90.32,29.58,24.86,4.71,1.9,3.49,23.25198332,86.75077264
20130817,10.86,93.12,28.98,24.94,4.04,2.18,1.77,23.25198332,86.75077264
20130818,12.21,87.68,30.34,24.45,5.89,2.12,4.37,23.25198332,86.75077264
20130819,34.26,92.8,28.47,24.54,3.93,5.32,7.39,23.25198332,86.75077264
20130820,25.94,93.43,28.71,24.76,3.96,2.36,2.73,23.25198332,86.75077264
20130821,25.73,92.87,29.49,25.11,4.38,6.45,7.79,23.25198332,86.75077264
20130822,2.79,90.1,30.72,25.06,5.66,2.47,0.93,23.25198332,86.75077264
20130823,6.19,87.69,32.01,24.4,7.61,1.59,3.37,23.25198332,86.75077264
20130824,2.62,86.33,31.86,24.95,6.91,1.92,4.75,23.25198332,86.75077264
20130825,0.79,87.73,30.97,25.07,5.9,2.51,3.76,23.25198332,86.75077264
20130826,8.78,87.01,31.11,24.93,6.17,2.56,5.37,23.25198332,86.75077264
20130827,42.23,93.04,28.8,25.66,3.14,3.7,5.22,23.25198332,86.75077264
20130828,12.55,94.1,28.5,25.07,3.43,3.86,3.54,23.25198332,86.75077264
20130829,0.87,89.89,29.94,24.51,5.43,2.56,1.97,23.25198332,86.75077264
20130830,0.21,86.57,31.47,24.46,7.01,1.59,2.76,23.25198332,86.75077264
20130831,2.69,87.14,31.23,25.2,6.03,3.39,5.14,23.25198332,86.75077264
20130901,8.17,88.16,29.47,25.49,3.99,2.43,3.43,23.25198332,86.75077264
20130902,7.15,92.7,28.78,25.5,3.28,2.6,2.33,23.25198332,86.75077264
20130903,8.55,88.3,30.33,24.95,5.39,2.96,4.9,23.25198332,86.75077264
20130904,0.69,87.11,30.33,24.95,5.38,2.63,2.26,23.25198332,86.75077264
20130905,0.64,85.44,30.82,24.1,6.71,2.36,3.13,23.25198332,86.75077264
20130906,0.92,83.47,31.45,24.55,6.89,2.79,5.32,23.25198332,86.75077264
20130907,2.01,86.49,27.82,24.62,3.21,4.05,5.15,23.25198332,86.75077264
20130908,5.02,90.0,28.82,22.57,6.25,1.93,2.01,23.25198332,86.75077264
20130909,8.04,88.05,29.06,24.55,4.51,1.99,4.43,23.25198332,86.75077264
20130910,2.81,86.84,30.39,23.97,6.42,1.2,3.38,23.25198332,86.75077264
20130911,2.9,87.86,30.33,24.21,6.11,1.89,4.54,23.25198332,86.75077264
20130912,1.16,85.03,31.23,24.16,7.06,1.54,3.8,23.25198332,86.75077264
20130913,0.92,86.69,31.03,25.11,5.92,1.82,2.65,23.25198332,86.75077264
20130914,9.96,87.82,30.58,25.29,5.29,2.8,4.32,23.25198332,86.75077264
20130915,2.61,84.03,31.57,24.44,7.13,3.29,4.67,23.25198332,86.75077264
20130916,1.28,87.69,30.22,24.75,5.48,3.89,4.52,23.25198332,86.75077264
20130917,2.46,84.01,31.04,23.76,7.28,3.78,6.03,23.25198332,86.75077264
20130918,20.38,90.51,29.82,24.16,5.65,2.57,2.78,23.25198332,86.75077264
20130919,25.95,93.8,29.37,25.58,3.79,3.05,3.21,23.25198332,86.75077264
20130920,5.32,90.51,30.3,24.77,5.53,3.18,2.1,23.25198332,86.75077264
20130921,12.81,89.8,30.25,24.03,6.23,2.92,1.8,23.25198332,86.75077264
20130922,1.06,89.29,30.99,23.9,7.09,2.3,1.85,23.25198332,86.75077264
20130923,0.0,85.77,31.45,23.84,7.61,1.19,3.72,23.25198332,86.75077264
20130924,2.07,82.55,32.15,24.64,7.5,2.46,4.31,23.25198332,86.75077264
20130925,22.58,88.93,30.17,25.35,4.82,1.54,3.76,23.25198332,86.75077264
20130926,18.79,86.11,30.78,24.98,5.8,1.22,2.46,23.25198332,86.75077264
20130927,11.02,87.91,29.83,24.57,5.26,2.83,4.5,23.25198332,86.75077264
20130928,12.73,92.29,28.69,24.87,3.82,1.46,2.11,23.25198332,86.75077264
20130929,26.14,92.66,27.88,24.56,3.32,3.76,5.32,23.25198332,86.75077264
20130930,21.47,93.66,28.02,24.1,3.91,1.91,1.73,23.25198332,86.75077264
20131001,23.8,95.72,28.03,24.4,3.62,2.95,2.81,23.25198332,86.75077264
20131002,16.68,95.02,27.36,24.38,2.98,3.45,3.74,23.25198332,86.75077264
20131003,2.73,88.21,29.54,23.78,5.76,1.72,3.51,23.25198332,86.75077264
20131004,1.34,87.55,29.88,23.45,6.42,2.2,4.74,23.25198332,86.75077264
20131005,9.98,92.33,27.84,24.08,3.77,1.81,3.84,23.25198332,86.75077264
20131006,8.87,88.77,29.86,23.04,6.81,1.35,3.12,23.25198332,86.75077264
20131007,10.13,90.61,28.49,24.42,4.06,1.56,3.59,23.25198332,86.75077264
20131008,5.23,92.13,27.62,23.74,3.88,1.33,2.86,23.25198332,86.75077264
20131009,10.68,92.49,28.16,22.95,5.21,2.97,2.16,23.25198332,86.75077264
20131010,3.77,90.63,27.99,22.98,5.02,2.8,3.38,23.25198332,86.75077264
20131011,0.99,89.47,29.33,23.04,6.29,3.73,4.25,23.25198332,86.75077264
20131012,14.24,94.11,27.11,23.56,3.55,4.86,6.41,23.25198332,86.75077264
20131013,90.53,95.25,27.43,23.99,3.44,4.77,5.75,23.25198332,86.75077264
20131014,25.96,93.61,29.78,25.02,4.77,4.79,5.65,23.25198332,86.75077264
20131015,3.56,87.39,28.92,23.38,5.54,2.36,4.35,23.25198332,86.75077264
20131016,0.19,83.61,29.36,21.65,7.71,1.74,3.12,23.25198332,86.75077264
20131017,0.2,83.4,29.87,22.52,7.34,2.72,4.07,23.25198332,86.75077264
20131018,0.0,80.9,30.18,21.62,8.56,2.46,4.26,23.25198332,86.75077264
20131019,0.08,82.22,30.31,23.05,7.27,1.49,3.38,23.25198332,86.75077264
20131020,6.36,82.65,29.83,22.15,7.68,3.08,5.06,23.25198332,86.75077264
20131021,22.02,89.2,28.3,22.61,5.69,2.14,3.37,23.25198332,86.75077264
20131022,13.27,89.81,27.4,22.1,5.3,3.29,3.93,23.25198332,86.75077264
20131023,9.72,91.69,27.06,21.7,5.36,3.06,3.1,23.25198332,86.75077264
20131024,11.53,92.92,26.92,21.81,5.1,2.75,1.57,23.25198332,86.75077264
20131025,43.24,93.85,25.52,21.75,3.77,2.16,3.33,23.25198332,86.75077264
20131026,7.8,94.56,25.49,21.92,3.56,3.53,5.17,23.25198332,86.75077264
20131027,0.48,89.82,26.69,21.89,4.8,2.28,3.79,23.25198332,86.75077264
20131028,0.0,80.73,27.73,20.43,7.3,1.9,3.0,23.25198332,86.75077264
20131029,0.0,75.59,28.25,17.89,10.36,1.99,3.65,23.25198332,86.75077264
20131030,0.0,69.11,28.65,16.44,12.21,1.95,4.07,23.25198332,86.75077264
20131031,0.0,66.1,28.81,15.65,13.15,2.79,5.62,23.25198332,86.75077264
20131101,0.0,68.79,28.32,15.95,12.37,1.9,3.77,23.25198332,86.75077264
20131102,0.0,69.67,28.69,16.15,12.54,2.05,3.98,23.25198332,86.75077264
20131103,0.0,68.25,29.08,16.91,12.18,2.6,4.79,23.25198332,86.75077264
20131104,0.0,84.56,27.07,18.08,8.99,1.92,3.46,23.25198332,86.75077264
20131105,0.0,77.82,25.79,15.06,10.73,1.73,4.59,23.25198332,86.75077264
20131106,0.0,77.57,25.69,14.51,11.18,1.87,3.53,23.25198332,86.75077264
20131107,0.0,76.65,26.53,15.07,11.47,1.61,3.41,23.25198332,86.75077264
20131108,0.0,77.38,27.26,15.79,11.47,1.49,2.6,23.25198332,86.75077264
20131109,0.0,82.85,26.82,16.02,10.79,1.36,3.16,23.25198332,86.75077264
20131110,0.0,83.86,26.1,15.06,11.04,1.87,4.04,23.25198332,86.75077264
20131111,0.0,80.7,25.79,14.25,11.54,2.04,3.59,23.25198332,86.75077264
20131112,0.0,74.29,25.45,12.61,12.84,2.51,5.15,23.25198332,86.75077264
20131113,0.0,77.06,24.34,12.48,11.86,1.86,3.41,23.25198332,86.75077264
20131114,0.0,76.14,24.01,12.23,11.77,1.52,4.62,23.25198332,86.75077264
20131115,0.0,79.96,24.96,12.02,12.94,1.7,4.69,23.25198332,86.75077264
20131116,0.0,81.25,25.43,12.82,12.61,1.73,3.76,23.25198332,86.75077264
20131117,0.0,79.81,25.22,14.25,10.97,2.38,4.23,23.25198332,86.75077264
20131118,0.0,77.38,25.71,13.48,12.23,2.6,5.59,23.25198332,86.75077264
20131119,0.0,78.01,25.03,12.09,12.93,1.72,4.4,23.25198332,86.75077264
20131120,0.0,69.08,25.17,11.72,13.45,2.34,5.31,23.25198332,86.75077264
20131121,0.0,70.48,25.33,12.26,13.07,2.31,4.07,23.25198332,86.75077264
20131122,0.0,72.88,25.16,12.84,12.33,2.21,4.13,23.25198332,86.75077264
20131123,0.0,76.78,25.87,13.16,12.71,1.49,3.99,23.25198332,86.75077264
20131124,0.0,77.08,25.28,13.81,11.47,1.26,2.53,23.25198332,86.75077264
20131125,0.0,74.84,24.73,12.6,12.14,2.09,4.14,23.25198332,86.75077264
20131126,0.0,74.3,25.12,12.35,12.78,3.05,5.4,23.25198332,86.75077264
20131127,0.0,74.9,25.45,12.41,13.04,2.45,4.9,23.25198332,86.75077264
20131128,0.0,79.02,25.66,14.01,11.66,1.64,2.32,23.25198332,86.75077264
20131129,0.0,80.23,26.03,14.92,11.11,2.92,4.46,23.25198332,86.75077264
20131130,0.0,78.56,25.85,15.01,10.84,1.85,4.47,23.25198332,86.75077264
20131201,0.0,77.29,25.31,13.78,11.52,1.97,5.07,23.25198332,86.75077264
20131202,0.0,71.09,24.52,11.11,13.42,1.75,3.84,23.25198332,86.75077264
20131203,0.0,73.27,24.09,10.66,13.43,1.21,3.64,23.25198332,86.75077264
20131204,0.0,74.3,25.34,11.56,13.78,2.08,4.86,23.25198332,86.75077264
20131205,0.0,71.06,24.34,10.53,13.81,1.94,4.6,23.25198332,86.75077264
20131206,0.0,69.72,23.98,10.02,13.96,2.38,5.41,23.25198332,86.75077264
20131207,0.0,70.48,24.5,11.01,13.48,2.74,5.34,23.25198332,86.75077264
20131208,0.0,74.47,24.06,11.29,12.78,1.48,3.61,23.25198332,86.75077264
20131209,0.0,77.02,23.72,11.18,12.54,2.76,4.63,23.25198332,86.75077264
20131210,0.0,79.4,24.49,12.43,12.06,2.9,4.34,23.25198332,86.75077264
20131211,0.0,71.66,24.03,11.66,12.37,2.82,4.67,23.25198332,86.75077264
20131212,0.0,73.28,23.48,10.72,12.76,1.33,3.66,23.25198332,86.75077264
20131213,0.0,70.69,24.38,10.11,14.27,2.3,4.55,23.25198332,86.75077264
20131214,0.0,72.28,23.34,9.48,13.86,1.61,4.88,23.25198332,86.75077264
20131215,0.0,69.89,22.97,10.69,12.29,2.38,4.38,23.25198332,86.75077264
20131216,0.0,71.18,22.64,11.55,11.09,1.28,2.16,23.25198332,86.75077264
20131217,0.0,73.68,23.15,10.78,12.37,1.61,1.71,23.25198332,86.75077264
20131218,0.0,73.93,23.26,10.81,12.44,3.06,4.27,23.25198332,86.75077264
20131219,0.0,73.93,23.35,11.11,12.24,2.23,3.57,23.25198332,86.75077264
20131220,0.0,80.25,23.41,12.75,10.66,2.29,2.83,23.25198332,86.75077264
20131221,0.0,83.13,24.0,13.83,10.17,2.38,4.45,23.25198332,86.75077264
20131222,0.0,78.49,24.19,12.95,11.23,2.21,4.07,23.25198332,86.75077264
20131223,0.0,79.04,24.93,12.72,12.21,1.19,2.47,23.25198332,86.75077264
20131224,0.0,81.75,23.21,12.74,10.47,1.6,3.28,23.25198332,86.75077264
20131225,0.0,76.26,21.53,9.54,11.99,1.82,3.98,23.25198332,86.75077264
20131226,0.0,75.03,22.16,7.95,14.21,2.03,4.14,23.25198332,86.75077264
20131227,0.0,68.9,22.5,7.46,15.04,1.62,3.59,23.25198332,86.75077264
20131228,0.0,66.09,24.24,8.73,15.5,2.15,4.14,23.25198332,86.75077264
20131229,0.0,74.32,22.88,10.28,12.6,1.73,3.42,23.25198332,86.75077264
20131230,0.0,76.59,22.25,11.77,10.48,1.38,1.61,23.25198332,86.75077264
20131231,0.0,73.89,23.45,11.94,11.51,1.56,2.54,23.25198332,86.75077264
20140101,0.0,75.29,24.01,11.17,12.84,1.66,4.17,23.25198332,86.75077264
20140102,0.0,82.97,24.61,12.75,11.86,2.43,2.94,23.25198332,86.75077264
20140103,0.0,78.13,21.17,10.09,11.08,1.82,3.74,23.25198332,86.75077264
20140104,0.0,68.23,20.87,7.27,13.6,1.36,3.52,23.25198332,86.75077264
20140105,0.02,67.85,23.23,7.98,15.25,2.39,4.28,23.25198332,86.75077264
20140106,0.5,81.23,22.5,12.3,10.2,2.01,3.06,23.25198332,86.75077264
20140107,0.1,73.21,22.08,10.23,11.85,1.29,4.26,23.25198332,86.75077264
20140108,0.0,61.26,21.03,6.9,14.13,2.22,5.29,23.25198332,86.75077264
20140109,0.0,61.4,21.75,6.7,15.05,2.35,4.05,23.25198332,86.75077264
20140110,0.11,67.54,23.29,10.84,12.45,2.21,3.73,23.25198332,86.75077264
20140111,1.17,78.04,22.92,11.86,11.06,3.58,5.85,23.25198332,86.75077264
20140112,0.81,83.62,22.65,13.3,9.35,3.04,6.63,23.25198332,86.75077264
20140113,0.0,79.75,21.54,9.92,11.62,1.23,3.84,23.25198332,86.75077264
20140114,0.0,73.68,22.59,9.13,13.45,1.9,4.93,23.25198332,86.75077264
20140115,0.0,68.21,22.26,8.11,14.14,2.66,5.34,23.25198332,86.75077264
20140116,0.0,71.33,22.48,9.71,12.77,1.45,3.35,23.25198332,86.75077264
20140117,0.0,69.19,23.24,10.16,13.08,2.1,4.55,23.25198332,86.75077264
20140118,0.31,64.64,24.01,12.02,11.99,2.21,2.27,23.25198332,86.75077264
20140119,0.05,78.45,24.14,13.35,10.79,3.75,7.53,23.25198332,86.75077264
20140120,0.0,72.98,22.69,9.55,13.14,1.78,5.09,23.25198332,86.75077264
20140121,0.0,64.54,22.69,9.88,12.81,3.14,5.88,23.25198332,86.75077264
20140122,0.0,66.45,23.6,9.18,14.42,2.38,4.61,23.25198332,86.75077264
20140123,0.0,68.31,25.07,11.57,13.5,2.43,5.86,23.25198332,86.75077264
20140124,0.0,73.5,24.46,11.08,13.37,1.37,4.63,23.25198332,86.75077264
20140125,0.0,77.64,24.79,12.02,12.77,2.13,2.52,23.25198332,86.75077264
20140126,0.0,69.08,23.02,9.99,13.03,2.2,4.71,23.25198332,86.75077264
20140127,0.0,64.98,22.07,6.7,15.37,1.82,4.58,23.25198332,86.75077264
20140128,0.0,65.03,22.86,7.12,15.74,2.53,5.04,23.25198332,86.75077264
20140129,0.0,64.26,22.8,8.97,13.82,1.45,3.35,23.25198332,86.75077264
20140130,0.0,62.36,24.26,9.89,14.37,1.48,5.01,23.25198332,86.75077264
20140131,0.0,62.21,23.69,8.41,15.28,1.79,4.16,23.25198332,86.75077264
20140201,0.0,61.66,23.8,8.21,15.59,1.76,4.74,23.25198332,86.75077264
20140202,0.0,59.28,24.12,6.87,17.25,2.05,4.5,23.25198332,86.75077264
20140203,0.0,62.07,24.34,6.98,17.36,2.27,6.28,23.25198332,86.75077264
20140204,0.0,62.8,25.73,8.71,17.03,2.27,5.68,23.25198332,86.75077264
20140205,0.0,66.36,27.18,11.06,16.13,1.74,4.87,23.25198332,86.75077264
20140206,0.0,65.62,27.6,11.94,15.66,1.92,3.87,23.25198332,86.75077264
20140207,0.0,61.97,28.54,12.76,15.78,2.37,4.91,23.25198332,86.75077264
20140208,0.0,64.37,29.84,14.54,15.3,2.76,3.98,23.25198332,86.75077264
20140209,0.0,62.1,28.4,13.32,15.08,3.25,6.37,23.25198332,86.75077264
20140210,0.0,62.13,25.7,12.72,12.97,3.14,5.15,23.25198332,86.75077264
20140211,0.0,63.33,25.97,12.04,13.93,2.79,6.61,23.25198332,86.75077264
20140212,0.0,56.12,26.19,11.19,15.0,2.73,5.41,23.25198332,86.75077264
20140213,0.0,55.17,25.95,10.75,15.21,2.49,4.88,23.25198332,86.75077264
20140214,0.07,67.38,26.69,14.86,11.83,3.27,5.86,23.25198332,86.75077264
20140215,12.59,86.41,25.45,16.86,8.59,2.86,5.15,23.25198332,86.75077264
20140216,6.83,78.49,25.16,14.0,11.16,5.39,6.8,23.25198332,86.75077264
20140217,0.27,63.96,23.83,10.99,12.84,4.16,3.13,23.25198332,86.75077264
20140218,0.0,52.42,23.76,7.69,16.07,3.31,6.51,23.25198332,86.75077264
20140219,0.0,53.85,24.87,9.52,15.35,1.39,3.13,23.25198332,86.75077264
20140220,0.0,52.0,26.39,10.15,16.24,2.88,4.98,23.25198332,86.75077264
20140221,0.0,60.28,26.98,13.1,13.88,1.59,2.92,23.25198332,86.75077264
20140222,0.0,64.98,27.49,14.87,12.62,1.85,2.82,23.25198332,86.75077264
20140223,0.43,74.89,23.61,14.8,8.81,3.12,5.03,23.25198332,86.75077264
20140224,0.01,75.23,26.81,15.48,11.33,2.07,3.06,23.25198332,86.75077264
20140225,0.0,65.4,28.17,14.2,13.97,2.7,4.62,23.25198332,86.75077264
20140226,0.43,64.1,28.78,14.94,13.84,2.08,4.95,23.25198332,86.75077264
20140227,7.14,70.2,28.44,16.11,12.34,1.89,3.56,23.25198332,86.75077264
20140228,13.76,82.56,25.31,18.0,7.31,1.63,3.09,23.25198332,86.75077264
20140301,5.36,85.29,25.63,16.76,8.87,2.42,4.85,23.25198332,86.75077264
20140302,5.48,81.08,24.75,16.94,7.81,4.18,5.15,23.25198332,86.75077264
20140303,0.0,66.58,27.61,13.96,13.65,2.6,4.84,23.25198332,86.75077264
20140304,2.55,67.5,25.89,13.92,11.97,2.33,5.61,23.25198332,86.75077264
20140305,1.09,64.06,27.55,13.7,13.86,3.36,5.71,23.25198332,86.75077264
20140306,0.0,56.72,28.14,12.97,15.18,1.09,4.03,23.25198332,86.75077264
20140307,0.0,57.5,28.2,13.46,14.74,2.0,3.42,23.25198332,86.75077264
20140308,0.0,59.31,28.68,13.49,15.19,2.24,5.13,23.25198332,86.75077264
20140309,0.0,55.06,28.25,13.63,14.62,2.36,4.75,23.25198332,86.75077264
20140310,0.0,52.85,29.23,14.32,14.91,2.34,4.35,23.25198332,86.75077264
20140311,0.01,55.46,30.6,15.37,15.23,1.89,3.26,23.25198332,86.75077264
20140312,0.0,63.45,30.55,17.34,13.21,1.6,3.85,23.25198332,86.75077264
20140313,0.72,67.09,29.97,18.36,11.61,2.34,3.31,23.25198332,86.75077264
20140314,0.0,60.02,31.1,16.94,14.16,2.09,3.1,23.25198332,86.75077264
20140315,0.0,53.21,31.6,15.99,15.62,2.05,4.32,23.25198332,86.75077264
20140316,0.0,49.74,32.42,15.45,16.97,2.14,4.68,23.25198332,86.75077264
20140317,0.0,44.82,32.22,14.86,17.35,2.07,3.77,23.25198332,86.75077264
20140318,0.0,47.6,33.69,17.84,15.85,2.09,2.8,23.25198332,86.75077264
20140319,0.06,51.38,34.98,19.9,15.08,2.04,4.43,23.25198332,86.75077264
20140320,0.06,45.62,33.65,17.58,16.07,2.78,3.8,23.25198332,86.75077264
20140321,0.0,41.43,32.72,15.51,17.2,2.19,4.15,23.25198332,86.75077264
20140322,1.09,53.69,33.56,18.81,14.75,3.64,6.91,23.25198332,86.75077264
20140323,1.73,63.86,32.45,19.43,13.02,2.79,3.45,23.25198332,86.75077264
20140324,1.23,54.35,32.8,18.94,13.86,2.03,3.41,23.25198332,86.75077264
20140325,0.75,58.6,34.35,19.97,14.38,3.61,7.01,23.25198332,86.75077264
20140326,0.11,56.35,34.73,20.88,13.85,3.01,5.33,23.25198332,86.75077264
20140327,0.01,49.23,37.39,22.26,15.13,3.2,3.96,23.25198332,86.75077264
20140328,0.03,44.72,37.7,21.25,16.46,4.34,4.38,23.25198332,86.75077264
20140329,0.0,39.87,38.82,20.3,18.52,4.57,4.15,23.25198332,86.75077264
20140330,0.0,37.78,39.14,20.69,18.45,3.0,3.41,23.25198332,86.75077264
20140331,0.0,38.4,38.12,21.93,16.19,4.22,5.91,23.25198332,86.75077264
20140401,0.0,38.45,37.14,19.92,17.22,4.09,5.01,23.25198332,86.75077264
20140402,0.0,37.63,37.71,20.86,16.85,2.95,4.91,23.25198332,86.75077264
20140403,0.0,48.48,38.33,22.06,16.27,2.71,5.89,23.25198332,86.75077264
20140404,0.0,35.9,37.3,21.94,15.36,4.22,5.91,23.25198332,86.75077264
20140405,0.55,33.59,37.85,20.31,17.54,3.79,4.92,23.25198332,86.75077264
20140406,0.0,36.3,37.84,21.29,16.55,1.95,2.86,23.25198332,86.75077264
20140407,0.0,36.19,39.67,22.34,17.34,2.81,5.76,23.25198332,86.75077264
20140408,0.0,42.1,40.68,23.26,17.42,3.12,5.64,23.25198332,86.75077264
20140409,0.12,36.46,38.42,23.37,15.05,5.04,5.74,23.25198332,86.75077264
20140410,0.0,26.82,38.65,19.98,18.66,3.12,3.55,23.25198332,86.75077264
20140411,0.0,27.96,38.54,19.26,19.28,2.38,5.04,23.25198332,86.75077264
20140412,0.47,41.22,38.46,21.87,16.58,4.23,7.45,23.25198332,86.75077264
20140413,0.01,41.27,38.92,23.22,15.7,4.18,7.2,23.25198332,86.75077264
20140414,0.0,40.78,38.96,23.79,15.16,4.07,7.51,23.25198332,86.75077264
20140415,0.28,39.58,38.43,22.86,15.58,3.59,6.67,23.25198332,86.75077264
20140416,0.0,36.5,40.65,23.82,16.83,1.97,4.62,23.25198332,86.75077264
20140417,6.15,37.72,40.13,24.12,16.01,4.24,5.88,23.25198332,86.75077264
20140418,0.01,31.89,41.12,24.7,16.42,2.68,5.42,23.25198332,86.75077264
20140419,0.0,34.93,38.94,25.31,13.63,5.23,6.33,23.25198332,86.75077264
20140420,0.01,36.14,39.72,25.03,14.7,4.06,5.56,23.25198332,86.75077264
20140421,0.01,32.66,39.25,24.25,15.0,2.96,4.15,23.25198332,86.75077264
20140422,0.0,33.25,40.5,25.44,15.06,2.63,3.83,23.25198332,86.75077264
20140423,0.0,28.64,41.71,26.1,15.61,3.89,4.49,23.25198332,86.75077264
20140424,0.0,27.86,41.89,25.55,16.34,3.15,4.19,23.25198332,86.75077264
20140425,0.0,28.98,42.13,25.2,16.92,2.43,3.31,23.25198332,86.75077264
20140426,0.0,27.8,42.77,25.98,16.79,2.22,4.38,23.25198332,86.75077264
20140427,0.0,30.39,42.95,26.2,16.75,2.7,5.68,23.25198332,86.75077264
20140428,0.3,33.87,42.46,27.74,14.72,4.2,6.46,23.25198332,86.75077264
20140429,0.21,31.06,43.29,27.12,16.17,2.92,4.4,23.25198332,86.75077264
20140430,0.04,32.67,42.63,25.51,17.13,2.09,3.76,23.25198332,86.75077264
20140501,0.16,37.1,41.56,26.18,15.38,4.88,7.92,23.25198332,86.75077264
20140502,9.89,46.57,40.77,25.9,14.87,4.92,5.57,23.25198332,86.75077264
20140503,5.93,57.72,38.96,24.78,14.18,3.19,3.92,23.25198332,86.75077264
20140504,7.88,53.95,39.6,23.75,15.85,3.61,7.03,23.25198332,86.75077264
20140505,2.68,54.67,38.06,24.4,13.66,3.52,5.58,23.25198332,86.75077264
20140506,0.15,44.7,39.84,24.92,14.92,2.76,4.29,23.25198332,86.75077264
20140507,0.16,40.33,40.51,26.19,14.33,5.36,5.54,23.25198332,86.75077264
20140508,0.03,38.44,41.86,26.52,15.34,4.63,3.46,23.25198332,86.75077264
20140509,0.0,30.17,43.6,29.56,14.04,4.05,3.45,23.25198332,86.75077264
20140510,0.46,36.86,39.17,28.29,10.88,6.54,7.51,23.25198332,86.75077264
20140511,0.15,40.03,42.46,26.05,16.41,6.57,8.04,23.25198332,86.75077264
20140512,0.09,31.3,43.64,26.37,17.27,4.49,4.96,23.25198332,86.75077264
20140513,0.0,28.62,43.54,27.54,16.0,2.62,4.16,23.25198332,86.75077264
20140514,0.0,26.63,43.24,28.49,14.75,3.89,3.69,23.25198332,86.75077264
20140515,0.0,24.07,42.94,28.01,14.93,4.69,3.9,23.25198332,86.75077264
20140516,0.0,21.9,43.22,27.84,15.38,3.16,4.34,23.25198332,86.75077264
20140517,0.0,26.89,43.0,29.76,13.24,4.32,6.3,23.25198332,86.75077264
20140518,0.0,27.32,44.14,28.21,15.92,3.02,2.58,23.25198332,86.75077264
20140519,0.0,21.59,44.97,28.31,16.66,4.82,5.43,23.25198332,86.75077264
20140520,0.0,15.89,44.87,25.87,19.0,6.77,7.8,23.25198332,86.75077264
20140521,0.0,23.9,45.46,26.51,18.95,5.0,5.32,23.25198332,86.75077264
20140522,0.0,33.31,44.43,28.66,15.77,3.03,4.7,23.25198332,86.75077264
20140523,0.0,34.06,43.73,27.5,16.22,7.09,8.66,23.25198332,86.75077264
20140524,0.2,48.93,39.42,28.73,10.7,5.14,6.85,23.25198332,86.75077264
20140525,4.15,60.75,34.75,27.26,7.5,2.76,3.31,23.25198332,86.75077264
20140526,23.99,79.78,30.74,25.77,4.97,3.68,4.1,23.25198332,86.75077264
20140527,19.47,76.73,32.82,25.94,6.88,6.38,6.64,23.25198332,86.75077264
20140528,2.34,71.13,33.6,25.61,7.99,7.36,7.75,23.25198332,86.75077264
20140529,0.01,54.36,39.03,24.29,14.73,4.02,6.0,23.25198332,86.75077264
20140530,16.7,65.62,39.62,26.94,12.68,2.65,3.51,23.25198332,86.75077264
20140531,7.39,72.45,36.18,26.65,9.53,2.68,4.72,23.25198332,86.75077264
20140601,0.46,63.89,36.92,26.73,10.18,2.94,5.41,23.25198332,86.75077264
20140602,0.01,66.37,35.22,26.83,8.38,3.26,5.46,23.25198332,86.75077264
20140603,0.0,61.17,37.18,27.29,9.9,2.67,5.12,23.25198332,86.75077264
20140604,0.0,56.49,39.05,27.41,11.64,4.86,7.03,23.25198332,86.75077264
20140605,0.0,58.25,39.04,28.36,10.69,2.76,4.77,23.25198332,86.75077264
20140606,1.6,57.42,41.84,28.31,13.54,4.09,6.11,23.25198332,86.75077264
20140607,5.3,63.49,40.33,28.0,12.33,5.33,6.58,23.25198332,86.75077264
20140608,1.51,67.85,37.91,28.28,9.63,3.06,4.62,23.25198332,86.75077264
20140609,2.75,55.22,41.99,28.4,13.59,5.28,7.06,23.25198332,86.75077264
20140610,4.68,59.22,41.37,26.89,14.48,4.46,6.09,23.25198332,86.75077264
20140611,1.49,54.16,42.53,28.72,13.81,3.97,5.49,23.25198332,86.75077264
20140612,1.18,46.14,43.74,27.69,16.06,3.78,4.07,23.25198332,86.75077264
20140613,0.36,39.68,42.58,28.01,14.57,2.94,4.22,23.25198332,86.75077264
20140614,0.67,44.53,42.1,27.82,14.27,3.8,3.94,23.25198332,86.75077264
20140615,2.51,49.61,40.07,29.26,10.81,2.63,3.68,23.25198332,86.75077264
20140616,2.62,54.51,39.16,29.17,9.99,4.55,6.33,23.25198332,86.75077264
20140617,2.83,62.61,36.39,28.69,7.7,3.61,4.17,23.25198332,86.75077264
20140618,16.85,71.7,34.2,28.53,5.67,3.21,3.52,23.25198332,86.75077264
20140619,28.43,79.14,32.71,27.13,5.59,2.86,4.67,23.25198332,86.75077264
20140620,21.52,82.39,32.93,26.97,5.96,1.99,3.2,23.25198332,86.75077264
20140621,11.66,83.34,32.31,26.74,5.58,3.77,4.68,23.25198332,86.75077264
20140622,2.73,70.87,36.58,26.03,10.55,4.14,4.58,23.25198332,86.75077264
20140623,0.37,59.55,39.79,26.72,13.07,3.61,4.71,23.25198332,86.75077264
20140624,0.03,66.41,34.45,28.5,5.94,4.74,6.39,23.25198332,86.75077264
20140625,5.99,71.73,34.5,27.27,7.23,3.5,5.82,23.25198332,86.75077264
20140626,2.63,71.49,34.19,27.14,7.05,2.12,4.53,23.25198332,86.75077264
20140627,3.83,69.84,35.58,26.84,8.74,3.67,6.05,23.25198332,86.75077264
20140628,4.82,73.5,35.21,26.74,8.47,2.72,4.68,23.25198332,86.75077264
20140629,5.63,72.89,35.06,27.36,7.69,2.15,3.99,23.25198332,86.75077264
20140630,11.63,83.07,32.19,27.14,5.04,2.18,3.58,23.25198332,86.75077264
20140701,9.28,73.58,34.71,26.59,8.11,3.08,5.46,23.25198332,86.75077264
20140702,8.94,84.64,31.12,26.36,4.77,5.95,5.82,23.25198332,86.75077264
20140703,37.1,88.72,29.88,26.2,3.68,3.84,3.39,23.25198332,86.75077264
20140704,19.73,86.78,30.29,25.57,4.72,4.98,4.67,23.25198332,86.75077264
20140705,7.58,79.18,33.43,25.41,8.03,2.58,4.79,23.25198332,86.75077264
20140706,3.31,82.75,32.82,26.29,6.53,3.26,1.87,23.25198332,86.75077264
20140707,0.64,77.2,33.6,25.87,7.73,3.07,1.73,23.25198332,86.75077264
20140708,8.0,80.39,33.67,25.69,7.98,2.89,1.53,23.25198332,86.75077264
20140709,7.22,73.19,35.45,25.63,9.82,3.12,4.63,23.25198332,86.75077264
20140710,3.64,77.82,32.79,27.21,5.58,2.81,4.76,23.25198332,86.75077264
20140711,1.9,76.5,34.34,26.28,8.06,2.71,2.59,23.25198332,86.75077264
20140712,3.65,81.97,33.13,26.33,6.8,4.99,5.93,23.25198332,86.75077264
20140713,7.54,81.97,33.66,26.86,6.81,5.7,5.32,23.25198332,86.75077264
20140714,15.79,87.6,32.67,26.8,5.87,2.84,4.03,23.25198332,86.75077264
20140715,12.05,82.33,32.85,26.28,6.57,3.12,2.36,23.25198332,86.75077264
20140716,7.57,83.01,32.73,25.99,6.74,3.58,2.96,23.25198332,86.75077264
20140717,2.58,79.08,33.65,25.83,7.82,3.79,4.73,23.25198332,86.75077264
20140718,10.19,84.18,31.91,26.27,5.64,3.23,4.36,23.25198332,86.75077264
20140719,13.38,84.32,32.3,26.55,5.76,3.42,3.01,23.25198332,86.75077264
20140720,18.11,87.26,31.91,26.12,5.79,3.43,3.14,23.25198332,86.75077264
20140721,9.32,86.35,31.64,25.82,5.82,4.97,5.85,23.25198332,86.75077264
20140722,3.06,87.67,30.93,25.8,5.14,3.64,3.9,23.25198332,86.75077264
20140723,0.52,81.24,31.79,24.61,7.18,1.97,2.41,23.25198332,86.75077264
20140724,5.91,79.2,32.26,24.61,7.64,2.35,3.92,23.25198332,86.75077264
20140725,12.97,85.23,31.37,25.09,6.28,1.98,3.22,23.25198332,86.75077264
20140726,6.59,85.5,31.83,25.22,6.6,3.07,2.33,23.25198332,86.75077264
20140727,2.59,86.22,31.45,25.78,5.67,4.1,4.47,23.25198332,86.75077264
20140728,8.23,84.32,32.03,25.7,6.33,3.13,2.05,23.25198332,86.75077264
20140729,7.35,86.86,31.45,26.05,5.4,4.19,3.38,23.25198332,86.75077264
20140730,7.47,85.24,32.3,26.06,6.24,3.8,2.83,23.25198332,86.75077264
20140731,4.26,83.99,32.2,26.03,6.17,3.64,2.98,23.25198332,86.75077264
20140801,1.78,84.81,32.35,25.66,6.69,2.61,1.81,23.25198332,86.75077264
20140802,15.22,88.6,31.2,26.1,5.1,2.9,4.47,23.25198332,86.75077264
20140803,14.17,86.43,32.02,26.24,5.77,4.52,5.95,23.25198332,86.75077264
20140804,18.61,89.19,31.82,26.14,5.68,3.86,4.28,23.25198332,86.75077264
20140805,10.12,87.68,30.56,25.51,5.05,5.07,5.12,23.25198332,86.75077264
20140806,1.1,82.63,32.37,25.23,7.14,2.91,4.0,23.25198332,86.75077264
20140807,11.67,86.56,30.57,24.72,5.85,3.09,4.57,23.25198332,86.75077264
20140808,20.59,90.64,29.46,25.27,4.19,2.15,3.84,23.25198332,86.75077264
20140809,71.56,87.6,31.39,25.44,5.95,2.49,1.49,23.25198332,86.75077264
20140810,13.22,90.33,31.1,26.1,5.0,5.99,7.99,23.25198332,86.75077264
20140811,2.16,82.63,32.42,24.96,7.46,3.5,2.13,23.25198332,86.75077264
20140812,8.37,87.24,31.56,25.49,6.08,3.89,3.14,23.25198332,86.75077264
20140813,15.49,89.83,30.68,26.17,4.5,2.06,3.6,23.25198332,86.75077264
20140814,10.38,89.72,29.91,25.72,4.19,2.27,4.49,23.25198332,86.75077264
20140815,10.44,91.61,29.59,25.76,3.83,3.5,3.91,23.25198332,86.75077264
20140816,9.89,87.7,29.74,25.63,4.11,2.21,4.36,23.25198332,86.75077264
20140817,6.56,85.54,30.51,24.62,5.89,1.79,4.49,23.25198332,86.75077264
20140818,13.94,79.31,32.42,24.62,7.8,2.25,3.91,23.25198332,86.75077264
20140819,1.6,82.13,32.47,24.85,7.62,1.73,2.88,23.25198332,86.75077264
20140820,1.61,90.45,30.15,25.71,4.44,2.02,2.32,23.25198332,86.75077264
20140821,13.57,84.83,31.89,25.15,6.74,1.89,2.97,23.25198332,86.75077264
20140822,15.11,87.1,31.56,24.98,6.58,1.26,3.71,23.25198332,86.75077264
20140823,4.32,87.66,30.01,25.52,4.48,2.25,4.66,23.25198332,86.75077264
20140824,4.25,87.49,31.17,24.95,6.22,1.58,2.76,23.25198332,86.75077264
20140825,1.58,83.16,32.04,24.55,7.49,2.11,4.19,23.25198332,86.75077264
20140826,9.75,85.73,31.88,24.85,7.03,0.86,3.15,23.25198332,86.75077264
20140827,14.6,88.94,30.5,25.01,5.49,1.74,2.2,23.25198332,86.75077264
20140828,4.05,88.96,30.3,24.87,5.43,2.81,2.37,23.25198332,86.75077264
20140829,3.01,88.84,30.12,24.91,5.21,3.49,2.16,23.25198332,86.75077264
20140830,2.64,91.39,28.97,24.84,4.13,3.86,2.95,23.25198332,86.75077264
20140831,18.03,91.35,28.32,24.27,4.05,3.67,3.59,23.25198332,86.75077264
20140901,19.87,93.78,28.26,24.65,3.62,5.36,4.98,23.25198332,86.75077264
20140902,5.47,91.18,28.66,24.8,3.86,3.23,2.19,23.25198332,86.75077264
20140903,3.15,86.28,30.34,23.47,6.87,1.6,3.04,23.25198332,86.75077264
20140904,3.06,84.19,31.41,24.48,6.93,2.65,2.91,23.25198332,86.75077264
20140905,5.73,89.6,29.62,25.08,4.54,4.13,5.06,23.25198332,86.75077264
20140906,10.67,88.78,31.22,24.71,6.51,4.51,3.87,23.25198332,86.75077264
20140907,4.83,90.67,30.1,25.04,5.06,4.56,4.05,23.25198332,86.75077264
20140908,4.98,87.44,30.76,24.14,6.62,2.12,1.62,23.25198332,86.75077264
20140909,3.31,85.5,30.91,24.72,6.19,2.16,1.81,23.25198332,86.75077264
20140910,7.68,84.03,31.16,23.79,7.37,1.32,3.98,23.25198332,86.75077264
20140911,1.2,86.42,31.07,24.34,6.73,1.32,3.09,23.25198332,86.75077264
20140912,2.14,87.55,30.99,24.69,6.31,1.11,3.41,23.25198332,86.75077264
20140913,1.1,87.39,30.38,24.8,5.58,2.05,4.33,23.25198332,86.75077264
20140914,14.49,84.29,30.76,24.98,5.78,1.38,3.16,23.25198332,86.75077264
20140915,6.32,84.29,31.64,24.55,7.09,2.9,4.91,23.25198332,86.75077264
20140916,0.4,84.08,31.42,24.45,6.97,1.86,4.09,23.25198332,86.75077264
20140917,14.41,81.1,32.35,24.0,8.34,1.5,3.72,23.25198332,86.75077264
20140918,5.14,84.42,32.42,25.31,7.12,1.79,4.41,23.25198332,86.75077264
20140919,6.27,90.74,30.29,25.06,5.23,2.42,3.09,23.25198332,86.75077264
20140920,10.96,94.08,29.1,24.9,4.2,3.27,2.78,23.25198332,86.75077264
20140921,20.64,88.79,30.08,25.14,4.94,1.53,2.76,23.25198332,86.75077264
20140922,5.83,86.94,31.21,24.64,6.57,1.56,2.47,23.25198332,86.75077264
20140923,27.61,79.46,31.93,23.19,8.74,2.93,4.58,23.25198332,86.75077264
20140924,11.95,78.52,32.17,23.57,8.6,1.44,1.89,23.25198332,86.75077264
20140925,1.47,80.25,31.95,24.0,7.95,1.57,1.53,23.25198332,86.75077264
20140926,0.3,77.93,32.12,22.82,9.3,1.93,2.41,23.25198332,86.75077264
20140927,0.01,76.22,32.07,22.0,10.07,2.53,4.29,23.25198332,86.75077264
20140928,0.01,75.66,32.43,21.38,11.04,1.98,4.75,23.25198332,86.75077264
20140929,0.04,74.26,32.2,22.19,10.02,1.28,3.61,23.25198332,86.75077264
20140930,0.46,78.96,31.88,22.65,9.23,1.07,2.12,23.25198332,86.75077264
20141001,0.93,77.13,31.33,22.72,8.61,1.11,2.4,23.25198332,86.75077264
20141002,4.88,77.26,31.24,22.85,8.39,2.71,4.02,23.25198332,86.75077264
20141003,2.21,77.06,31.3,23.55,7.75,1.68,2.48,23.25198332,86.75077264
20141004,0.65,77.84,31.15,23.37,7.78,1.3,2.28,23.25198332,86.75077264
20141005,0.06,80.34,30.69,23.59,7.1,2.22,2.47,23.25198332,86.75077264
20141006,0.01,77.65,31.14,24.06,7.09,1.13,1.97,23.25198332,86.75077264
20141007,24.57,78.82,30.93,22.89,8.04,2.13,3.98,23.25198332,86.75077264
20141008,1.62,76.6,31.28,22.81,8.47,2.06,3.53,23.25198332,86.75077264
20141009,2.06,77.82,31.24,23.05,8.19,2.52,3.87,23.25198332,86.75077264
20141010,1.68,84.31,30.89,23.31,7.59,2.14,3.19,23.25198332,86.75077264
20141011,3.73,87.44,30.19,23.35,6.83,2.9,3.02,23.25198332,86.75077264
20141012,34.5,94.4,27.61,24.31,3.3,3.58,3.29,23.25198332,86.75077264
20141013,8.8,90.79,29.64,24.57,5.07,1.97,1.31,23.25198332,86.75077264
20141014,2.95,90.19,29.59,24.27,5.32,4.19,3.16,23.25198332,86.75077264
20141015,0.13,86.31,30.66,23.07,7.59,1.87,4.24,23.25198332,86.75077264
20141016,0.23,82.3,28.78,20.62,8.16,2.06,3.05,23.25198332,86.75077264
20141017,0.0,82.22,28.82,19.61,9.21,1.24,3.77,23.25198332,86.75077264
20141018,0.0,77.3,29.27,18.31,10.96,0.83,3.18,23.25198332,86.75077264
20141019,0.0,76.2,29.42,19.17,10.25,0.88,3.06,23.25198332,86.75077264
20141020,0.0,70.39,28.65,17.48,11.16,1.29,3.45,23.25198332,86.75077264
20141021,0.0,65.22,29.04,17.44,11.6,2.03,3.35,23.25198332,86.75077264
20141022,0.0,68.55,28.56,17.49,11.07,1.97,2.96,23.25198332,86.75077264
20141023,0.0,70.71,29.02,18.06,10.96,2.09,3.45,23.25198332,86.75077264
20141024,0.0,71.23,28.68,18.1,10.58,1.97,3.96,23.25198332,86.75077264
20141025,0.62,76.24,28.39,19.91,8.48,1.81,4.04,23.25198332,86.75077264
20141026,3.61,84.37,24.8,19.01,5.8,1.18,2.97,23.25198332,86.75077264
20141027,0.46,83.35,25.04,18.08,6.96,1.72,4.75,23.25198332,86.75077264
20141028,0.04,78.41,27.34,19.02,8.32,1.33,2.84,23.25198332,86.75077264
20141029,0.0,72.33,28.18,17.33,10.85,2.41,4.82,23.25198332,86.75077264
20141030,0.0,65.66,28.44,18.22,10.22,1.58,2.59,23.25198332,86.75077264
20141031,0.0,74.51,28.11,17.01,11.1,1.37,2.48,23.25198332,86.75077264
20141101,0.0,80.75,27.58,17.43,10.15,1.44,3.27,23.25198332,86.75077264
20141102,0.0,78.33,28.24,17.25,10.99,2.21,4.21,23.25198332,86.75077264
20141103,0.0,71.28,27.09,15.77,11.32,1.94,4.06,23.25198332,86.75077264
20141104,0.0,64.41,27.78,13.87,13.91,2.71,5.64,23.25198332,86.75077264
20141105,0.0,69.67,27.45,14.81,12.64,1.7,3.08,23.25198332,86.75077264
20141106,0.0,74.73,27.77,14.92,12.86,2.24,3.91,23.25198332,86.75077264
20141107,0.0,78.44,28.1,15.8,12.29,1.78,3.31,23.25198332,86.75077264
20141108,0.0,72.84,28.96,15.69,13.27,2.45,5.28,23.25198332,86.75077264
20141109,0.0,77.21,28.54,16.6,11.94,2.89,4.96,23.25198332,86.75077264
20141110,0.0,73.14,27.91,17.22,10.69,2.04,4.47,23.25198332,86.75077264
20141111,0.0,67.34,28.43,17.6,10.83,1.22,1.87,23.25198332,86.75077264
20141112,0.0,69.18,28.04,17.36,10.68,1.7,3.81,23.25198332,86.75077264
20141113,0.0,64.98,28.09,16.01,12.08,1.26,3.68,23.25198332,86.75077264
20141114,0.0,61.6,27.23,13.41,13.82,1.22,4.33,23.25198332,86.75077264
20141115,0.0,61.21,26.78,12.94,13.84,1.87,4.22,23.25198332,86.75077264
20141116,0.0,61.13,26.37,13.34,13.03,1.6,2.81,23.25198332,86.75077264
20141117,0.0,63.41,25.79,12.84,12.95,1.6,3.45,23.25198332,86.75077264
20141118,0.0,63.37,25.76,11.62,14.14,1.61,4.46,23.25198332,86.75077264
20141119,0.0,63.85,25.68,11.42,14.25,1.69,4.27,23.25198332,86.75077264
20141120,0.0,61.26,26.1,12.42,13.68,1.91,3.13,23.25198332,86.75077264
20141121,0.0,57.69,26.14,11.76,14.38,2.1,3.62,23.25198332,86.75077264
20141122,0.0,53.94,26.63,13.42,13.21,2.27,3.63,23.25198332,86.75077264
20141123,0.0,57.36,26.31,12.1,14.21,1.97,3.53,23.25198332,86.75077264
20141124,0.0,59.62,25.75,11.95,13.8,1.45,3.58,23.25198332,86.75077264
20141125,0.0,64.72,25.37,10.69,14.67,1.35,3.48,23.25198332,86.75077264
20141126,0.0,57.5,25.36,10.13,15.23,2.05,3.92,23.25198332,86.75077264
20141127,0.0,56.87,25.08,11.43,13.65,1.77,2.96,23.25198332,86.75077264
20141128,0.0,59.09,25.95,10.85,15.1,1.74,3.34,23.25198332,86.75077264
20141129,0.0,57.6,26.57,11.74,14.82,2.81,4.84,23.25198332,86.75077264
20141130,0.0,64.68,26.58,11.86,14.72,2.19,4.75,23.25198332,86.75077264
20141201,0.0,70.62,26.65,12.33,14.33,1.5,4.05,23.25198332,86.75077264
20141202,0.0,63.76,26.48,11.44,15.04,1.92,4.04,23.25198332,86.75077264
20141203,0.0,60.95,25.66,10.34,15.31,2.23,4.04,23.25198332,86.75077264
20141204,0.0,63.16,24.75,10.77,13.98,2.02,4.86,23.25198332,86.75077264
20141205,0.0,65.62,25.06,11.18,13.88,1.84,4.6,23.25198332,86.75077264
20141206,0.0,72.29,24.25,11.26,12.99,1.79,4.07,23.25198332,86.75077264
20141207,0.0,59.52,24.4,9.8,14.6,2.29,4.85,23.25198332,86.75077264
20141208,0.0,58.83,25.14,9.74,15.4,1.41,3.24,23.25198332,86.75077264
20141209,0.0,55.85,24.98,9.93,15.05,2.23,4.17,23.25198332,86.75077264
20141210,0.0,57.53,24.7,9.62,15.08,2.0,3.78,23.25198332,86.75077264
20141211,0.02,62.6,23.27,9.95,13.32,1.19,3.74,23.25198332,86.75077264
20141212,5.33,59.08,21.26,10.17,11.09,1.84,4.44,23.25198332,86.75077264
20141213,0.0,63.78,19.96,11.08,8.89,1.56,3.3,23.25198332,86.75077264
20141214,0.69,60.96,22.17,11.59,10.58,2.05,3.43,23.25198332,86.75077264
20141215,0.25,66.39,24.68,12.1,12.58,2.5,4.87,23.25198332,86.75077264
20141216,0.21,80.04,23.63,12.97,10.65,2.79,5.02,23.25198332,86.75077264
20141217,0.0,65.75,22.12,9.13,12.99,2.68,4.75,23.25198332,86.75077264
20141218,0.0,63.18,22.2,7.32,14.88,2.31,3.96,23.25198332,86.75077264
20141219,0.0,64.19,21.47,7.14,14.33,2.43,3.98,23.25198332,86.75077264
20141220,0.0,59.9,21.65,7.9,13.75,3.52,6.79,23.25198332,86.75077264
20141221,0.0,62.82,21.7,8.49,13.21,1.73,4.17,23.25198332,86.75077264
20141222,0.0,60.27,21.61,5.59,16.01,2.06,3.77,23.25198332,86.75077264
20141223,0.0,55.23,22.07,6.12,15.95,1.92,4.58,23.25198332,86.75077264
20141224,0.0,59.59,23.41,6.65,16.75,1.51,4.4,23.25198332,86.75077264
20141225,0.0,63.1,22.75,6.36,16.4,2.12,3.46,23.25198332,86.75077264
20141226,0.0,63.08,22.09,6.56,15.53,2.36,3.05,23.25198332,86.75077264
20141227,0.0,62.0,21.24,5.94,15.29,2.24,3.76,23.25198332,86.75077264
20141228,0.0,60.88,21.19,5.45,15.75,2.23,5.28,23.25198332,86.75077264
20141229,0.0,62.53,22.17,6.53,15.64,3.52,7.56,23.25198332,86.75077264
20141230,0.0,61.0,23.05,7.51,15.54,2.98,5.03,23.25198332,86.75077264
20141231,0.75,68.62,22.06,11.62,10.44,2.41,4.76,23.25198332,86.75077264
20150101,1.92,88.27,22.13,14.08,8.04,4.15,4.38,23.25198332,86.75077264
20150102,14.07,87.97,25.29,16.71,8.58,3.69,3.19,23.25198332,86.75077264
20150103,7.51,87.0,27.35,16.66,10.69,2.74,4.94,23.25198332,86.75077264
20150104,2.53,83.92,24.27,17.27,7.0,3.98,3.71,23.25198332,86.75077264
20150105,0.0,70.67,23.31,11.56,11.74,2.7,3.26,23.25198332,86.75077264
20150106,0.0,62.5,22.56,7.41,15.15,2.16,3.73,23.25198332,86.75077264
20150107,0.0,61.24,23.0,8.12,14.88,1.88,3.55,23.25198332,86.75077264
20150108,0.0,66.45,22.96,9.12,13.84,1.63,5.54,23.25198332,86.75077264
20150109,0.0,66.09,22.38,8.24,14.14,1.9,3.98,23.25198332,86.75077264
20150110,0.0,56.89,23.06,6.68,16.39,3.04,5.19,23.25198332,86.75077264
20150111,0.0,53.29,21.56,5.78,15.79,2.95,5.73,23.25198332,86.75077264
20150112,0.0,56.02,21.68,6.45,15.23,3.23,5.2,23.25198332,86.75077264
20150113,0.0,60.61,22.39,7.0,15.39,2.8,5.12,23.25198332,86.75077264
20150114,0.0,62.53,23.29,8.81,14.48,2.42,4.23,23.25198332,86.75077264
20150115,0.0,62.78,24.71,10.41,14.3,1.94,4.02,23.25198332,86.75077264
20150116,0.0,57.58,24.15,8.5,15.65,2.91,5.73,23.25198332,86.75077264
20150117,0.0,60.19,23.48,8.94,14.55,2.7,4.72,23.25198332,86.75077264
20150118,0.0,61.78,22.31,6.88,15.43,2.61,5.02,23.25198332,86.75077264
20150119,0.0,58.88,22.22,6.74,15.48,1.96,5.02,23.25198332,86.75077264
20150120,0.0,55.51,22.67,6.0,16.67,1.44,4.18,23.25198332,86.75077264
20150121,0.0,52.81,23.48,6.1,17.38,2.25,3.92,23.25198332,86.75077264
20150122,0.0,53.25,25.15,7.67,17.48,2.99,5.36,23.25198332,86.75077264
20150123,0.0,57.0,26.06,9.6,16.46,3.09,4.48,23.25198332,86.75077264
20150124,0.0,73.05,26.34,11.9,14.44,2.3,2.93,23.25198332,86.75077264
20150125,0.0,64.69,25.64,11.68,13.96,1.51,5.13,23.25198332,86.75077264
20150126,0.0,62.4,25.85,11.77,14.08,2.02,3.65,23.25198332,86.75077264
20150127,0.01,67.19,25.8,12.77,13.03,1.97,3.89,23.25198332,86.75077264
20150128,0.12,70.1,26.84,13.26,13.58,2.9,5.29,23.25198332,86.75077264
20150129,0.7,70.27,26.38,13.57,12.8,3.14,6.04,23.25198332,86.75077264
20150130,0.35,67.24,24.75,11.68,13.07,2.47,4.96,23.25198332,86.75077264
20150131,0.0,47.25,22.87,6.52,16.35,2.31,5.99,23.25198332,86.75077264
20150201,0.0,49.09,23.58,7.04,16.54,2.08,4.83,23.25198332,86.75077264
20150202,0.0,49.04,25.19,8.6,16.59,2.24,4.17,23.25198332,86.75077264
20150203,0.0,46.83,27.17,10.18,17.0,2.6,4.35,23.25198332,86.75077264
20150204,0.0,50.02,29.57,12.02,17.55,2.71,4.52,23.25198332,86.75077264
20150205,0.0,54.27,26.98,13.21,13.77,2.69,4.9,23.25198332,86.75077264
20150206,0.0,46.76,25.9,10.2,15.7,1.77,3.81,23.25198332,86.75077264
20150207,0.0,47.43,26.85,10.57,16.29,1.99,2.55,23.25198332,86.75077264
20150208,0.0,53.15,27.73,12.86,14.86,1.95,4.94,23.25198332,86.75077264
20150209,0.0,66.35,25.24,12.68,12.56,1.64,4.05,23.25198332,86.75077264
20150210,0.0,59.79,26.94,15.15,11.79,1.96,3.25,23.25198332,86.75077264
20150211,0.0,47.13,27.29,11.73,15.56,1.85,4.03,23.25198332,86.75077264
20150212,0.01,48.91,27.38,12.27,15.11,2.45,4.0,23.25198332,86.75077264
20150213,0.0,52.11,27.87,13.16,14.71,2.25,4.12,23.25198332,86.75077264
20150214,0.0,55.83,27.23,12.84,14.4,2.15,4.1,23.25198332,86.75077264
20150215,0.99,61.47,28.49,14.0,14.49,2.43,5.62,23.25198332,86.75077264
20150216,0.64,63.3,27.86,15.92,11.94,1.86,3.47,23.25198332,86.75077264
20150217,0.0,65.09,28.4,16.69,11.71,2.53,5.62,23.25198332,86.75077264
20150218,2.12,70.0,29.64,16.64,12.99,2.57,6.0,23.25198332,86.75077264
20150219,3.95,58.22,30.23,15.16,15.07,1.94,3.47,23.25198332,86.75077264
20150220,0.0,48.16,29.46,14.78,14.68,2.28,3.84,23.25198332,86.75077264
20150221,0.0,46.5,30.81,14.73,16.08,1.73,3.25,23.25198332,86.75077264
20150222,0.09,43.69,31.49,15.66,15.83,2.06,3.13,23.25198332,86.75077264
20150223,0.0,46.81,31.14,16.12,15.03,2.29,4.46,23.25198332,86.75077264
20150224,0.0,53.92,31.78,16.28,15.5,1.72,3.29,23.25198332,86.75077264
20150225,0.0,46.52,32.18,16.78,15.41,2.0,2.44,23.25198332,86.75077264
20150226,0.0,48.66,33.76,16.68,17.08,2.56,6.26,23.25198332,86.75077264
20150227,0.01,51.69,32.9,16.65,16.25,3.8,5.64,23.25198332,86.75077264
20150228,0.0,51.78,33.46,18.56,14.9,3.82,6.55,23.25198332,86.75077264
20150301,0.0,46.01,33.72,19.57,14.15,3.46,5.71,23.25198332,86.75077264
20150302,0.0,45.72,32.83,17.83,15.0,2.86,4.95,23.25198332,86.75077264
20150303,0.91,57.49,30.8,18.03,12.77,1.86,2.86,23.25198332,86.75077264
20150304,3.74,59.83,28.25,17.9,10.35,4.27,5.46,23.25198332,86.75077264
20150305,0.0,41.24,30.12,13.93,16.2,2.56,3.72,23.25198332,86.75077264
20150306,0.0,36.88,30.27,13.15,17.12,1.74,5.58,23.25198332,86.75077264
20150307,0.0,37.78,31.21,13.77,17.45,2.19,4.83,23.25198332,86.75077264
20150308,0.0,40.49,32.32,14.86,17.47,1.9,3.88,23.25198332,86.75077264
20150309,0.0,41.03,34.23,17.33,16.9,2.1,4.1,23.25198332,86.75077264
20150310,0.0,42.14,34.71,19.57,15.14,2.75,4.16,23.25198332,86.75077264
20150311,0.0,31.97,34.18,16.88,17.29,3.7,3.16,23.25198332,86.75077264
20150312,0.0,27.85,35.01,14.41,20.6,1.65,4.58,23.25198332,86.75077264
20150313,0.0,34.09,35.43,16.27,19.15,1.73,3.27,23.25198332,86.75077264
20150314,0.0,40.51,36.05,19.69,16.36,2.93,4.6,23.25198332,86.75077264
20150315,0.04,44.08,35.28,20.24,15.03,3.53,5.17,23.25198332,86.75077264
20150316,0.09,45.58,34.46,19.58,14.88,2.86,5.62,23.25198332,86.75077264
20150317,0.14,44.67,35.36,19.9,15.46,1.73,2.76,23.25198332,86.75077264
20150318,0.05,41.19,34.84,21.55,13.3,1.95,3.7,23.25198332,86.75077264
20150319,0.0,35.41,34.58,19.09,15.49,2.85,3.34,23.25198332,86.75077264
20150320,0.0,29.12,34.27,15.92,18.35,2.03,4.62,23.25198332,86.75077264
20150321,0.0,27.3,35.2,16.58,18.62,1.58,4.45,23.25198332,86.75077264
20150322,0.0,29.34,36.24,17.1,19.14,1.69,3.26,23.25198332,86.75077264
20150323,0.0,33.35,37.04,19.69,17.35,2.32,3.66,23.25198332,86.75077264
20150324,0.0,41.35,36.74,21.83,14.9,3.14,5.94,23.25198332,86.75077264
20150325,0.0,51.79,36.43,21.34,15.08,4.51,6.67,23.25198332,86.75077264
20150326,0.54,53.0,36.77,22.44,14.33,4.05,5.86,23.25198332,86.75077264
20150327,2.13,52.55,36.75,23.77,12.98,3.88,4.97,23.25198332,86.75077264
20150328,6.58,55.35,35.33,22.32,13.01,3.58,5.31,23.25198332,86.75077264
20150329,0.01,53.96,36.8,21.62,15.18,3.92,6.44,23.25198332,86.75077264
20150330,2.02,57.19,36.37,22.57,13.79,4.33,5.85,23.25198332,86.75077264
20150331,9.26,55.52,34.07,20.53,13.54,4.86,6.31,23.25198332,86.75077264
20150401,0.02,43.62,37.92,21.86,16.06,2.43,1.94,23.25198332,86.75077264
20150402,0.28,36.32,38.65,21.5,17.15,3.58,4.25,23.25198332,86.75077264
20150403,0.01,35.52,39.49,21.93,17.56,4.07,5.31,23.25198332,86.75077264
20150404,0.47,40.1,39.86,23.15,16.71,3.13,5.29,23.25198332,86.75077264
20150405,2.01,51.03,37.46,22.49,14.96,3.99,6.3,23.25198332,86.75077264
20150406,1.46,55.34,36.14,23.72,12.42,1.85,5.07,23.25198332,86.75077264
20150407,4.55,56.01,36.24,23.7,12.54,3.81,6.3,23.25198332,86.75077264
20150408,11.85,63.06,34.89,23.31,11.58,3.57,5.82,23.25198332,86.75077264
20150409,0.0,41.25,37.85,22.54,15.31,2.69,1.75,23.25198332,86.75077264
20150410,0.0,33.61,38.72,20.14,18.58,2.72,4.59,23.25198332,86.75077264
20150411,0.0,40.83,38.37,22.7,15.67,3.63,6.0,23.25198332,86.75077264
20150412,0.5,53.66,35.04,24.62,10.43,3.68,5.86,23.25198332,86.75077264
20150413,2.19,58.2,32.95,24.0,8.95,1.48,2.58,23.25198332,86.75077264
20150414,0.69,53.88,33.55,23.46,10.09,1.49,2.86,23.25198332,86.75077264
20150415,3.49,55.26,31.93,24.67,7.26,2.18,2.3,23.25198332,86.75077264
20150416,0.04,48.51,36.07,22.91,13.16,2.6,5.8,23.25198332,86.75077264
20150417,1.65,46.95,37.04,23.37,13.66,4.38,4.92,23.25198332,86.75077264
20150418,1.19,42.29,38.54,22.65,15.89,4.0,5.88,23.25198332,86.75077264
20150419,0.03,39.99,40.42,24.18,16.23,5.54,8.37,23.25198332,86.75077264
20150420,0.0,49.92,40.16,24.55,15.61,4.23,5.89,23.25198332,86.75077264
20150421,0.3,43.07,41.93,24.73,17.2,3.36,4.61,23.25198332,86.75077264
20150422,2.96,37.96,42.13,26.51,15.62,2.5,3.72,23.25198332,86.75077264
20150423,4.0,41.45,40.43,25.53,14.9,3.54,6.38,23.25198332,86.75077264
20150424,15.33,58.74,37.5,24.8,12.7,3.72,6.87,23.25198332,86.75077264
20150425,4.82,66.05,31.97,23.56,8.41,3.37,2.41,23.25198332,86.75077264
20150426,1.62,64.47,32.11,23.24,8.88,2.62,5.61,23.25198332,86.75077264
20150427,19.35,64.66,32.72,21.74,10.98,3.84,6.44,23.25198332,86.75077264
20150428,14.64,69.58,34.79,22.66,12.13,2.67,4.4,23.25198332,86.75077264
20150429,6.71,67.01,35.27,23.39,11.88,3.69,5.94,23.25198332,86.75077264
20150430,0.96,61.86,35.58,24.39,11.19,3.07,5.82,23.25198332,86.75077264
20150501,0.49,52.06,39.02,24.11,14.91,5.35,8.1,23.25198332,86.75077264
20150502,3.65,59.21,39.0,24.59,14.41,4.25,6.22,23.25198332,86.75077264
20150503,9.12,55.52,38.59,24.38,14.21,4.71,7.75,23.25198332,86.75077264
20150504,12.33,58.56,37.84,23.94,13.9,3.12,6.45,23.25198332,86.75077264
20150505,0.0,50.06,39.31,24.82,14.49,3.58,6.25,23.25198332,86.75077264
20150506,0.0,47.19,40.45,23.72,16.73,4.01,6.4,23.25198332,86.75077264
20150507,0.0,43.92,40.72,23.93,16.78,5.01,8.82,23.25198332,86.75077264
20150508,0.0,48.16,40.51,23.47,17.04,3.37,5.59,23.25198332,86.75077264
20150509,0.04,54.19,39.24,25.2,14.04,2.9,5.75,23.25198332,86.75077264
20150510,0.98,53.86,39.98,25.89,14.08,3.64,5.03,23.25198332,86.75077264
20150511,1.75,54.91,39.79,26.67,13.12,4.33,6.67,23.25198332,86.75077264
20150512,0.58,47.05,39.32,26.04,13.28,3.75,7.17,23.25198332,86.75077264
20150513,4.02,50.09,40.58,25.14,15.44,3.39,5.02,23.25198332,86.75077264
20150514,11.55,52.92,39.48,25.89,13.58,2.93,5.22,23.25198332,86.75077264
20150515,5.65,50.16,39.34,27.02,12.32,3.03,4.89,23.25198332,86.75077264
20150516,14.14,64.91,33.61,26.07,7.54,4.4,5.13,23.25198332,86.75077264
20150517,5.89,60.3,36.31,25.38,10.94,4.99,7.43,23.25198332,86.75077264
20150518,1.22,57.11,38.14,24.73,13.41,4.61,6.99,23.25198332,86.75077264
20150519,11.02,67.09,36.09,25.44,10.65,3.65,6.38,23.25198332,86.75077264
20150520,0.04,59.1,38.68,26.02,12.66,3.59,5.48,23.25198332,86.75077264
20150521,0.0,43.45,41.43,26.08,15.35,2.93,3.8,23.25198332,86.75077264
20150522,0.0,40.03,42.96,25.73,17.22,4.16,4.99,23.25198332,86.75077264
20150523,0.0,32.53,44.3,25.09,19.21,3.21,5.29,23.25198332,86.75077264
20150524,0.14,43.33,44.44,27.04,17.4,6.01,8.37,23.25198332,86.75077264
20150525,1.0,51.11,41.48,27.24,14.24,4.11,6.68,23.25198332,86.75077264
20150526,1.34,53.2,41.07,28.79,12.28,3.14,4.03,23.25198332,86.75077264
20150527,1.02,53.87,40.66,26.77,13.89,5.59,8.01,23.25198332,86.75077264
20150528,0.25,46.35,42.5,27.32,15.18,5.5,6.73,23.25198332,86.75077264
20150529,0.76,50.76,41.84,26.23,15.6,7.11,9.28,23.25198332,86.75077264
20150530,2.07,55.39,41.29,27.6,13.69,5.04,7.13,23.25198332,86.75077264
20150531,0.31,61.85,36.46,27.93,8.53,2.1,3.9,23.25198332,86.75077264
20150601,0.63,57.22,38.02,27.41,10.61,2.61,2.21,23.25198332,86.75077264
20150602,0.32,50.61,39.13,26.92,12.21,3.37,5.15,23.25198332,86.75077264
20150603,0.05,53.27,38.94,27.41,11.53,3.95,6.23,23.25198332,86.75077264
20150604,1.42,54.07,39.34,26.78,12.56,3.59,5.88,23.25198332,86.75077264
20150605,6.37,63.24,35.48,27.58,7.9,2.49,3.39,23.25198332,86.75077264
20150606,0.16,56.73,37.97,26.88,11.09,4.33,6.77,23.25198332,86.75077264
20150607,0.0,53.23,40.65,26.95,13.7,3.77,5.05,23.25198332,86.75077264
20150608,0.0,50.75,41.22,27.92,13.3,2.19,4.41,23.25198332,86.75077264
20150609,0.01,42.84,44.57,28.27,16.3,3.71,5.85,23.25198332,86.75077264
20150610,0.12,43.12,43.72,29.13,14.59,5.29,7.6,23.25198332,86.75077264
20150611,3.3,54.04,41.24,28.43,12.81,4.31,6.16,23.25198332,86.75077264
20150612,8.23,63.71,36.88,28.21,8.67,4.27,4.16,23.25198332,86.75077264
20150613,3.01,61.38,35.86,26.5,9.36,3.42,4.97,23.25198332,86.75077264
20150614,14.43,75.54,32.71,26.43,6.28,3.36,5.2,23.25198332,86.75077264
20150615,13.92,70.43,35.0,25.37,9.63,5.36,7.36,23.25198332,86.75077264
20150616,8.7,73.76,33.23,25.84,7.39,3.55,5.07,23.25198332,86.75077264
20150617,0.84,73.18,33.83,25.6,8.24,3.18,3.03,23.25198332,86.75077264
20150618,0.29,68.02,35.56,26.17,9.39,3.1,4.45,23.25198332,86.75077264
20150619,2.15,68.17,35.95,25.83,10.11,5.26,5.22,23.25198332,86.75077264
20150620,3.47,68.08,35.39,26.45,8.94,6.54,7.02,23.25198332,86.75077264
20150621,11.98,74.05,34.37,26.36,8.01,4.97,5.04,23.25198332,86.75077264
20150622,16.07,77.67,34.03,25.61,8.42,5.74,5.88,23.25198332,86.75077264
20150623,13.23,86.52,30.39,25.58,4.81,6.45,8.44,23.25198332,86.75077264
20150624,10.11,80.56,33.07,26.3,6.77,3.27,4.41,23.25198332,86.75077264
20150625,11.56,78.78,32.58,25.98,6.6,2.7,3.19,23.25198332,86.75077264
20150626,20.77,78.89,32.2,25.44,6.76,4.62,5.86,23.25198332,86.75077264
20150627,3.26,66.84,33.97,24.91,9.06,5.35,7.0,23.25198332,86.75077264
20150628,14.47,80.44,33.52,24.87,8.65,2.76,4.09,23.25198332,86.75077264
20150629,2.28,73.14,34.31,24.95,9.36,1.62,3.13,23.25198332,86.75077264
20150630,10.86,75.37,34.29,25.04,9.25,2.83,4.43,23.25198332,86.75077264
20150701,11.41,76.29,33.9,25.66,8.24,1.38,2.24,23.25198332,86.75077264
20150702,10.08,77.27,32.88,26.17,6.71,1.37,4.32,23.25198332,86.75077264
20150703,6.48,77.96,33.61,26.12,7.49,1.64,3.94,23.25198332,86.75077264
20150704,3.49,74.86,34.97,25.93,9.04,2.56,4.17,23.25198332,86.75077264
20150705,4.5,78.97,33.43,26.87,6.56,3.06,5.98,23.25198332,86.75077264
20150706,16.49,83.15,32.05,26.42,5.64,1.99,2.35,23.25198332,86.75077264
20150707,14.17,83.5,31.06,26.18,4.88,2.11,4.29,23.25198332,86.75077264
20150708,11.21,83.49,32.17,24.94,7.24,3.79,4.01,23.25198332,86.75077264
20150709,45.06,88.11,31.06,25.68,5.38,3.53,5.54,23.25198332,86.75077264
20150710,33.85,90.74,29.77,26.22,3.55,4.31,5.08,23.25198332,86.75077264
20150711,1.82,86.32,30.58,25.84,4.74,4.55,3.72,23.25198332,86.75077264
20150712,1.39,79.52,32.93,24.94,7.99,1.57,2.34,23.25198332,86.75077264
20150713,21.27,82.29,32.81,25.92,6.9,1.72,1.44,23.25198332,86.75077264
20150714,11.98,82.23,32.43,26.81,5.62,1.66,2.91,23.25198332,86.75077264
20150715,11.95,86.51,31.84,26.81,5.03,1.61,2.99,23.25198332,86.75077264
20150716,8.8,86.07,30.16,26.05,4.11,2.83,2.61,23.25198332,86.75077264
20150717,17.86,85.15,30.8,25.13,5.66,2.44,3.11,23.25198332,86.75077264
20150718,8.87,85.01,31.4,25.24,6.17,1.14,2.83,23.25198332,86.75077264
20150719,24.67,86.31,31.44,25.19,6.25,2.75,3.14,23.25198332,86.75077264
20150720,24.79,85.52,31.66,25.1,6.56,2.61,2.56,23.25198332,86.75077264
20150721,5.03,86.08,31.22,24.95,6.27,2.65,2.93,23.25198332,86.75077264
20150722,13.3,85.86,31.27,25.4,5.88,2.37,2.68,23.25198332,86.75077264
20150723,5.36,89.84,30.35,25.53,4.81,4.2,3.13,23.25198332,86.75077264
20150724,13.67,90.48,29.68,25.54,4.13,2.57,2.39,23.25198332,86.75077264
20150725,23.44,89.15,29.58,25.34,4.23,3.31,4.21,23.25198332,86.75077264
20150726,33.15,86.48,31.06,24.53,6.52,6.34,7.73,23.25198332,86.75077264
20150727,74.2,90.78,29.29,25.1,4.19,5.36,5.21,23.25198332,86.75077264
20150728,10.68,90.21,29.02,24.51,4.51,3.82,3.09,23.25198332,86.75077264
20150729,3.38,87.29,30.75,24.94,5.81,4.64,4.09,23.25198332,86.75077264
20150730,10.0,86.76,31.24,25.15,6.09,4.33,3.55,23.25198332,86.75077264
20150731,36.88,90.85,28.91,25.58,3.33,3.43,4.62,23.25198332,86.75077264
20150801,52.57,88.9,28.77,24.56,4.22,4.22,4.99,23.25198332,86.75077264
20150802,20.66,89.3,30.17,24.37,5.8,2.28,3.22,23.25198332,86.75077264
20150803,3.14,88.75,30.13,25.12,5.02,3.22,2.41,23.25198332,86.75077264
20150804,0.08,85.83,31.53,24.39,7.13,1.98,2.46,23.25198332,86.75077264
20150805,1.94,83.57,31.57,24.51,7.06,2.69,2.33,23.25198332,86.75077264
20150806,0.11,83.87,31.64,24.26,7.37,1.29,3.5,23.25198332,86.75077264
20150807,0.04,82.89,31.1,24.61,6.49,1.47,3.54,23.25198332,86.75077264
20150808,0.02,84.52,31.56,24.46,7.11,1.26,3.01,23.25198332,86.75077264
20150809,0.15,83.98,31.96,24.48,7.48,2.11,4.7,23.25198332,86.75077264
20150810,2.11,86.44,31.95,24.75,7.2,2.18,3.1,23.25198332,86.75077264
20150811,6.51,89.35,30.64,25.81,4.82,3.89,4.33,23.25198332,86.75077264
20150812,5.63,90.92,30.37,25.1,5.27,3.12,2.73,23.25198332,86.75077264
20150813,3.03,89.57,30.4,25.55,4.85,1.56,1.45,23.25198332,86.75077264
20150814,0.96,87.66,31.89,25.2,6.69,3.16,2.55,23.25198332,86.75077264
20150815,1.8,89.56,30.55,26.02,4.53,2.36,1.31,23.25198332,86.75077264
20150816,1.8,88.39,31.19,25.68,5.51,2.03,2.14,23.25198332,86.75077264
20150817,7.12,88.2,32.01,25.64,6.38,2.9,2.3,23.25198332,86.75077264
20150818,15.93,86.44,31.71,25.58,6.13,3.63,3.47,23.25198332,86.75077264
20150819,8.41,87.89,31.17,25.83,5.34,2.68,1.6,23.25198332,86.75077264
20150820,5.05,87.46,31.73,25.33,6.4,2.66,2.43,23.25198332,86.75077264
20150821,7.85,84.06,31.45,25.16,6.28,3.92,5.3,23.25198332,86.75077264
20150822,2.43,83.77,31.36,25.03,6.34,2.82,2.57,23.25198332,86.75077264
20150823,10.66,80.85,32.75,24.49,8.26,1.35,2.98,23.25198332,86.75077264
20150824,4.98,87.43,31.08,25.66,5.42,3.11,2.82,23.25198332,86.75077264
20150825,2.12,88.2,30.43,25.74,4.69,2.04,2.9,23.25198332,86.75077264
20150826,3.68,86.83,31.6,25.06,6.54,1.4,1.66,23.25198332,86.75077264
20150827,2.36,87.12,31.89,25.81,6.09,2.8,1.57,23.25198332,86.75077264
20150828,2.3,83.73,32.36,25.2,7.16,3.58,6.12,23.25198332,86.75077264
20150829,3.64,88.86,31.01,25.96,5.05,2.74,3.75,23.25198332,86.75077264
20150830,5.15,90.22,30.79,26.28,4.51,2.43,2.79,23.25198332,86.75077264
20150831,13.6,92.24,29.95,25.69,4.26,2.3,2.29,23.25198332,86.75077264
20150901,15.59,88.1,30.58,25.25,5.33,1.74,2.74,23.25198332,86.75077264
20150902,5.37,81.87,32.64,24.26,8.37,3.0,3.61,23.25198332,86.75077264
20150903,1.42,81.62,31.36,25.05,6.31,1.86,3.79,23.25198332,86.75077264
20150904,0.7,77.55,32.33,24.37,7.95,2.97,4.34,23.25198332,86.75077264
20150905,0.38,78.29,32.64,25.64,7.0,1.75,3.03,23.25198332,86.75077264
20150906,0.0,78.48,32.88,24.33,8.55,2.61,3.76,23.25198332,86.75077264
20150907,0.0,78.13,32.92,23.88,9.04,2.54,4.05,23.25198332,86.75077264
20150908,0.0,80.89,32.62,23.62,9.0,2.37,2.39,23.25198332,86.75077264
20150909,0.0,79.52,32.81,23.79,9.02,3.32,3.83,23.25198332,86.75077264
20150910,4.28,78.2,32.27,24.67,7.6,2.87,4.72,23.25198332,86.75077264
20150911,0.98,86.44,30.17,25.11,5.06,2.1,3.3,23.25198332,86.75077264
20150912,0.07,87.56,31.0,24.32,6.69,1.73,2.56,23.25198332,86.75077264
20150913,0.3,80.89,32.03,24.4,7.64,1.9,5.11,23.25198332,86.75077264
20150914,2.31,88.2,30.55,24.46,6.09,2.61,4.21,23.25198332,86.75077264
20150915,9.75,91.26,30.25,25.04,5.22,4.42,4.37,23.25198332,86.75077264
20150916,12.05,93.1,29.25,25.69,3.57,3.55,2.36,23.25198332,86.75077264
20150917,1.68,88.66,31.22,25.28,5.94,2.69,1.2,23.25198332,86.75077264
20150918,0.65,82.77,32.83,24.67,8.16,2.74,5.21,23.25198332,86.75077264
20150919,3.31,86.31,30.94,24.14,6.79,2.19,4.07,23.25198332,86.75077264
20150920,23.18,91.15,29.72,24.5,5.22,3.41,4.02,23.25198332,86.75077264
20150921,10.89,88.54,30.54,24.4,6.14,3.0,2.11,23.25198332,86.75077264
20150922,26.47,90.1,30.77,24.22,6.55,3.48,3.2,23.25198332,86.75077264
20150923,25.84,88.05,30.42,24.98,5.44,3.07,2.34,23.25198332,86.75077264
20150924,0.49,83.32,31.59,24.18,7.41,2.73,1.98,23.25198332,86.75077264
20150925,0.0,82.77,30.5,22.94,7.56,2.81,2.36,23.25198332,86.75077264
20150926,0.05,74.58,31.66,21.44,10.22,2.7,4.68,23.25198332,86.75077264
20150927,0.0,72.31,31.15,23.48,7.67,1.41,1.6,23.25198332,86.75077264
20150928,0.0,72.71,31.35,22.08,9.27,2.04,3.01,23.25198332,86.75077264
20150929,0.0,71.73,31.83,22.29,9.53,2.07,3.21,23.25198332,86.75077264
20150930,0.0,73.99,32.2,23.09,9.11,1.93,3.26,23.25198332,86.75077264
20151001,0.23,79.39,32.1,24.64,7.45,2.01,4.63,23.25198332,86.75077264
20151002,0.26,83.58,31.66,24.96,6.7,1.61,3.31,23.25198332,86.75077264
20151003,0.02,76.48,32.7,23.89,8.8,3.2,4.76,23.25198332,86.75077264
20151004,0.0,75.17,32.39,23.4,8.99,1.28,2.34,23.25198332,86.75077264
20151005,0.01,77.46,31.22,21.85,9.37,1.24,2.58,23.25198332,86.75077264
20151006,0.09,81.5,31.39,22.78,8.61,2.6,3.94,23.25198332,86.75077264
20151007,0.41,81.91,29.96,23.89,6.07,2.2,3.48,23.25198332,86.75077264
20151008,0.6,78.35,31.18,22.55,8.63,2.25,2.86,23.25198332,86.75077264
20151009,0.01,75.51,31.9,21.98,9.92,1.33,3.08,23.25198332,86.75077264
20151010,0.14,63.57,32.52,20.65,11.87,3.01,5.46,23.25198332,86.75077264
20151011,0.04,75.07,30.99,20.01,10.98,1.21,2.89,23.25198332,86.75077264
20151012,0.06,76.57,30.47,21.97,8.5,1.7,2.97,23.25198332,86.75077264
20151013,0.57,78.52,30.29,20.92,9.37,1.64,2.61,23.25198332,86.75077264
20151014,1.27,85.63,28.7,21.89,6.82,2.27,3.92,23.25198332,86.75077264
20151015,0.78,84.51,29.09,21.01,8.09,0.93,2.04,23.25198332,86.75077264
20151016,1.57,82.74,29.8,21.44,8.35,1.17,2.15,23.25198332,86.75077264
20151017,0.01,74.92,30.37,21.07,9.29,1.98,2.7,23.25198332,86.75077264
20151018,0.0,69.5,30.71,20.12,10.6,1.97,3.08,23.25198332,86.75077264
20151019,0.0,72.5,30.76,20.67,10.1,2.22,3.71,23.25198332,86.75077264
20151020,0.0,73.5,31.0,20.98,10.02,1.85,3.24,23.25198332,86.75077264
20151021,0.04,72.76,30.91,21.1,9.81,1.33,2.28,23.25198332,86.75077264
20151022,0.29,72.55,30.98,20.45,10.53,2.87,4.37,23.25198332,86.75077264
20151023,0.0,72.57,30.54,20.14,10.4,1.83,3.01,23.25198332,86.75077264
20151024,0.0,63.33,30.09,17.13,12.96,1.51,2.36,23.25198332,86.75077264
20151025,0.0,59.03,29.3,15.68,13.62,2.38,3.86,23.25198332,86.75077264
20151026,0.0,64.88,29.16,16.83,12.33,2.29,3.24,23.25198332,86.75077264
20151027,0.0,72.39,28.91,17.37,11.53,2.49,4.55,23.25198332,86.75077264
20151028,0.0,70.69,29.08,18.02,11.06,1.95,2.96,23.25198332,86.75077264
20151029,0.1,73.15,28.58,18.14,10.45,2.29,3.65,23.25198332,86.75077264
20151030,4.04,80.22,26.17,17.4,8.77,3.39,5.45,23.25198332,86.75077264
20151031,0.29,83.23,27.76,18.31,9.45,1.44,1.71,23.25198332,86.75077264
20151101,0.25,86.77,27.79,20.05,7.74,3.47,3.47,23.25198332,86.75077264
20151102,0.0,82.4,28.16,19.63,8.52,1.58,1.58,23.25198332,86.75077264
20151103,0.0,78.2,28.69,18.84,9.85,2.08,3.49,23.25198332,86.75077264
20151104,0.06,69.36,29.48,18.68,10.8,1.75,2.86,23.25198332,86.75077264
20151105,0.01,68.03,29.12,18.55,10.58,2.05,2.85,23.25198332,86.75077264
20151106,0.0,67.23,29.78,17.09,12.69,1.47,2.72,23.25198332,86.75077264
20151107,0.0,69.51,29.77,17.96,11.81,2.64,4.33,23.25198332,86.75077264
20151108,0.0,66.5,28.65,18.21,10.45,2.0,2.34,23.25198332,86.75077264
20151109,0.0,66.76,28.42,15.46,12.97,2.42,3.3,23.25198332,86.75077264
20151110,0.0,66.15,28.45,16.14,12.31,1.73,3.55,23.25198332,86.75077264
20151111,0.0,63.74,28.92,16.38,12.54,2.98,5.99,23.25198332,86.75077264
20151112,0.0,66.08,28.32,15.86,12.46,3.18,5.61,23.25198332,86.75077264
20151113,0.0,67.89,28.25,15.86,12.39,2.19,3.98,23.25198332,86.75077264
20151114,0.0,63.31,28.06,15.29,12.77,2.57,4.44,23.25198332,86.75077264
20151115,0.0,65.71,28.3,15.76,12.55,2.6,4.39,23.25198332,86.75077264
20151116,0.0,63.85,27.96,16.33,11.64,1.97,3.23,23.25198332,86.75077264
20151117,0.0,63.78,29.14,15.92,13.22,1.96,3.65,23.25198332,86.75077264
20151118,0.0,67.37,29.03,16.28,12.75,2.08,4.6,23.25198332,86.75077264
20151119,0.0,69.44,27.5,15.94,11.56,1.09,2.13,23.25198332,86.75077264
20151120,0.0,67.54,27.78,14.84,12.94,2.0,3.43,23.25198332,86.75077264
20151121,0.0,67.26,27.95,14.49,13.47,1.98,3.57,23.25198332,86.75077264
20151122,0.0,60.4,27.62,14.57,13.04,2.51,4.65,23.25198332,86.75077264
20151123,0.0,59.95,27.64,15.23,12.4,2.02,3.46,23.25198332,86.75077264
20151124,0.0,66.96,27.49,15.42,12.07,1.6,3.21,23.25198332,86.75077264
20151125,0.0,67.9,27.31,14.6,12.71,2.19,3.86,23.25198332,86.75077264
20151126,0.0,65.59,27.42,14.84,12.58,2.31,4.59,23.25198332,86.75077264
20151127,0.0,66.74,27.19,14.83,12.36,2.23,4.12,23.25198332,86.75077264
20151128,0.0,75.36,27.8,16.49,11.3,2.22,3.9,23.25198332,86.75077264
20151129,0.0,74.03,28.27,16.85,11.41,1.95,3.47,23.25198332,86.75077264
20151130,0.0,74.77,28.26,16.67,11.59,2.56,3.5,23.25198332,86.75077264
20151201,0.0,71.4,29.28,18.45,10.83,1.88,2.97,23.25198332,86.75077264
20151202,0.06,69.06,28.53,17.52,11.01,2.0,2.94,23.25198332,86.75077264
20151203,2.02,68.37,27.72,16.51,11.22,2.91,4.64,23.25198332,86.75077264
20151204,0.5,71.04,27.2,16.28,10.92,1.76,3.02,23.25198332,86.75077264
20151205,0.0,75.17,26.52,16.09,10.43,2.63,3.8,23.25198332,86.75077264
20151206,0.0,80.75,26.23,16.52,9.71,2.06,3.29,23.25198332,86.75077264
20151207,0.0,75.91,25.69,16.21,9.47,1.95,3.13,23.25198332,86.75077264
20151208,0.0,65.05,25.86,13.88,11.98,2.48,3.67,23.25198332,86.75077264
20151209,0.0,64.52,26.0,14.03,11.97,1.85,3.2,23.25198332,86.75077264
20151210,0.0,60.26,26.92,13.33,13.58,2.58,3.96,23.25198332,86.75077264
20151211,0.0,61.94,27.72,16.05,11.67,2.5,4.36,23.25198332,86.75077264
20151212,0.0,63.26,28.55,14.29,14.26,3.43,4.98,23.25198332,86.75077264
20151213,0.0,61.03,26.71,15.04,11.67,3.6,5.73,23.25198332,86.75077264
20151214,0.3,67.57,26.06,14.22,11.84,2.44,3.75,23.25198332,86.75077264
20151215,0.13,65.66,24.56,13.62,10.93,2.31,3.69,23.25198332,86.75077264
20151216,0.0,51.71,23.77,10.03,13.74,2.14,4.43,23.25198332,86.75077264
20151217,0.05,60.35,24.38,11.05,13.33,2.69,5.45,23.25198332,86.75077264
20151218,2.08,71.75,23.5,11.51,11.99,4.48,5.49,23.25198332,86.75077264
20151219,0.0,45.91,23.01,7.95,15.06,1.9,3.92,23.25198332,86.75077264
20151220,0.0,50.37,23.67,9.0,14.67,2.2,3.62,23.25198332,86.75077264
20151221,0.02,70.97,23.14,10.5,12.64,2.11,4.42,23.25198332,86.75077264
20151222,0.42,78.43,21.19,13.96,7.23,1.06,1.65,23.25198332,86.75077264
20151223,0.03,79.46,24.42,12.16,12.25,2.24,4.07,23.25198332,86.75077264
20151224,0.21,82.19,21.23,15.96,5.27,2.14,2.54,23.25198332,86.75077264
20151225,0.01,55.98,23.32,10.72,12.6,2.25,2.82,23.25198332,86.75077264
20151226,0.0,46.63,23.35,7.3,16.05,2.57,3.8,23.25198332,86.75077264
20151227,0.0,43.29,24.62,7.85,16.77,2.98,4.97,23.25198332,86.75077264
20151228,0.0,43.62,24.43,8.85,15.59,3.21,4.72,23.25198332,86.75077264
20151229,0.0,50.48,25.29,10.12,15.17,2.91,5.28,23.25198332,86.75077264
20151230,0.0,51.19,25.24,10.93,14.31,2.59,4.12,23.25198332,86.75077264
20151231,0.0,47.48,25.83,12.38,13.45,2.08,2.73,23.25198332,86.75077264
20160101,0.0,47.63,26.23,11.12,15.11,2.55,4.09,23.25198332,86.75077264
20160102,0.0,47.51,26.35,11.11,15.24,1.84,3.06,23.25198332,86.75077264
20160103,0.0,51.22,25.36,12.15,13.22,1.8,3.03,23.25198332,86.75077264
20160104,0.0,42.92,24.43,10.48,13.95,2.12,3.36,23.25198332,86.75077264
20160105,0.0,48.49,25.14,10.61,14.53,2.32,3.96,23.25198332,86.75077264
20160106,0.0,52.83,25.33,11.81,13.52,1.61,2.56,23.25198332,86.75077264
20160107,0.0,53.93,26.78,12.42,14.36,2.89,5.19,23.25198332,86.75077264
20160108,0.0,51.63,27.89,13.12,14.77,2.03,4.67,23.25198332,86.75077264
20160109,0.0,51.21,27.97,12.64,15.32,1.94,3.15,23.25198332,86.75077264
20160110,0.0,44.3,26.08,10.98,15.1,3.14,4.92,23.25198332,86.75077264
20160111,0.0,42.11,25.42,9.62,15.8,2.32,3.13,23.25198332,86.75077264
20160112,0.0,46.94,25.3,10.77,14.53,1.57,2.4,23.25198332,86.75077264
20160113,0.0,49.0,25.05,10.59,14.46,2.12,3.0,23.25198332,86.75077264
20160114,0.0,52.07,26.84,12.15,14.69,2.91,6.21,23.25198332,86.75077264
20160115,0.0,53.83,27.08,11.76,15.32,2.77,4.51,23.25198332,86.75077264
20160116,0.0,52.21,27.07,13.04,14.03,1.65,2.82,23.25198332,86.75077264
20160117,0.0,50.52,26.49,13.73,12.76,2.29,2.78,23.25198332,86.75077264
20160118,0.25,55.63,25.55,13.04,12.51,2.31,3.87,23.25198332,86.75077264
20160119,4.98,70.26,25.48,15.8,9.68,3.55,6.1,23.25198332,86.75077264
20160120,10.41,85.95,24.13,16.11,8.02,2.54,4.35,23.25198332,86.75077264
20160121,0.05,60.14,22.48,11.15,11.32,2.37,2.26,23.25198332,86.75077264
20160122,0.0,53.53,22.67,8.27,14.4,2.13,3.27,23.25198332,86.75077264
20160123,0.0,44.06,22.99,6.61,16.38,2.11,3.95,23.25198332,86.75077264
20160124,0.0,43.32,23.56,6.58,16.98,1.56,3.82,23.25198332,86.75077264
20160125,0.0,42.13,23.9,7.48,16.42,1.93,2.75,23.25198332,86.75077264
20160126,0.0,54.62,24.27,10.88,13.39,2.88,5.05,23.25198332,86.75077264
20160127,0.0,71.78,25.57,11.02,14.54,4.04,6.33,23.25198332,86.75077264
20160128,0.01,66.51,26.93,14.19,12.74,2.17,3.74,23.25198332,86.75077264
20160129,0.0,45.11,27.37,12.21,15.16,2.45,3.43,23.25198332,86.75077264
20160130,0.0,47.23,28.45,14.16,14.29,1.91,2.25,23.25198332,86.75077264
20160131,0.0,47.43,30.31,14.04,16.27,1.61,3.2,23.25198332,86.75077264
20160201,0.0,47.55,29.79,13.61,16.18,2.6,4.32,23.25198332,86.75077264
20160202,0.0,50.88,29.15,15.11,14.04,1.39,2.62,23.25198332,86.75077264
20160203,0.0,50.96,28.73,14.27,14.46,1.92,3.01,23.25198332,86.75077264
20160204,0.0,44.19,26.78,12.17,14.61,2.44,4.5,23.25198332,86.75077264
20160205,0.0,45.41,27.05,11.74,15.31,2.03,3.34,23.25198332,86.75077264
20160206,0.0,47.22,28.23,13.95,14.27,1.7,3.0,23.25198332,86.75077264
20160207,0.0,66.34,29.14,15.66,13.48,1.96,5.16,23.25198332,86.75077264
20160208,8.58,72.97,29.87,15.85,14.02,3.28,5.32,23.25198332,86.75077264
20160209,0.31,63.13,27.99,15.67,12.32,2.84,3.77,23.25198332,86.75077264
20160210,0.0,46.93,28.25,14.08,14.17,2.43,3.67,23.25198332,86.75077264
20160211,0.01,56.32,31.01,14.28,16.73,3.04,4.86,23.25198332,86.75077264
20160212,0.0,50.19,30.78,16.21,14.57,2.53,3.29,23.25198332,86.75077264
20160213,0.0,47.46,30.1,16.43,13.67,1.36,3.17,23.25198332,86.75077264
20160214,0.01,56.84,30.91,18.81,12.1,2.48,4.7,23.25198332,86.75077264
20160215,0.26,57.8,30.84,19.18,11.66,2.22,4.44,23.25198332,86.75077264
20160216,0.17,48.84,32.78,20.12,12.66,2.0,2.5,23.25198332,86.75077264
20160217,0.0,47.08,33.75,18.94,14.82,2.56,3.69,23.25198332,86.75077264
20160218,0.0,41.44,34.2,18.77,15.43,2.9,3.35,23.25198332,86.75077264
20160219,0.0,38.68,35.36,18.07,17.3,2.82,3.78,23.25198332,86.75077264
20160220,0.0,37.08,36.21,19.04,17.18,1.99,3.36,23.25198332,86.75077264
20160221,0.0,40.48,35.86,19.68,16.19,3.19,5.61,23.25198332,86.75077264
20160222,0.0,34.94,34.98,19.04,15.94,5.69,9.12,23.25198332,86.75077264
20160223,0.0,29.17,34.15,16.64,17.52,2.97,4.27,23.25198332,86.75077264
20160224,3.36,52.78,32.25,19.75,12.5,2.19,4.32,23.25198332,86.75077264
20160225,1.55,55.26,31.59,18.0,13.6,3.87,7.02,23.25198332,86.75077264
20160226,13.39,83.25,26.5,19.89,6.61,2.26,2.25,23.25198332,86.75077264
20160227,0.45,67.96,30.21,18.46,11.75,2.23,5.37,23.25198332,86.75077264
20160228,2.65,63.0,31.03,18.74,12.29,1.07,3.75,23.25198332,86.75077264
20160229,0.12,51.75,32.55,18.8,13.75,2.06,3.75,23.25198332,86.75077264
20160301,1.59,53.06,32.09,19.88,12.21,2.82,5.79,23.25198332,86.75077264
20160302,0.22,50.38,33.3,18.95,14.36,1.8,4.15,23.25198332,86.75077264
20160303,0.0,32.37,34.41,17.82,16.59,2.33,3.16,23.25198332,86.75077264
20160304,0.0,31.94,35.89,18.05,17.83,2.96,3.35,23.25198332,86.75077264
20160305,0.0,35.94,36.18,20.44,15.74,2.17,4.56,23.25198332,86.75077264
20160306,3.65,43.38,34.41,21.29,13.12,2.25,3.95,23.25198332,86.75077264
20160307,0.29,38.21,34.57,18.73,15.84,3.34,4.42,23.25198332,86.75077264
20160308,0.35,47.39,33.99,20.46,13.52,5.58,6.05,23.25198332,86.75077264
20160309,0.08,45.29,35.91,20.39,15.52,3.61,3.71,23.25198332,86.75077264
20160310,0.26,42.83,34.93,21.69,13.24,2.31,3.36,23.25198332,86.75077264
20160311,0.0,38.77,35.75,21.91,13.85,2.15,2.24,23.25198332,86.75077264
20160312,0.0,36.89,36.23,22.04,14.19,1.89,4.43,23.25198332,86.75077264
20160313,0.09,39.71,35.22,21.36,13.85,5.85,6.53,23.25198332,86.75077264
20160314,0.31,45.47,33.96,19.53,14.43,2.13,5.06,23.25198332,86.75077264
20160315,2.01,50.65,34.05,19.93,14.12,2.93,3.71,23.25198332,86.75077264
20160316,0.0,39.68,34.38,20.99,13.38,2.13,1.96,23.25198332,86.75077264
20160317,0.0,30.62,35.14,17.51,17.63,2.74,5.08,23.25198332,86.75077264
20160318,0.0,39.9,36.16,20.39,15.77,1.47,2.76,23.25198332,86.75077264
20160319,0.37,47.93,37.49,20.99,16.5,3.21,4.93,23.25198332,86.75077264
20160320,1.3,45.82,37.37,22.67,14.69,2.49,3.78,23.25198332,86.75077264
20160321,0.0,34.12,38.31,22.51,15.79,1.91,1.96,23.25198332,86.75077264
20160322,0.0,27.91,38.01,20.45,17.56,3.98,5.34,23.25198332,86.75077264
20160323,0.0,21.16,37.68,18.27,19.41,3.72,5.85,23.25198332,86.75077264
20160324,0.0,34.0,36.62,19.34,17.28,2.47,6.03,23.25198332,86.75077264
20160325,0.0,49.57,37.39,20.25,17.13,3.63,5.93,23.25198332,86.75077264
20160326,0.0,45.52,38.16,21.99,16.17,4.2,6.37,23.25198332,86.75077264
20160327,0.0,47.85,39.54,22.25,17.29,5.23,7.58,23.25198332,86.75077264
20160328,0.04,41.01,37.82,23.25,14.57,5.42,6.32,23.25198332,86.75077264
20160329,0.03,43.35,38.15,21.98,16.16,2.58,3.64,23.25198332,86.75077264
20160330,0.88,47.75,38.23,22.54,15.68,4.93,7.31,23.25198332,86.75077264
20160331,5.22,52.54,37.1,23.39,13.71,4.41,6.29,23.25198332,86.75077264
20160401,0.84,43.61,37.93,21.85,16.08,4.53,7.35,23.25198332,86.75077264
20160402,0.49,53.62,37.98,23.13,14.85,4.2,6.83,23.25198332,86.75077264
20160403,0.51,50.35,39.67,24.43,15.23,3.14,4.88,23.25198332,86.75077264
20160404,0.07,46.33,40.12,24.08,16.04,2.91,4.58,23.25198332,86.75077264
20160405,0.05,39.25,41.67,24.67,17.0,2.35,4.55,23.25198332,86.75077264
20160406,0.01,28.27,42.55,24.8,17.75,5.18,7.69,23.25198332,86.75077264
20160407,0.1,25.71,42.92,25.14,17.77,3.89,5.04,23.25198332,86.75077264
20160408,0.47,29.51,41.68,26.53,15.15,3.34,5.12,23.25198332,86.75077264
20160409,0.56,27.12,43.33,26.55,16.78,2.85,1.98,23.25198332,86.75077264
20160410,0.01,20.93,44.15,26.35,17.8,3.12,5.11,23.25198332,86.75077264
20160411,0.0,21.03,44.31,27.51,16.8,4.86,5.43,23.25198332,86.75077264
20160412,0.0,18.32,43.96,26.08,17.87,3.45,3.85,23.25198332,86.75077264
20160413,0.0,17.97,43.06,25.39,17.67,3.26,4.42,23.25198332,86.75077264
20160414,0.0,18.63,43.18,24.63,18.55,3.98,5.88,23.25198332,86.75077264
20160415,0.0,21.27,44.08,24.29,19.79,4.1,6.22,23.25198332,86.75077264
20160416,0.0,25.16,45.63,25.94,19.68,4.32,6.15,23.25198332,86.75077264
20160417,0.0,31.36,44.12,25.51,18.62,4.25,6.37,23.25198332,86.75077264
20160418,1.51,40.7,42.69,27.42,15.27,3.89,6.17,23.25198332,86.75077264
20160419,0.3,30.12,44.22,26.31,17.91,1.3,2.47,23.25198332,86.75077264
20160420,0.0,21.22,44.98,27.18,17.81,4.77,5.34,23.25198332,86.75077264
20160421,0.0,24.63,45.1,27.11,17.98,2.61,2.32,23.25198332,86.75077264
20160422,0.0,23.89,45.38,26.76,18.62,3.72,4.24,23.25198332,86.75077264
20160423,0.0,18.4,46.63,26.19,20.44,4.45,4.46,23.25198332,86.75077264
20160424,0.0,16.35,44.21,26.78,17.43,3.9,5.57,23.25198332,86.75077264
20160425,0.0,26.78,43.4,25.64,17.76,4.55,6.99,23.25198332,86.75077264
20160426,0.0,36.31,43.23,27.5,15.73,4.97,7.33,23.25198332,86.75077264
20160427,0.0,29.72,44.49,28.26,16.23,3.44,4.76,23.25198332,86.75077264
20160428,0.0,27.69,44.16,28.26,15.9,3.54,5.03,23.25198332,86.75077264
20160429,0.01,20.67,44.64,28.09,16.55,3.45,5.16,23.25198332,86.75077264
20160430,0.02,22.84,44.19,27.0,17.19,2.6,3.45,23.25198332,86.75077264
20160501,0.01,21.97,44.66,27.2,17.47,3.54,2.98,23.25198332,86.75077264
20160502,0.01,24.97,42.97,25.61,17.35,5.52,8.54,23.25198332,86.75077264
20160503,0.64,37.59,41.34,26.33,15.01,5.28,7.46,23.25198332,86.75077264
20160504,11.15,50.51,38.18,26.96,11.23,3.41,5.52,23.25198332,86.75077264
20160505,0.58,43.34,39.44,24.6,14.84,3.41,6.71,23.25198332,86.75077264
20160506,5.62,44.5,39.54,24.86,14.68,3.46,5.62,23.25198332,86.75077264
20160507,1.94,43.32,40.09,26.67,13.41,4.88,6.81,23.25198332,86.75077264
20160508,5.68,49.53,38.62,25.54,13.09,3.08,5.19,23.25198332,86.75077264
20160509,0.74,46.82,39.87,25.7,14.17,3.51,6.11,23.25198332,86.75077264
20160510,1.86,44.46,40.52,26.72,13.8,3.02,5.72,23.25198332,86.75077264
20160511,2.3,47.6,38.65,25.71,12.94,4.15,6.06,23.25198332,86.75077264
20160512,0.17,42.3,40.21,26.91,13.3,4.46,6.06,23.25198332,86.75077264
20160513,9.1,53.01,41.46,26.71,14.75,4.24,6.32,23.25198332,86.75077264
20160514,8.12,56.01,40.67,26.04,14.63,3.3,6.13,23.25198332,86.75077264
20160515,5.3,51.57,42.25,27.46,14.79,3.72,4.62,23.25198332,86.75077264
20160516,5.51,54.04,41.64,27.27,14.37,4.3,3.48,23.25198332,86.75077264
20160517,10.93,55.21,41.46,26.34,15.12,4.53,2.7,23.25198332,86.75077264
20160518,0.62,53.45,40.96,25.93,15.03,3.6,5.11,23.25198332,86.75077264
20160519,2.7,63.31,36.27,26.56,9.72,3.67,5.45,23.25198332,86.75077264
20160520,12.75,68.8,34.01,25.86,8.15,2.37,1.7,23.25198332,86.75077264
20160521,0.73,51.54,39.22,24.82,14.4,6.11,7.01,23.25198332,86.75077264
20160522,1.7,47.63,41.91,25.34,16.57,4.01,6.43,23.25198332,86.75077264
20160523,1.6,55.66,39.86,27.68,12.18,3.7,6.61,23.25198332,86.75077264
20160524,0.87,48.47,41.12,27.59,13.53,3.67,5.02,23.25198332,86.75077264
20160525,3.32,44.69,41.93,26.95,14.98,3.38,4.51,23.25198332,86.75077264
20160526,4.04,47.46,39.44,26.43,13.01,3.1,5.56,23.25198332,86.75077264
20160527,1.68,42.21,40.95,26.59,14.36,2.99,5.15,23.25198332,86.75077264
20160528,4.38,48.75,40.52,27.09,13.43,3.23,6.47,23.25198332,86.75077264
20160529,7.78,54.74,38.01,26.41,11.6,2.57,3.35,23.25198332,86.75077264
20160530,0.33,47.75,40.21,26.55,13.67,4.85,6.92,23.25198332,86.75077264
20160531,10.78,57.46,37.94,27.04,10.91,5.21,7.59,23.25198332,86.75077264
20160601,5.32,56.44,38.73,26.28,12.45,5.42,7.37,23.25198332,86.75077264
20160602,1.12,54.94,38.49,26.31,12.17,5.94,8.13,23.25198332,86.75077264
20160603,2.16,59.95,37.33,26.76,10.57,3.26,4.19,23.25198332,86.75077264
20160604,2.33,60.26,37.02,26.2,10.81,3.44,4.72,23.25198332,86.75077264
20160605,1.15,57.59,38.04,25.59,12.45,3.93,4.53,23.25198332,86.75077264
20160606,2.27,65.23,35.65,26.52,9.13,2.61,3.86,23.25198332,86.75077264
20160607,0.87,61.18,37.73,26.74,10.99,4.93,6.86,23.25198332,86.75077264
20160608,0.33,58.0,38.75,26.84,11.91,4.97,6.66,23.25198332,86.75077264
20160609,0.88,55.11,37.93,27.18,10.75,5.31,6.86,23.25198332,86.75077264
20160610,1.87,53.98,38.94,27.23,11.71,2.62,4.0,23.25198332,86.75077264
20160611,3.05,44.47,44.0,28.39,15.62,5.37,6.7,23.25198332,86.75077264
20160612,2.57,43.12,43.38,29.56,13.82,6.67,8.11,23.25198332,86.75077264
20160613,15.62,68.37,35.02,27.83,7.19,3.38,5.32,23.25198332,86.75077264
20160614,4.51,67.45,36.48,27.33,9.15,3.27,5.99,23.25198332,86.75077264
20160615,14.07,75.43,34.44,27.21,7.23,2.55,4.76,23.25198332,86.75077264
20160616,8.1,72.9,33.97,26.81,7.16,2.04,4.06,23.25198332,86.75077264
20160617,17.43,76.2,33.49,25.99,7.5,2.89,3.17,23.25198332,86.75077264
20160618,2.55,73.68,33.82,25.58,8.24,3.3,2.94,23.25198332,86.75077264
20160619,6.49,74.58,34.66,25.92,8.74,2.79,2.84,23.25198332,86.75077264
20160620,1.71,76.51,32.83,25.86,6.97,2.35,3.46,23.25198332,86.75077264
20160621,2.27,64.94,36.83,25.63,11.2,2.22,3.17,23.25198332,86.75077264
20160622,3.01,68.73,34.62,26.26,8.36,2.0,3.5,23.25198332,86.75077264
20160623,8.48,77.44,32.12,26.51,5.62,1.59,1.41,23.25198332,86.75077264
20160624,9.51,78.75,31.92,25.79,6.12,2.26,3.22,23.25198332,86.75077264
20160625,4.71,76.95,32.34,25.71,6.63,1.84,4.41,23.25198332,86.75077264
20160626,3.22,69.85,35.43,25.31,10.12,3.05,5.76,23.25198332,86.75077264
20160627,6.5,73.0,34.76,26.04,8.72,3.67,3.3,23.25198332,86.75077264
20160628,7.69,76.58,33.72,26.01,7.71,5.08,4.85,23.25198332,86.75077264
20160629,4.94,80.04,32.55,26.29,6.26,4.65,4.22,23.25198332,86.75077264
20160630,3.44,75.77,34.41,25.66,8.75,3.41,3.46,23.25198332,86.75077264
20160701,1.83,76.05,34.69,26.13,8.57,2.74,3.24,23.25198332,86.75077264
20160702,20.98,84.08,32.06,26.95,5.11,3.27,3.34,23.25198332,86.75077264
20160703,27.46,86.53,30.24,26.18,4.06,5.31,7.02,23.25198332,86.75077264
20160704,29.02,82.43,31.94,25.11,6.82,4.69,4.85,23.25198332,86.75077264
20160705,8.88,84.07,32.04,25.74,6.31,1.76,1.81,23.25198332,86.75077264
20160706,5.69,82.24,33.72,25.93,7.79,1.35,2.98,23.25198332,86.75077264
20160707,6.59,81.92,31.6,26.04,5.57,2.54,2.4,23.25198332,86.75077264
20160708,10.95,83.12,33.07,25.2,7.87,4.65,3.74,23.25198332,86.75077264
20160709,11.37,84.04,30.78,25.53,5.25,3.39,2.2,23.25198332,86.75077264
20160710,2.18,79.8,33.0,24.43,8.57,2.13,1.68,23.25198332,86.75077264
20160711,10.83,81.74,32.82,25.35,7.48,1.87,1.87,23.25198332,86.75077264
20160712,9.43,81.6,33.11,25.85,7.25,2.59,2.08,23.25198332,86.75077264
20160713,18.6,82.07,32.64,26.0,6.63,1.93,3.49,23.25198332,86.75077264
20160714,11.55,83.58,32.13,25.46,6.67,3.1,3.1,23.25198332,86.75077264
20160715,26.11,90.1,30.23,26.18,4.05,3.09,4.31,23.25198332,86.75077264
20160716,10.9,88.57,30.06,25.62,4.43,3.32,3.19,23.25198332,86.75077264
20160717,7.11,84.46,30.87,25.5,5.37,4.34,3.58,23.25198332,86.75077264
20160718,2.52,79.35,32.98,24.88,8.11,3.41,2.95,23.25198332,86.75077264
20160719,5.92,83.69,31.43,25.35,6.08,2.55,3.87,23.25198332,86.75077264
20160720,13.62,85.19,31.55,25.53,6.03,2.47,5.42,23.25198332,86.75077264
20160721,5.86,83.74,31.71,25.27,6.44,1.52,3.4,23.25198332,86.75077264
20160722,16.63,85.32,31.2,25.63,5.56,2.22,2.62,23.25198332,86.75077264
20160723,13.76,86.0,30.81,25.1,5.71,2.7,2.2,23.25198332,86.75077264
20160724,5.51,86.77,30.18,24.65,5.53,2.23,2.24,23.25198332,86.75077264
20160725,17.28,85.62,30.94,25.08,5.86,3.08,3.16,23.25198332,86.75077264
20160726,18.07,86.43,30.13,24.62,5.52,2.19,1.79,23.25198332,86.75077264
20160727,2.19,80.88,32.33,23.7,8.63,1.88,2.26,23.25198332,86.75077264
20160728,0.14,79.84,32.39,24.35,8.04,3.36,3.92,23.25198332,86.75077264
20160729,4.5,81.83,31.83,25.56,6.26,2.56,4.45,23.25198332,86.75077264
20160730,5.17,83.42,31.09,24.78,6.31,2.61,4.79,23.25198332,86.75077264
20160731,13.66,82.7,31.75,25.16,6.58,1.98,2.22,23.25198332,86.75077264
20160801,21.09,84.62,31.27,25.45,5.83,2.79,4.53,23.25198332,86.75077264
20160802,26.38,86.92,30.79,24.88,5.91,2.7,2.43,23.25198332,86.75077264
20160803,14.02,84.68,31.42,24.98,6.45,4.44,3.2,23.25198332,86.75077264
20160804,8.41,85.64,31.42,24.21,7.21,4.93,4.75,23.25198332,86.75077264
20160805,18.94,88.38,31.24,25.44,5.8,3.69,2.75,23.25198332,86.75077264
20160806,8.72,86.11,31.76,25.14,6.62,4.09,3.8,23.25198332,86.75077264
20160807,10.93,86.79,31.07,25.94,5.14,2.63,4.22,23.25198332,86.75077264
20160808,8.65,85.78,31.28,25.22,6.05,2.75,3.67,23.25198332,86.75077264
20160809,15.17,89.01,30.12,25.36,4.76,3.14,4.6,23.25198332,86.75077264
20160810,41.56,87.24,30.84,25.49,5.35,3.13,4.09,23.25198332,86.75077264
20160811,33.27,88.17,30.42,25.18,5.24,4.17,4.3,23.25198332,86.75077264
20160812,22.64,87.69,31.4,25.51,5.89,2.41,1.35,23.25198332,86.75077264
20160813,5.18,85.43,32.08,24.98,7.09,3.0,1.69,23.25198332,86.75077264
20160814,3.44,85.77,31.72,25.65,6.07,1.14,2.16,23.25198332,86.75077264
20160815,5.7,91.66,29.66,26.16,3.5,1.88,2.59,23.25198332,86.75077264
20160816,3.59,86.53,30.99,25.87,5.11,3.18,4.09,23.25198332,86.75077264
20160817,44.22,91.93,28.7,25.92,2.78,5.8,5.65,23.25198332,86.75077264
20160818,19.21,88.24,31.07,25.21,5.86,4.75,4.51,23.25198332,86.75077264
20160819,0.53,83.36,31.23,24.27,6.96,2.48,2.95,23.25198332,86.75077264
20160820,0.05,81.45,32.13,24.46,7.67,2.34,2.76,23.25198332,86.75077264
20160821,25.04,84.79,32.28,24.13,8.15,2.0,2.74,23.25198332,86.75077264
20160822,104.99,90.97,28.82,24.5,4.33,2.42,4.27,23.25198332,86.75077264
20160823,1.59,85.08,30.73,23.43,7.31,2.52,3.38,23.25198332,86.75077264
20160824,0.31,86.12,29.72,24.73,4.99,1.18,2.73,23.25198332,86.75077264
20160825,5.74,82.27,32.64,24.26,8.37,1.74,4.45,23.25198332,86.75077264
20160826,6.7,90.33,29.98,25.41,4.57,2.99,3.74,23.25198332,86.75077264
20160827,0.57,87.33,31.27,24.79,6.48,1.63,2.35,23.25198332,86.75077264
20160828,0.0,83.62,32.48,24.03,8.46,1.53,4.27,23.25198332,86.75077264
20160829,0.35,84.53,31.56,24.75,6.81,0.99,3.29,23.25198332,86.75077264
20160830,0.18,84.33,32.39,23.81,8.58,3.01,4.87,23.25198332,86.75077264
20160831,0.74,87.35,30.77,24.94,5.82,1.78,3.8,23.25198332,86.75077264
20160901,0.17,86.17,31.44,24.58,6.86,2.3,2.56,23.25198332,86.75077264
20160902,13.8,90.44,30.01,25.32,4.69,2.18,3.08,23.25198332,86.75077264
20160903,22.21,90.42,30.02,25.42,4.6,1.61,3.69,23.25198332,86.75077264
20160904,27.3,91.64,29.74,25.56,4.18,2.62,3.81,23.25198332,86.75077264
20160905,57.68,90.38,30.1,25.04,5.06,3.13,2.72,23.25198332,86.75077264
20160906,42.14,91.68,29.43,24.75,4.68,2.67,2.87,23.25198332,86.75077264
20160907,14.29,88.85,31.26,24.56,6.7,2.22,4.64,23.25198332,86.75077264
20160908,7.74,90.56,30.8,24.99,5.81,1.82,3.73,23.25198332,86.75077264
20160909,1.64,88.53,31.56,25.54,6.02,2.91,3.6,23.25198332,86.75077264
20160910,0.97,87.04,31.5,25.04,6.45,2.55,5.38,23.25198332,86.75077264
20160911,1.76,90.14,28.76,24.44,4.33,1.51,2.53,23.25198332,86.75077264
20160912,13.28,91.61,29.26,24.71,4.55,1.7,1.63,23.25198332,86.75077264
20160913,13.05,89.52,30.13,24.01,6.12,2.32,1.97,23.25198332,86.75077264
20160914,19.57,87.7,30.55,24.11,6.45,1.21,2.09,23.25198332,86.75077264
20160915,5.08,89.13,30.51,24.25,6.26,1.83,3.44,23.25198332,86.75077264
20160916,0.27,86.8,30.99,23.72,7.27,1.15,3.42,23.25198332,86.75077264
20160917,2.57,87.51,31.24,24.2,7.04,1.86,4.52,23.25198332,86.75077264
20160918,8.51,87.25,30.73,24.26,6.47,1.93,4.63,23.25198332,86.75077264
20160919,3.62,86.08,31.58,23.91,7.67,1.66,4.56,23.25198332,86.75077264
20160920,7.31,89.77,30.22,24.76,5.46,1.12,3.32,23.25198332,86.75077264
20160921,15.32,89.61,30.3,24.02,6.28,2.08,2.63,23.25198332,86.75077264
20160922,6.1,89.7,29.85,23.9,5.95,2.47,1.38,23.25198332,86.75077264
20160923,9.27,89.79,29.85,24.09,5.76,1.88,1.79,23.25198332,86.75077264
20160924,5.78,91.09,29.59,23.68,5.91,2.19,2.66,23.25198332,86.75077264
20160925,8.38,92.48,29.05,24.04,5.01,1.83,1.92,23.25198332,86.75077264
20160926,9.24,90.67,29.68,24.68,5.0,1.04,2.83,23.25198332,86.75077264
20160927,7.23,87.68,30.15,24.2,5.95,1.83,3.6,23.25198332,86.75077264
20160928,8.77,88.34,30.28,24.11,6.17,2.82,3.28,23.25198332,86.75077264
20160929,1.67,86.88,30.62,23.75,6.87,2.24,5.0,23.25198332,86.75077264
20160930,0.36,88.16,30.66,23.37,7.3,2.18,2.29,23.25198332,86.75077264
20161001,1.66,90.94,29.28,24.47,4.82,2.11,2.21,23.25198332,86.75077264
20161002,0.28,85.72,30.59,24.51,6.08,2.5,2.91,23.25198332,86.75077264
20161003,0.03,84.99,31.57,23.44,8.14,1.29,3.71,23.25198332,86.75077264
20161004,0.02,81.68,32.03,24.05,7.98,2.5,4.41,23.25198332,86.75077264
20161005,0.36,84.62,31.04,24.77,6.26,2.32,3.9,23.25198332,86.75077264
20161006,5.68,89.11,27.78,25.39,2.4,2.81,3.33,23.25198332,86.75077264
20161007,2.3,88.3,29.59,23.97,5.62,3.1,3.5,23.25198332,86.75077264
20161008,9.88,89.69,29.86,23.97,5.89,2.29,2.14,23.25198332,86.75077264
20161009,1.84,90.29,29.11,24.12,4.99,1.66,2.16,23.25198332,86.75077264
20161010,2.89,88.5,29.56,24.18,5.37,1.7,3.04,23.25198332,86.75077264
20161011,1.84,87.03,30.9,23.77,7.13,2.66,5.17,23.25198332,86.75077264
20161012,0.34,83.16,30.17,21.78,8.38,1.68,2.7,23.25198332,86.75077264
20161013,0.0,72.61,30.35,18.59,11.76,1.93,4.45,23.25198332,86.75077264
20161014,0.0,61.56,30.08,19.75,10.33,1.67,2.71,23.25198332,86.75077264
20161015,0.0,63.84,29.33,20.12,9.2,1.51,2.45,23.25198332,86.75077264
20161016,0.0,70.83,29.8,17.93,11.87,1.84,3.51,23.25198332,86.75077264
20161017,0.0,79.49,29.68,18.56,11.12,1.55,3.03,23.25198332,86.75077264
20161018,0.0,81.46,29.62,19.84,9.77,2.22,4.16,23.25198332,86.75077264
20161019,0.0,73.33,29.96,19.32,10.65,1.61,4.0,23.25198332,86.75077264
20161020,0.0,70.4,29.08,18.41,10.67,1.59,2.38,23.25198332,86.75077264
20161021,0.0,70.68,29.43,17.89,11.54,2.05,4.37,23.25198332,86.75077264
20161022,0.0,74.09,29.37,18.01,11.36,1.35,3.09,23.25198332,86.75077264
20161023,0.0,75.23,29.15,16.86,12.3,1.61,4.62,23.25198332,86.75077264
20161024,0.0,80.14,28.24,16.65,11.59,1.6,4.12,23.25198332,86.75077264
20161025,0.0,79.73,28.04,16.27,11.77,2.4,5.35,23.25198332,86.75077264
20161026,0.69,78.07,28.84,16.71,12.14,1.62,3.63,23.25198332,86.75077264
20161027,3.9,87.13,27.3,19.95,7.35,1.78,2.14,23.25198332,86.75077264
20161028,0.19,85.55,28.71,20.26,8.45,1.28,1.91,23.25198332,86.75077264
20161029,0.01,83.83,28.65,20.09,8.56,1.67,2.24,23.25198332,86.75077264
20161030,0.0,79.31,28.27,18.06,10.21,1.63,2.59,23.25198332,86.75077264
20161031,0.14,83.77,28.46,18.97,9.49,1.73,2.83,23.25198332,86.75077264
20161101,0.33,82.11,27.41,19.31,8.1,2.05,2.85,23.25198332,86.75077264
20161102,0.0,80.75,28.82,17.92,10.89,1.8,3.7,23.25198332,86.75077264
20161103,2.08,82.95,29.0,18.64,10.36,3.33,6.27,23.25198332,86.75077264
20161104,0.74,84.74,27.7,21.02,6.67,1.75,2.86,23.25198332,86.75077264
20161105,1.97,85.31,27.4,18.8,8.6,4.45,5.47,23.25198332,86.75077264
20161106,0.01,78.1,27.3,16.66,10.64,2.58,4.06,23.25198332,86.75077264
20161107,0.0,78.62,27.18,15.16,12.02,1.89,3.78,23.25198332,86.75077264
20161108,0.0,68.84,27.04,14.12,12.91,2.77,5.31,23.25198332,86.75077264
20161109,0.0,67.72,26.06,13.29,12.77,3.2,5.81,23.25198332,86.75077264
20161110,0.0,72.06,25.9,13.53,12.37,2.35,4.28,23.25198332,86.75077264
20161111,0.0,75.36,26.34,14.03,12.31,2.37,4.95,23.25198332,86.75077264
20161112,0.0,77.08,27.14,15.72,11.42,2.98,4.87,23.25198332,86.75077264
20161113,0.0,75.11,27.57,16.21,11.36,2.06,2.91,23.25198332,86.75077264
20161114,0.0,76.63,27.22,16.06,11.16,1.26,2.71,23.25198332,86.75077264
20161115,0.0,70.86,26.7,14.87,11.83,1.11,3.73,23.25198332,86.75077264
20161116,0.0,72.02,26.68,13.05,13.63,1.4,3.91,23.25198332,86.75077264
20161117,0.0,69.68,25.46,12.35,13.11,1.91,4.33,23.25198332,86.75077264
20161118,0.0,70.5,25.21,11.92,13.3,2.98,5.64,23.25198332,86.75077264
20161119,0.0,71.3,24.87,11.48,13.39,2.77,5.08,23.25198332,86.75077264
20161120,0.0,73.63,24.61,11.86,12.75,2.08,4.95,23.25198332,86.75077264
20161121,0.0,71.09,25.12,11.66,13.46,2.28,4.16,23.25198332,86.75077264
20161122,0.0,77.06,24.66,12.28,12.39,2.04,4.59,23.25198332,86.75077264
20161123,0.0,72.22,24.37,11.12,13.25,2.38,4.82,23.25198332,86.75077264
20161124,0.0,75.95,25.02,11.63,13.39,1.76,3.54,23.25198332,86.75077264
20161125,0.0,76.5,25.02,11.76,13.26,2.47,5.0,23.25198332,86.75077264
20161126,0.0,66.69,25.51,11.42,14.09,2.66,5.67,23.25198332,86.75077264
20161127,0.0,72.85,26.04,12.33,13.71,3.14,5.57,23.25198332,86.75077264
20161128,0.0,78.88,24.76,12.72,12.03,2.17,5.54,23.25198332,86.75077264
20161129,0.0,75.62,25.31,13.41,11.9,2.46,4.8,23.25198332,86.75077264
20161130,0.0,74.96,25.68,14.08,11.6,1.61,2.38,23.25198332,86.75077264
20161201,0.0,79.0,26.21,14.15,12.07,2.5,3.69,23.25198332,86.75077264
20161202,0.0,81.31,26.0,15.28,10.72,1.73,2.84,23.25198332,86.75077264
20161203,0.0,82.74,26.02,14.77,11.26,1.22,2.99,23.25198332,86.75077264
20161204,0.0,82.2,25.57,14.23,11.34,1.79,3.14,23.25198332,86.75077264
20161205,0.0,72.94,24.77,11.87,12.9,2.15,3.97,23.25198332,86.75077264
20161206,0.0,71.34,25.04,10.63,14.41,2.46,4.83,23.25198332,86.75077264
20161207,0.0,76.89,24.33,10.57,13.76,2.23,4.33,23.25198332,86.75077264
20161208,0.0,75.94,24.92,11.3,13.62,2.48,4.21,23.25198332,86.75077264
20161209,0.0,73.49,24.03,10.22,13.8,2.27,5.57,23.25198332,86.75077264
20161210,0.0,73.47,23.31,9.2,14.1,2.66,5.02,23.25198332,86.75077264
20161211,0.0,73.58,23.11,8.86,14.24,2.07,5.72,23.25198332,86.75077264
20161212,0.0,70.94,24.24,9.89,14.35,1.98,3.78,23.25198332,86.75077264
20161213,0.0,71.43,24.48,10.36,14.11,1.23,2.77,23.25198332,86.75077264
20161214,0.0,71.09,23.92,9.65,14.27,2.47,3.72,23.25198332,86.75077264
20161215,0.0,68.72,24.22,9.36,14.86,2.41,3.78,23.25198332,86.75077264
20161216,0.0,66.59,22.98,8.88,14.11,2.05,4.22,23.25198332,86.75077264
20161217,0.0,69.15,23.41,8.9,14.5,2.13,4.49,23.25198332,86.75077264
20161218,0.0,67.34,23.48,9.27,14.21,3.2,5.4,23.25198332,86.75077264
20161219,0.0,69.38,23.47,9.82,13.65,2.55,4.94,23.25198332,86.75077264
20161220,0.0,64.65,23.43,8.68,14.75,2.86,5.32,23.25198332,86.75077264
20161221,0.0,63.83,23.31,8.16,15.15,2.12,4.65,23.25198332,86.75077264
20161222,0.0,65.0,22.93,8.18,14.75,2.38,5.23,23.25198332,86.75077264
20161223,0.0,69.33,23.44,9.21,14.22,2.38,4.96,23.25198332,86.75077264
20161224,0.0,71.09,24.21,10.47,13.74,2.66,5.19,23.25198332,86.75077264
20161225,0.0,73.91,24.71,13.47,11.24,2.89,4.93,23.25198332,86.75077264
20161226,0.0,71.29,25.71,11.56,14.14,1.64,5.18,23.25198332,86.75077264
20161227,0.0,76.22,23.54,11.04,12.5,2.44,4.02,23.25198332,86.75077264
20161228,0.0,70.66,23.51,10.03,13.48,2.5,5.97,23.25198332,86.75077264
20161229,0.0,68.32,23.5,9.98,13.52,2.47,4.13,23.25198332,86.75077264
20161230,0.0,70.64,23.85,10.48,13.37,2.09,3.36,23.25198332,86.75077264
20161231,0.0,75.39,24.21,12.39,11.82,1.84,3.03,23.25198332,86.75077264
20170101,0.0,78.42,24.72,13.92,10.8,1.48,2.77,23.25198332,86.75077264
20170102,1.67,79.06,24.05,13.95,10.09,1.52,2.28,23.25198332,86.75077264
20170103,0.66,80.12,24.18,13.64,10.54,2.19,4.5,23.25198332,86.75077264
20170104,0.0,73.31,24.68,12.3,12.38,2.31,4.49,23.25198332,86.75077264
20170105,0.0,64.9,24.22,10.52,13.7,2.32,3.26,23.25198332,86.75077264
20170106,0.0,57.29,24.8,10.26,14.54,1.57,2.79,23.25198332,86.75077264
20170107,0.0,55.86,24.73,10.58,14.15,1.51,2.57,23.25198332,86.75077264
20170108,0.0,61.21,25.47,10.83,14.63,2.48,4.51,23.25198332,86.75077264
20170109,0.01,63.41,25.49,12.32,13.17,1.95,3.11,23.25198332,86.75077264
20170110,0.27,71.84,24.77,12.73,12.04,2.17,4.91,23.25198332,86.75077264
20170111,0.04,76.5,22.82,13.45,9.36,2.12,3.4,23.25198332,86.75077264
20170112,0.0,64.31,21.72,11.09,10.63,2.07,4.2,23.25198332,86.75077264
20170113,0.0,58.05,21.17,7.3,13.88,2.04,4.87,23.25198332,86.75077264
20170114,0.0,59.32,21.36,6.13,15.23,1.66,4.92,23.25198332,86.75077264
20170115,0.0,59.03,21.88,5.44,16.44,1.85,4.46,23.25198332,86.75077264
20170116,0.0,55.81,24.42,6.42,18.0,2.29,4.63,23.25198332,86.75077264
20170117,0.0,61.1,25.28,9.55,15.72,2.29,4.08,23.25198332,86.75077264
20170118,0.0,64.14,25.34,11.28,14.06,1.92,2.67,23.25198332,86.75077264
20170119,0.0,64.91,25.19,10.42,14.77,2.45,3.44,23.25198332,86.75077264
20170120,0.0,63.88,25.92,10.36,15.56,2.35,4.28,23.25198332,86.75077264
20170121,0.0,55.75,25.75,9.84,15.91,1.86,3.84,23.25198332,86.75077264
20170122,0.0,54.66,26.18,8.6,17.58,2.11,3.44,23.25198332,86.75077264
20170123,0.0,62.27,26.77,10.4,16.37,1.92,3.83,23.25198332,86.75077264
20170124,0.0,62.1,26.69,11.45,15.25,1.85,4.02,23.25198332,86.75077264
20170125,0.0,58.17,26.19,11.26,14.93,2.13,3.62,23.25198332,86.75077264
20170126,0.0,55.35,26.46,11.58,14.88,2.24,3.78,23.25198332,86.75077264
20170127,0.03,60.19,28.02,14.32,13.7,3.38,7.4,23.25198332,86.75077264
20170128,0.07,67.81,26.04,12.91,13.13,3.32,3.65,23.25198332,86.75077264
20170129,0.0,60.76,25.17,9.77,15.41,2.23,4.62,23.25198332,86.75077264
20170130,0.0,57.09,26.84,10.77,16.07,2.06,3.17,23.25198332,86.75077264
20170131,0.0,54.12,26.73,10.85,15.88,2.43,3.74,23.25198332,86.75077264
20170201,0.0,53.26,26.55,11.35,15.2,1.67,2.92,23.25198332,86.75077264
20170202,0.0,57.87,25.85,11.79,14.07,1.49,2.37,23.25198332,86.75077264
20170203,0.0,57.32,24.82,10.48,14.35,1.34,2.58,23.25198332,86.75077264
20170204,0.0,52.96,26.18,10.13,16.06,2.83,4.72,23.25198332,86.75077264
20170205,0.0,52.82,27.55,11.9,15.65,2.91,4.24,23.25198332,86.75077264
20170206,0.0,50.63,29.76,13.41,16.35,2.16,3.41,23.25198332,86.75077264
20170207,0.0,53.52,28.87,13.67,15.2,2.05,4.09,23.25198332,86.75077264
20170208,0.0,45.35,29.14,11.48,17.66,2.37,3.16,23.25198332,86.75077264
20170209,0.0,39.51,29.57,11.39,18.18,2.75,4.02,23.25198332,86.75077264
20170210,0.0,45.19,28.88,12.64,16.23,2.48,4.12,23.25198332,86.75077264
20170211,0.0,52.92,27.93,12.52,15.41,1.93,4.26,23.25198332,86.75077264
20170212,0.0,53.48,28.16,15.8,12.35,1.65,1.9,23.25198332,86.75077264
20170213,0.0,60.07,29.0,15.85,13.15,1.79,3.62,23.25198332,86.75077264
20170214,0.0,58.01,29.29,15.9,13.39,2.14,3.71,23.25198332,86.75077264
20170215,0.0,52.08,29.13,16.33,12.8,1.63,2.89,23.25198332,86.75077264
20170216,0.0,50.06,29.13,14.09,15.04,1.77,3.69,23.25198332,86.75077264
20170217,0.0,56.76,28.39,14.66,13.73,1.64,3.13,23.25198332,86.75077264
20170218,0.0,63.07,29.6,15.95,13.65,2.15,4.74,23.25198332,86.75077264
20170219,0.0,67.3,29.83,17.61,12.22,1.49,3.07,23.25198332,86.75077264
20170220,0.0,51.15,32.19,16.36,15.83,2.52,3.33,23.25198332,86.75077264
20170221,0.0,45.83,34.78,16.19,18.59,2.43,4.68,23.25198332,86.75077264
20170222,0.0,46.37,33.77,16.03,17.74,3.44,7.19,23.25198332,86.75077264
20170223,0.0,38.53,32.33,15.09,17.24,3.44,5.51,23.25198332,86.75077264
20170224,0.0,30.97,31.62,13.19,18.43,2.18,3.54,23.25198332,86.75077264
20170225,0.0,29.41,30.76,11.27,19.49,2.53,3.6,23.25198332,86.75077264
20170226,0.0,31.6,31.97,12.27,19.71,4.8,5.63,23.25198332,86.75077264
20170227,0.0,35.9,31.8,13.85,17.95,2.1,3.48,23.25198332,86.75077264
20170228,0.0,32.65,31.63,15.3,16.33,1.47,2.09,23.25198332,86.75077264
20170301,0.0,31.92,33.4,14.44,18.96,2.34,4.17,23.25198332,86.75077264
20170302,0.0,38.98,34.62,15.48,19.14,3.66,7.32,23.25198332,86.75077264
20170303,0.0,37.96,35.58,17.43,18.14,3.62,6.26,23.25198332,86.75077264
20170304,0.08,43.78,34.44,18.46,15.98,4.47,8.22,23.25198332,86.75077264
20170305,0.94,51.15,34.08,18.57,15.51,2.24,2.27,23.25198332,86.75077264
20170306,0.17,32.78,32.98,15.87,17.11,3.54,5.53,23.25198332,86.75077264
20170307,0.0,29.97,33.49,15.61,17.88,3.65,7.51,23.25198332,86.75077264
20170308,0.66,59.84,29.95,18.45,11.5,3.08,5.69,23.25198332,86.75077264
20170309,1.64,64.5,32.28,17.87,14.42,3.53,5.82,23.25198332,86.75077264
20170310,6.12,58.83,34.31,19.7,14.61,4.3,6.55,23.25198332,86.75077264
20170311,11.3,63.65,31.18,21.04,10.14,5.87,6.97,23.25198332,86.75077264
20170312,0.32,51.43,29.51,17.43,12.08,4.48,7.45,23.25198332,86.75077264
20170313,0.0,35.54,30.46,12.12,18.34,4.41,8.02,23.25198332,86.75077264
20170314,0.0,33.62,30.91,14.99,15.91,2.35,3.62,23.25198332,86.75077264
20170315,0.0,31.91,31.48,14.19,17.29,2.25,3.21,23.25198332,86.75077264
20170316,0.0,28.0,31.69,15.31,16.38,1.93,2.66,23.25198332,86.75077264
20170317,0.0,33.86,34.48,15.68,18.8,3.51,6.09,23.25198332,86.75077264
20170318,0.01,34.68,34.54,18.04,16.5,3.24,2.15,23.25198332,86.75077264
20170319,0.85,36.98,33.67,19.0,14.67,4.58,6.23,23.25198332,86.75077264
20170320,4.56,50.96,30.85,16.64,14.22,3.55,5.29,23.25198332,86.75077264
20170321,0.0,38.53,32.89,16.84,16.05,1.66,2.89,23.25198332,86.75077264
20170322,0.14,31.94,34.76,17.68,17.08,1.64,1.85,23.25198332,86.75077264
20170323,0.0,40.15,36.11,18.43,17.68,2.0,2.38,23.25198332,86.75077264
20170324,0.0,36.98,37.12,20.81,16.31,2.99,4.44,23.25198332,86.75077264
20170325,0.14,42.82,38.1,19.82,18.28,3.53,5.67,23.25198332,86.75077264
20170326,0.56,45.91,38.04,21.22,16.83,2.23,3.54,23.25198332,86.75077264
20170327,0.0,34.03,39.1,21.37,17.73,3.19,5.49,23.25198332,86.75077264
20170328,0.04,42.69,39.39,20.93,18.46,1.59,2.46,23.25198332,86.75077264
20170329,0.0,44.69,38.77,22.56,16.21,3.68,5.95,23.25198332,86.75077264
20170330,0.0,35.75,42.71,21.58,21.13,4.72,5.22,23.25198332,86.75077264
20170331,0.0,33.52,41.43,22.75,18.68,3.35,4.21,23.25198332,86.75077264
20170401,0.0,42.01,40.83,21.66,19.17,4.48,6.1,23.25198332,86.75077264
20170402,0.0,42.74,41.98,22.53,19.45,3.77,5.59,23.25198332,86.75077264
20170403,0.26,39.11,41.72,23.26,18.46,2.84,4.47,23.25198332,86.75077264
20170404,0.44,36.36,41.54,23.19,18.35,4.04,6.23,23.25198332,86.75077264
20170405,0.71,50.61,39.18,23.97,15.2,4.61,6.73,23.25198332,86.75077264
20170406,1.97,56.66,38.63,24.76,13.87,3.98,6.21,23.25198332,86.75077264
20170407,0.73,52.77,40.19,25.17,15.01,3.75,5.85,23.25198332,86.75077264
20170408,6.15,55.73,39.35,25.24,14.11,4.12,6.15,23.25198332,86.75077264
20170409,6.34,47.79,38.97,25.2,13.77,4.19,5.93,23.25198332,86.75077264
20170410,0.16,27.99,38.86,21.41,17.45,3.65,5.37,23.25198332,86.75077264
20170411,0.0,20.65,39.14,17.94,21.2,4.36,5.83,23.25198332,86.75077264
20170412,0.0,24.58,38.57,20.09,18.48,2.16,4.24,23.25198332,86.75077264
20170413,0.0,41.11,39.12,19.79,19.34,4.52,7.46,23.25198332,86.75077264
20170414,0.0,44.95,40.07,22.17,17.9,5.05,7.81,23.25198332,86.75077264
20170415,0.01,43.62,40.96,21.42,19.54,5.07,5.97,23.25198332,86.75077264
20170416,0.02,47.6,38.43,23.41,15.02,4.65,8.0,23.25198332,86.75077264
20170417,0.03,43.56,38.4,23.07,15.33,5.22,8.12,23.25198332,86.75077264
20170418,0.19,49.68,39.98,24.47,15.52,6.09,7.31,23.25198332,86.75077264
20170419,1.84,45.77,41.82,26.33,15.5,5.67,7.05,23.25198332,86.75077264
20170420,3.23,49.48,40.72,26.04,14.68,3.88,6.41,23.25198332,86.75077264
20170421,0.57,47.81,40.91,25.18,15.73,4.58,6.96,23.25198332,86.75077264
20170422,1.71,44.85,42.26,25.55,16.71,3.18,5.63,23.25198332,86.75077264
20170423,5.97,52.92,39.41,25.74,13.67,4.57,7.43,23.25198332,86.75077264
20170424,2.92,47.16,40.4,23.87,16.53,3.1,4.97,23.25198332,86.75077264
20170425,0.23,40.27,42.69,24.83,17.86,2.83,3.53,23.25198332,86.75077264
20170426,0.0,27.99,42.18,24.73,17.45,2.91,5.35,23.25198332,86.75077264
20170427,0.2,37.02,41.45,26.51,14.94,4.71,7.08,23.25198332,86.75077264
20170428,1.5,37.07,41.58,25.66,15.92,3.9,5.71,23.25198332,86.75077264
20170429,0.04,35.77,42.32,25.22,17.1,5.7,8.25,23.25198332,86.75077264
20170430,4.52,44.0,41.81,26.32,15.5,4.89,6.95,23.25198332,86.75077264
20170501,33.05,62.08,37.56,25.1,12.46,3.35,5.33,23.25198332,86.75077264
20170502,1.5,57.11,36.78,24.31,12.47,3.7,6.31,23.25198332,86.75077264
20170503,1.08,51.7,38.41,24.08,14.33,3.68,6.84,23.25198332,86.75077264
20170504,0.0,43.27,40.66,23.88,16.78,4.43,6.98,23.25198332,86.75077264
20170505,0.04,41.76,41.91,25.09,16.82,3.94,6.35,23.25198332,86.75077264
20170506,0.76,41.75,42.13,25.5,16.63,5.44,8.49,23.25198332,86.75077264
20170507,0.19,38.89,42.48,25.93,16.55,4.77,7.8,23.25198332,86.75077264
20170508,0.38,41.45,41.63,26.52,15.11,5.15,7.49,23.25198332,86.75077264
20170509,1.74,52.26,38.48,26.62,11.85,2.44,5.16,23.25198332,86.75077264
20170510,2.42,51.74,38.39,25.85,12.54,2.9,4.85,23.25198332,86.75077264
20170511,6.92,51.5,39.5,26.24,13.25,4.24,6.24,23.25198332,86.75077264
20170512,5.58,52.37,39.68,25.17,14.51,4.62,6.68,23.25198332,86.75077264
20170513,3.78,49.34,40.43,25.69,14.74,3.03,5.38,23.25198332,86.75077264
20170514,5.19,51.26,41.13,25.97,15.16,3.17,5.76,23.25198332,86.75077264
20170515,1.91,49.47,42.98,26.67,16.31,6.61,8.77,23.25198332,86.75077264
20170516,5.72,54.14,41.34,26.71,14.63,6.21,8.93,23.25198332,86.75077264
20170517,2.09,57.78,39.48,27.39,12.09,2.85,4.77,23.25198332,86.75077264
20170518,2.87,57.7,39.76,27.15,12.61,3.76,5.43,23.25198332,86.75077264
20170519,0.76,47.21,41.26,28.11,13.16,3.29,4.85,23.25198332,86.75077264
20170520,2.58,43.86,42.5,27.12,15.38,2.5,3.18,23.25198332,86.75077264
20170521,4.49,41.56,42.69,26.28,16.41,4.53,7.25,23.25198332,86.75077264
20170522,2.43,49.38,41.54,26.42,15.12,3.33,5.75,23.25198332,86.75077264
20170523,10.06,60.96,38.72,27.19,11.53,2.95,5.12,23.25198332,86.75077264
20170524,2.97,58.96,38.99,27.6,11.39,3.68,5.77,23.25198332,86.75077264
20170525,0.06,50.61,41.69,26.85,14.84,4.4,5.44,23.25198332,86.75077264
20170526,24.78,53.4,40.75,27.53,13.22,3.99,5.15,23.25198332,86.75077264
20170527,10.26,66.97,36.2,26.2,10.0,3.81,6.09,23.25198332,86.75077264
20170528,2.29,64.31,35.97,27.04,8.93,2.48,4.19,23.25198332,86.75077264
20170529,6.25,58.75,37.34,26.27,11.07,1.36,2.73,23.25198332,86.75077264
20170530,3.69,58.93,37.68,26.85,10.83,2.46,3.49,23.25198332,86.75077264
20170531,2.88,56.95,38.12,27.06,11.05,3.41,5.85,23.25198332,86.75077264
20170601,4.6,57.58,39.24,27.9,11.34,3.24,5.44,23.25198332,86.75077264
20170602,12.09,62.34,39.02,27.51,11.5,3.66,6.3,23.25198332,86.75077264
20170603,3.16,54.12,41.43,26.69,14.74,3.74,4.57,23.25198332,86.75077264
20170604,0.12,46.55,43.03,26.86,16.16,4.82,7.58,23.25198332,86.75077264
20170605,0.1,51.25,42.12,28.49,13.63,5.08,7.52,23.25198332,86.75077264
20170606,6.73,64.65,36.21,27.94,8.27,2.9,3.41,23.25198332,86.75077264
20170607,0.6,64.97,34.91,27.72,7.19,2.5,4.19,23.25198332,86.75077264
20170608,0.35,53.29,39.47,27.03,12.44,3.3,5.2,23.25198332,86.75077264
20170609,1.24,56.86,38.0,27.57,10.43,4.42,6.36,23.25198332,86.75077264
20170610,2.8,69.53,34.34,26.76,7.59,2.86,3.48,23.25198332,86.75077264
20170611,3.34,66.49,35.16,27.22,7.94,3.8,5.09,23.25198332,86.75077264
20170612,4.38,68.32,34.82,26.99,7.82,2.84,3.72,23.25198332,86.75077264
20170613,0.3,54.83,40.25,27.49,12.76,3.35,4.74,23.25198332,86.75077264
20170614,0.16,54.49,39.65,27.67,11.99,4.53,6.93,23.25198332,86.75077264
20170615,6.85,66.15,34.63,27.5,7.12,2.34,4.29,23.25198332,86.75077264
20170616,24.67,74.33,33.34,26.98,6.36,3.29,6.03,23.25198332,86.75077264
20170617,12.55,66.28,36.43,25.55,10.87,2.32,4.33,23.25198332,86.75077264
20170618,2.5,62.88,37.54,25.8,11.74,2.19,2.71,23.25198332,86.75077264
20170619,37.53,71.81,35.21,27.64,7.57,3.85,5.11,23.25198332,86.75077264
20170620,52.57,84.2,32.57,25.76,6.81,2.86,4.79,23.25198332,86.75077264
20170621,13.7,81.81,31.62,25.78,5.84,2.5,5.36,23.25198332,86.75077264
20170622,8.85,78.38,33.6,25.42,8.18,4.0,6.84,23.25198332,86.75077264
20170623,5.68,81.47,32.07,25.61,6.47,2.57,5.32,23.25198332,86.75077264
20170624,9.69,80.61,32.89,25.75,7.14,2.76,4.25,23.25198332,86.75077264
20170625,3.35,78.56,33.26,25.45,7.81,4.67,4.72,23.25198332,86.75077264
20170626,3.81,80.67,33.02,25.1,7.92,4.33,4.83,23.25198332,86.75077264
20170627,6.11,81.75,32.42,25.72,6.7,3.84,3.4,23.25198332,86.75077264
20170628,4.65,84.15,31.95,26.02,5.93,4.58,3.91,23.25198332,86.75077264
20170629,3.8,81.58,32.29,26.0,6.28,2.33,1.05,23.25198332,86.75077264
20170630,6.49,85.91,31.29,26.13,5.16,1.81,2.75,23.25198332,86.75077264
20170701,8.8,84.95,31.98,26.57,5.41,2.16,2.28,23.25198332,86.75077264
20170702,9.82,86.69,30.68,25.86,4.82,2.83,3.6,23.25198332,86.75077264
20170703,23.74,83.77,32.1,25.63,6.47,2.64,3.93,23.25198332,86.75077264
20170704,10.47,80.19,32.48,25.59,6.9,2.06,2.85,23.25198332,86.75077264
20170705,5.11,81.4,32.77,25.24,7.53,2.8,2.85,23.25198332,86.75077264
20170706,13.39,76.38,33.84,25.65,8.19,1.19,2.76,23.25198332,86.75077264
20170707,2.58,82.66,31.99,26.43,5.56,2.18,3.05,23.25198332,86.75077264
20170708,7.59,82.24,32.86,26.31,6.54,2.12,4.38,23.25198332,86.75077264
20170709,11.69,85.31,31.96,26.33,5.63,1.73,2.4,23.25198332,86.75077264
20170710,12.6,88.03,31.21,26.3,4.91,2.85,2.33,23.25198332,86.75077264
20170711,16.96,84.97,32.03,25.51,6.52,2.89,3.53,23.25198332,86.75077264
20170712,19.25,86.34,30.57,25.67,4.9,2.75,4.38,23.25198332,86.75077264
20170713,10.32,86.78,30.03,25.15,4.88,1.37,1.48,23.25198332,86.75077264
20170714,7.33,84.9,31.02,24.51,6.51,2.84,2.41,23.25198332,86.75077264
20170715,4.41,83.06,32.42,25.14,7.28,3.1,2.22,23.25198332,86.75077264
20170716,3.87,86.51,30.72,25.29,5.43,4.48,5.12,23.25198332,86.75077264
20170717,0.79,82.9,32.55,25.22,7.33,5.18,5.58,23.25198332,86.75077264
20170718,1.1,84.12,32.16,25.93,6.23,4.6,3.94,23.25198332,86.75077264
20170719,22.57,88.42,31.17,25.74,5.43,3.89,2.81,23.25198332,86.75077264
20170720,60.24,90.43,30.63,25.32,5.31,3.71,3.54,23.25198332,86.75077264
20170721,64.58,90.33,30.2,25.54,4.66,2.91,3.1,23.25198332,86.75077264
20170722,34.36,90.45,29.89,26.03,3.86,2.6,3.75,23.25198332,86.75077264
20170723,97.21,90.9,29.02,25.3,3.72,5.12,7.43,23.25198332,86.75077264
20170724,79.14,92.42,29.1,24.6,4.5,2.84,3.49,23.25198332,86.75077264
20170725,98.57,91.63,28.85,24.72,4.13,4.15,4.59,23.25198332,86.75077264
20170726,11.9,90.41,29.37,24.04,5.33,3.73,3.02,23.25198332,86.75077264
20170727,2.26,86.12,30.89,24.01,6.88,2.27,2.12,23.25198332,86.75077264
20170728,1.71,87.02,30.82,25.09,5.73,1.11,3.61,23.25198332,86.75077264
20170729,4.59,86.63,31.23,24.66,6.57,1.72,3.46,23.25198332,86.75077264
20170730,12.7,91.05,29.14,25.68,3.46,1.25,3.36,23.25198332,86.75077264
20170731,12.56,81.82,32.15,24.73,7.42,1.34,2.53,23.25198332,86.75077264
20170801,13.5,83.37,32.09,25.41,6.69,0.96,3.42,23.25198332,86.75077264
20170802,2.0,87.99,31.7,25.95,5.75,1.89,3.89,23.25198332,86.75077264
20170803,6.85,90.02,30.02,26.31,3.71,1.48,3.55,23.25198332,86.75077264
20170804,25.86,88.73,30.72,26.05,4.67,1.58,3.19,23.25198332,86.75077264
20170805,24.68,91.47,30.27,26.01,4.25,2.12,2.18,23.25198332,86.75077264
20170806,6.11,90.51,31.23,26.4,4.84,4.66,6.93,23.25198332,86.75077264
20170807,2.07,89.74,30.67,25.41,5.26,1.79,2.66,23.25198332,86.75077264
20170808,1.68,87.28,32.11,25.38,6.72,2.38,4.18,23.25198332,86.75077264
20170809,6.16,89.14,31.46,25.98,5.48,1.52,2.77,23.25198332,86.75077264
20170810,9.12,88.82,30.88,25.62,5.26,2.71,2.17,23.25198332,86.75077264
20170811,29.77,91.95,29.23,25.09,4.14,4.23,5.08,23.25198332,86.75077264
20170812,15.83,92.1,29.75,25.64,4.11,2.49,2.85,23.25198332,86.75077264
20170813,21.69,85.52,31.0,24.61,6.39,2.91,5.5,23.25198332,86.75077264
20170814,28.38,91.17,29.73,25.12,4.61,1.48,1.85,23.25198332,86.75077264
20170815,37.46,91.86,29.23,24.51,4.72,2.01,2.81,23.25198332,86.75077264
20170816,14.45,88.95,30.68,25.58,5.11,2.02,4.18,23.25198332,86.75077264
20170817,10.34,88.59,30.97,25.52,5.45,3.0,5.08,23.25198332,86.75077264
20170818,6.58,90.58,30.59,24.0,6.59,3.86,4.77,23.25198332,86.75077264
20170819,9.95,90.79,30.3,25.01,5.29,4.09,3.09,23.25198332,86.75077264
20170820,25.4,90.7,30.28,24.78,5.5,3.16,2.04,23.25198332,86.75077264
20170821,4.96,88.37,30.7,24.44,6.27,1.17,2.75,23.25198332,86.75077264
20170822,0.32,87.45,30.62,24.51,6.11,2.25,4.75,23.25198332,86.75077264
20170823,0.94,84.19,31.66,24.63,7.03,1.82,4.23,23.25198332,86.75077264
20170824,4.16,87.41,31.11,25.07,6.04,2.03,4.27,23.25198332,86.75077264
20170825,2.63,90.73,30.23,25.18,5.05,1.8,2.54,23.25198332,86.75077264
20170826,2.19,88.77,31.26,24.79,6.47,2.28,3.3,23.25198332,86.75077264
20170827,26.72,91.31,29.31,25.52,3.79,1.76,2.04,23.25198332,86.75077264
20170828,21.25,93.12,29.06,25.3,3.76,6.86,6.75,23.25198332,86.75077264
20170829,11.44,91.58,29.49,25.48,4.01,2.58,2.64,23.25198332,86.75077264
20170830,0.77,88.54,30.81,24.44,6.38,1.5,3.17,23.25198332,86.75077264
20170831,2.73,90.58,30.29,24.97,5.32,1.19,3.43,23.25198332,86.75077264
20170901,16.31,92.82,29.6,25.12,4.48,1.88,2.16,23.25198332,86.75077264
20170902,17.85,91.13,29.22,25.43,3.8,3.17,4.87,23.25198332,86.75077264
20170903,7.54,85.44,31.37,24.56,6.81,1.33,2.26,23.25198332,86.75077264
20170904,0.42,82.0,31.82,24.17,7.65,2.33,3.69,23.25198332,86.75077264
20170905,0.04,79.76,33.17,24.98,8.2,2.38,5.14,23.25198332,86.75077264
20170906,1.35,84.63,32.03,25.23,6.81,2.1,4.79,23.25198332,86.75077264
20170907,1.73,87.98,30.95,25.12,5.83,1.24,3.47,23.25198332,86.75077264
20170908,2.6,85.97,31.89,25.36,6.52,2.19,4.84,23.25198332,86.75077264
20170909,4.65,90.71,30.04,25.43,4.61,1.41,3.81,23.25198332,86.75077264
20170910,1.58,90.98,30.64,25.2,5.44,1.84,2.06,23.25198332,86.75077264
20170911,3.31,90.6,30.27,25.42,4.85,1.32,2.54,23.25198332,86.75077264
20170912,6.9,88.68,31.21,24.98,6.23,2.15,4.42,23.25198332,86.75077264
20170913,9.15,91.12,27.96,25.05,2.91,1.48,1.71,23.25198332,86.75077264
20170914,8.46,87.35,30.93,24.35,6.59,1.32,3.63,23.25198332,86.75077264
20170915,3.52,85.21,31.59,24.61,6.98,1.24,3.39,23.25198332,86.75077264
20170916,0.16,85.53,32.29,24.63,7.66,1.81,3.0,23.25198332,86.75077264
20170917,18.09,85.13,32.39,26.01,6.37,2.43,5.14,23.25198332,86.75077264
20170918,26.6,90.06,29.68,25.23,4.45,1.78,2.79,23.25198332,86.75077264
20170919,5.68,89.28,30.48,24.32,6.16,3.11,4.46,23.25198332,86.75077264
20170920,12.77,93.78,28.3,25.05,3.25,3.27,2.73,23.25198332,86.75077264
20170921,1.13,90.66,29.82,24.69,5.12,1.49,2.76,23.25198332,86.75077264
20170922,0.85,88.6,31.18,24.81,6.37,1.05,2.33,23.25198332,86.75077264
20170923,4.09,86.53,31.86,24.51,7.35,1.24,3.63,23.25198332,86.75077264
20170924,6.14,84.2,31.91,25.3,6.61,2.15,4.69,23.25198332,86.75077264
20170925,4.83,82.0,31.51,25.72,5.8,1.91,3.14,23.25198332,86.75077264
20170926,2.87,87.47,30.96,25.01,5.94,1.73,2.85,23.25198332,86.75077264
20170927,7.02,86.74,31.07,24.82,6.24,2.9,5.33,23.25198332,86.75077264
20170928,13.42,86.29,31.08,24.67,6.41,1.81,4.11,23.25198332,86.75077264
20170929,14.59,88.61,30.77,23.88,6.89,1.62,3.19,23.25198332,86.75077264
20170930,6.92,89.38,30.23,23.97,6.26,1.01,2.52,23.25198332,86.75077264
20171001,10.78,90.34,29.51,23.83,5.68,1.12,2.07,23.25198332,86.75077264
20171002,4.4,90.34,29.71,24.07,5.64,2.16,2.83,23.25198332,86.75077264
20171003,3.25,89.72,29.64,24.55,5.1,1.44,1.71,23.25198332,86.75077264
20171004,2.03,86.32,30.59,24.16,6.44,1.41,2.73,23.25198332,86.75077264
20171005,2.21,87.06,30.83,24.01,6.82,2.17,2.6,23.25198332,86.75077264
20171006,2.22,87.23,30.59,24.7,5.89,2.3,5.01,23.25198332,86.75077264
20171007,6.42,86.04,31.03,23.62,7.41,1.09,3.42,23.25198332,86.75077264
20171008,12.45,89.8,29.48,24.63,4.85,3.77,5.35,23.25198332,86.75077264
20171009,27.64,91.29,29.61,24.24,5.37,3.88,3.21,23.25198332,86.75077264
20171010,43.54,89.69,28.9,23.84,5.06,1.13,2.89,23.25198332,86.75077264
20171011,4.24,89.19,30.56,23.77,6.79,1.51,2.25,23.25198332,86.75077264
20171012,1.1,87.92,31.08,24.24,6.84,1.08,2.55,23.25198332,86.75077264
20171013,5.59,88.66,30.68,24.19,6.49,1.68,1.63,23.25198332,86.75077264
20171014,2.73,79.05,31.77,24.31,7.47,2.71,4.77,23.25198332,86.75077264
20171015,0.0,73.66,32.77,23.55,9.21,2.02,4.28,23.25198332,86.75077264
20171016,0.0,67.45,32.14,20.84,11.3,2.22,4.54,23.25198332,86.75077264
20171017,0.04,69.73,30.56,20.97,9.59,1.82,3.45,23.25198332,86.75077264
20171018,7.83,85.37,29.71,22.0,7.72,2.41,3.68,23.25198332,86.75077264
20171019,8.03,93.12,28.22,24.26,3.96,2.54,2.9,23.25198332,86.75077264
20171020,89.12,95.64,26.68,24.46,2.22,4.93,6.37,23.25198332,86.75077264
20171021,26.66,93.13,28.85,23.36,5.49,6.95,8.5,23.25198332,86.75077264
20171022,0.03,80.59,30.1,21.22,8.87,1.64,3.56,23.25198332,86.75077264
20171023,0.0,74.11,30.46,17.77,12.69,3.21,5.96,23.25198332,86.75077264
20171024,0.01,82.75,30.64,19.72,10.92,1.82,3.56,23.25198332,86.75077264
20171025,1.22,78.95,30.25,21.78,8.47,2.98,5.27,23.25198332,86.75077264
20171026,0.04,75.08,29.95,21.65,8.3,1.74,3.5,23.25198332,86.75077264
20171027,0.0,72.53,29.44,20.07,9.37,1.69,3.49,23.25198332,86.75077264
20171028,0.0,70.26,28.4,18.08,10.32,1.39,2.42,23.25198332,86.75077264
20171029,0.38,68.78,28.85,19.46,9.39,1.58,2.45,23.25198332,86.75077264
20171030,0.61,71.55,27.61,18.51,9.1,1.86,3.97,23.25198332,86.75077264
20171031,0.05,76.99,27.36,17.2,10.17,2.36,4.47,23.25198332,86.75077264
20171101,0.0,80.77,26.6,17.39,9.2,1.71,3.08,23.25198332,86.75077264
20171102,0.0,78.55,27.12,18.26,8.85,2.5,2.85,23.25198332,86.75077264
20171103,0.0,77.75,27.08,17.82,9.26,1.89,2.1,23.25198332,86.75077264
20171104,0.0,79.7,28.25,16.97,11.29,2.67,3.86,23.25198332,86.75077264
20171105,0.0,83.08,28.33,18.68,9.65,2.01,4.34,23.25198332,86.75077264
20171106,0.0,82.63,28.57,18.93,9.64,2.71,4.17,23.25198332,86.75077264
20171107,0.0,78.41,28.51,18.25,10.26,2.14,2.98,23.25198332,86.75077264
20171108,0.0,73.56,28.07,17.41,10.65,1.66,2.5,23.25198332,86.75077264
20171109,0.0,67.54,27.59,17.28,10.3,1.98,2.86,23.25198332,86.75077264
20171110,0.0,71.79,27.21,16.27,10.94,1.73,2.75,23.25198332,86.75077264
20171111,0.0,74.06,27.36,16.41,10.95,1.77,2.4,23.25198332,86.75077264
20171112,0.0,74.79,27.39,15.74,11.66,2.52,3.92,23.25198332,86.75077264
20171113,0.0,75.22,27.23,15.96,11.27,3.29,4.97,23.25198332,86.75077264
20171114,0.01,77.32,25.78,16.77,9.02,1.63,2.24,23.25198332,86.75077264
20171115,7.52,91.6,23.4,18.25,5.14,2.41,3.86,23.25198332,86.75077264
20171116,4.2,91.67,24.78,18.12,6.66,2.42,2.43,23.25198332,86.75077264
20171117,3.09,90.01,25.97,18.2,7.78,2.26,2.2,23.25198332,86.75077264
20171118,0.67,88.96,26.99,20.22,6.77,1.84,2.72,23.25198332,86.75077264
20171119,0.0,80.78,28.29,19.77,8.52,1.71,1.89,23.25198332,86.75077264
20171120,0.0,79.02,27.83,17.46,10.37,1.44,3.32,23.25198332,86.75077264
20171121,0.0,70.99,26.04,13.98,12.07,2.97,5.81,23.25198332,86.75077264
20171122,0.0,67.91,25.6,11.98,13.62,2.57,6.58,23.25198332,86.75077264
20171123,0.0,69.84,23.92,11.52,12.4,1.47,4.38,23.25198332,86.75077264
20171124,0.0,64.85,24.63,9.93,14.7,1.69,4.84,23.25198332,86.75077264
20171125,0.0,60.93,24.61,10.33,14.28,2.13,4.44,23.25198332,86.75077264
20171126,0.0,65.57,24.65,10.39,14.26,2.2,4.14,23.25198332,86.75077264
20171127,0.0,65.09,24.65,10.46,14.19,1.61,4.32,23.25198332,86.75077264
20171128,0.0,61.18,25.53,10.19,15.34,2.1,4.75,23.25198332,86.75077264
20171129,0.0,57.39,24.58,11.05,13.53,2.12,3.45,23.25198332,86.75077264
20171130,0.0,58.57,24.5,11.14,13.36,1.66,2.96,23.25198332,86.75077264
20171201,0.0,63.77,24.29,10.59,13.7,1.95,3.66,23.25198332,86.75077264
20171202,0.0,67.66,24.27,11.17,13.1,1.95,3.33,23.25198332,86.75077264
20171203,0.0,70.75,23.71,11.05,12.66,2.28,4.08,23.25198332,86.75077264
20171204,0.0,65.41,23.62,10.88,12.73,1.84,3.23,23.25198332,86.75077264
20171205,0.0,62.84,24.32,10.8,13.52,2.62,4.18,23.25198332,86.75077264
20171206,0.0,68.01,23.95,10.1,13.85,2.7,4.98,23.25198332,86.75077264
20171207,0.0,70.56,24.71,12.49,12.22,3.5,5.8,23.25198332,86.75077264
20171208,0.15,78.59,23.75,14.61,9.14,2.74,4.99,23.25198332,86.75077264
20171209,3.07,87.69,23.9,16.54,7.36,3.65,5.72,23.25198332,86.75077264
20171210,3.3,91.52,24.95,18.15,6.8,2.17,2.06,23.25198332,86.75077264
20171211,0.19,82.66,25.86,16.83,9.03,2.6,4.81,23.25198332,86.75077264
20171212,0.0,76.1,26.65,15.99,10.66,2.01,3.31,23.25198332,86.75077264
20171213,0.0,72.55,26.9,14.48,12.42,1.29,2.98,23.25198332,86.75077264
20171214,0.0,70.51,26.24,13.8,12.44,2.62,5.07,23.25198332,86.75077264
20171215,0.0,72.55,25.65,13.27,12.37,2.38,4.26,23.25198332,86.75077264
20171216,0.0,76.24,25.11,12.78,12.33,1.53,5.24,23.25198332,86.75077264
20171217,0.0,71.58,23.14,10.8,12.34,1.93,4.84,23.25198332,86.75077264
20171218,0.0,65.85,21.74,7.72,14.02,2.14,3.75,23.25198332,86.75077264
20171219,0.0,67.68,21.16,8.67,12.49,2.05,3.65,23.25198332,86.75077264
20171220,0.0,78.46,22.76,9.53,13.23,2.19,3.53,23.25198332,86.75077264
20171221,0.0,82.48,23.65,11.83,11.82,1.44,2.49,23.25198332,86.75077264
20171222,0.0,84.71,23.79,12.62,11.17,1.68,3.19,23.25198332,86.75077264
20171223,0.0,65.57,23.99,12.27,11.73,1.66,3.61,23.25198332,86.75077264
20171224,0.0,63.95,23.45,9.78,13.68,2.15,4.27,23.25198332,86.75077264
20171225,0.0,66.18,23.8,9.83,13.97,1.78,3.72,23.25198332,86.75077264
20171226,0.0,68.88,22.24,8.37,13.87,2.44,4.38,23.25198332,86.75077264
20171227,0.0,68.82,23.02,8.03,14.99,1.7,4.96,23.25198332,86.75077264
20171228,0.0,60.1,23.2,7.88,15.32,2.42,5.72,23.25198332,86.75077264
20171229,0.0,57.95,22.97,9.81,13.16,1.86,2.92,23.25198332,86.75077264
20171230,0.0,61.94,23.36,9.91,13.44,1.95,3.32,23.25198332,86.75077264
20171231,0.0,67.01,23.76,9.99,13.77,1.89,3.54,23.25198332,86.75077264
20180101,0.0,63.77,23.15,9.49,13.66,3.05,5.14,23.25198332,86.75077264
20180102,0.0,68.47,21.88,9.47,12.41,3.28,4.92,23.25198332,86.75077264
20180103,0.0,66.53,22.24,7.63,14.62,1.89,3.22,23.25198332,86.75077264
20180104,0.0,63.78,20.59,6.22,14.38,1.73,3.4,23.25198332,86.75077264
20180105,0.0,61.74,21.05,5.84,15.2,1.33,2.5,23.25198332,86.75077264
20180106,0.0,60.46,21.38,5.46,15.92,2.0,4.24,23.25198332,86.75077264
20180107,0.0,56.23,21.12,5.77,15.35,2.71,4.2,23.25198332,86.75077264
20180108,0.0,59.7,20.93,6.16,14.77,2.27,3.05,23.25198332,86.75077264
20180109,0.0,64.5,20.42,5.49,14.93,1.91,3.37,23.25198332,86.75077264
20180110,0.0,60.42,21.28,4.87,16.4,2.45,4.22,23.25198332,86.75077264
20180111,0.0,61.53,20.85,5.43,15.41,1.68,3.18,23.25198332,86.75077264
20180112,0.0,61.1,21.55,7.36,14.19,1.08,2.25,23.25198332,86.75077264
20180113,0.0,58.13,21.82,7.23,14.59,1.91,3.22,23.25198332,86.75077264
20180114,0.0,63.63,21.2,7.18,14.02,1.94,3.76,23.25198332,86.75077264
20180115,0.0,61.94,22.57,6.21,16.36,2.41,4.36,23.25198332,86.75077264
20180116,0.0,59.21,22.81,7.5,15.31,1.6,2.44,23.25198332,86.75077264
20180117,0.0,56.03,23.2,7.9,15.3,1.3,2.46,23.25198332,86.75077264
20180118,0.0,52.95,23.02,6.13,16.89,1.89,3.85,23.25198332,86.75077264
20180119,0.0,55.95,23.23,6.6,16.63,1.36,3.24,23.25198332,86.75077264
20180120,0.0,59.52,24.28,7.96,16.32,3.08,4.63,23.25198332,86.75077264
20180121,0.0,61.98,23.72,9.0,14.72,2.04,3.92,23.25198332,86.75077264
20180122,0.0,57.69,23.47,7.55,15.92,2.4,3.66,23.25198332,86.75077264
20180123,0.0,56.91,24.06,8.89,15.17,2.68,4.74,23.25198332,86.75077264
20180124,0.0,65.57,25.97,9.27,16.7,2.43,5.3,23.25198332,86.75077264
20180125,0.0,62.34,24.43,10.5,13.92,2.55,5.71,23.25198332,86.75077264
20180126,0.0,60.41,23.3,8.94,14.35,2.29,4.54,23.25198332,86.75077264
20180127,0.0,52.07,23.25,8.08,15.17,3.83,4.8,23.25198332,86.75077264
20180128,0.0,49.32,23.37,7.24,16.13,2.18,3.76,23.25198332,86.75077264
20180129,0.0,52.28,23.84,7.15,16.69,3.7,5.34,23.25198332,86.75077264
20180130,0.0,54.09,25.57,7.42,18.15,2.53,3.67,23.25198332,86.75077264
20180131,0.0,59.14,26.87,8.49,18.38,2.21,4.75,23.25198332,86.75077264
20180201,0.0,62.73,24.75,9.14,15.61,2.54,2.84,23.25198332,86.75077264
20180202,0.0,55.85,26.23,10.11,16.13,3.33,5.01,23.25198332,86.75077264
20180203,0.0,56.95,26.68,11.86,14.82,2.16,3.53,23.25198332,86.75077264
20180204,0.0,59.61,28.12,12.45,15.67,2.42,3.39,23.25198332,86.75077264
20180205,0.0,61.23,27.12,13.65,13.47,3.64,4.93,23.25198332,86.75077264
20180206,0.0,55.75,26.27,13.18,13.1,2.83,4.72,23.25198332,86.75077264
20180207,0.0,57.22,26.06,14.03,12.02,2.09,4.13,23.25198332,86.75077264
20180208,0.0,54.52,27.84,14.46,13.38,3.53,6.48,23.25198332,86.75077264
20180209,0.1,56.92,27.56,13.25,14.31,2.44,3.38,23.25198332,86.75077264
20180210,0.05,53.96,25.82,15.12,10.7,3.86,5.51,23.25198332,86.75077264
20180211,0.0,47.33,25.77,14.08,11.69,1.93,3.33,23.25198332,86.75077264
20180212,0.0,51.25,27.79,12.05,15.74,1.85,5.21,23.25198332,86.75077264
20180213,0.1,60.29,26.65,12.24,14.41,3.06,6.39,23.25198332,86.75077264
20180214,0.04,70.19,27.31,14.5,12.82,3.76,5.36,23.25198332,86.75077264
20180215,0.0,49.69,26.51,10.65,15.86,3.29,6.72,23.25198332,86.75077264
20180216,0.0,48.46,26.79,10.7,16.09,2.78,4.42,23.25198332,86.75077264
20180217,0.0,56.25,27.77,11.85,15.92,3.78,5.69,23.25198332,86.75077264
20180218,0.0,51.71,28.65,12.86,15.79,2.5,4.32,23.25198332,86.75077264
20180219,0.0,55.54,28.77,14.45,14.32,2.17,3.64,23.25198332,86.75077264
20180220,0.0,53.68,28.71,15.82,12.89,2.12,2.86,23.25198332,86.75077264
20180221,0.0,50.38,28.89,15.04,13.85,2.77,3.92,23.25198332,86.75077264
20180222,0.0,45.39,29.59,13.93,15.66,2.17,3.19,23.25198332,86.75077264
20180223,0.0,52.41,31.69,14.81,16.88,3.14,5.5,23.25198332,86.75077264
20180224,0.0,49.2,31.92,17.21,14.71,2.06,4.39,23.25198332,86.75077264
20180225,0.03,50.16,32.81,17.06,15.75,2.19,2.74,23.25198332,86.75077264
20180226,2.07,52.63,31.6,16.4,15.2,3.89,7.2,23.25198332,86.75077264
20180227,0.01,48.41,30.65,15.83,14.82,1.85,2.65,23.25198332,86.75077264
20180228,0.0,47.7,30.28,14.59,15.69,2.09,3.05,23.25198332,86.75077264
20180301,0.0,47.5,31.61,15.29,16.31,2.85,3.89,23.25198332,86.75077264
20180302,0.0,49.76,32.83,16.32,16.51,2.67,4.51,23.25198332,86.75077264
20180303,0.0,45.11,34.27,17.49,16.78,2.65,2.46,23.25198332,86.75077264
20180304,0.0,39.53,34.61,17.2,17.41,2.25,4.07,23.25198332,86.75077264
20180305,0.01,43.9,33.8,17.94,15.86,4.11,7.96,23.25198332,86.75077264
20180306,0.13,49.64,32.67,17.48,15.19,3.24,5.01,23.25198332,86.75077264
20180307,0.0,35.89,32.42,14.39,18.04,2.62,6.4,23.25198332,86.75077264
20180308,0.0,36.03,31.76,14.49,17.27,2.8,4.67,23.25198332,86.75077264
20180309,0.0,37.19,32.5,15.45,17.05,2.97,4.66,23.25198332,86.75077264
20180310,0.0,35.17,33.6,14.68,18.91,3.88,5.24,23.25198332,86.75077264
20180311,0.0,37.45,34.12,15.57,18.56,2.47,4.8,23.25198332,86.75077264
20180312,0.02,43.5,33.43,17.32,16.12,2.05,3.9,23.25198332,86.75077264
20180313,0.09,37.09,35.22,18.07,17.15,2.1,3.43,23.25198332,86.75077264
20180314,0.0,34.13,35.08,16.76,18.32,2.69,3.56,23.25198332,86.75077264
20180315,0.0,37.74,35.38,18.53,16.85,2.03,4.4,23.25198332,86.75077264
20180316,0.06,46.79,34.76,21.64,13.12,3.08,3.91,23.25198332,86.75077264
20180317,1.02,45.65,34.21,20.56,13.65,5.72,8.08,23.25198332,86.75077264
20180318,0.01,44.15,34.01,20.43,13.59,2.05,4.63,23.25198332,86.75077264
20180319,0.0,30.85,34.79,17.06,17.73,2.65,4.22,23.25198332,86.75077264
20180320,0.0,27.46,35.0,16.59,18.41,2.79,4.69,23.25198332,86.75077264
20180321,0.0,30.26,35.78,18.98,16.8,2.35,4.97,23.25198332,86.75077264
20180322,0.0,41.91,36.49,20.72,15.77,4.22,6.98,23.25198332,86.75077264
20180323,0.0,46.7,36.54,20.75,15.78,2.68,4.82,23.25198332,86.75077264
20180324,0.58,51.47,35.48,21.71,13.76,1.57,3.47,23.25198332,86.75077264
20180325,0.27,44.75,35.73,21.65,14.09,2.08,4.72,23.25198332,86.75077264
20180326,4.51,42.81,35.71,21.16,14.55,3.29,4.68,23.25198332,86.75077264
20180327,0.0,33.68,36.2,18.77,17.44,1.63,2.51,23.25198332,86.75077264
20180328,0.0,36.08,36.98,20.44,16.54,1.3,2.66,23.25198332,86.75077264
20180329,0.0,44.03,37.32,19.64,17.68,4.94,8.49,23.25198332,86.75077264
20180330,0.01,43.19,38.14,20.31,17.82,5.99,9.82,23.25198332,86.75077264
20180331,0.71,56.32,36.58,21.54,15.04,3.18,6.29,23.25198332,86.75077264
20180401,12.01,65.83,34.45,21.43,13.02,2.09,4.0,23.25198332,86.75077264
20180402,4.49,60.3,32.48,20.93,11.55,4.47,6.67,23.25198332,86.75077264
20180403,0.02,54.13,34.27,19.49,14.78,3.04,6.48,23.25198332,86.75077264
20180404,0.05,56.9,34.9,21.11,13.78,3.34,6.2,23.25198332,86.75077264
20180405,0.51,58.23,35.97,22.15,13.83,3.46,6.36,23.25198332,86.75077264
20180406,0.31,59.65,35.93,21.98,13.95,4.22,6.87,23.25198332,86.75077264
20180407,17.19,83.44,29.05,23.51,5.54,2.62,3.54,23.25198332,86.75077264
20180408,4.32,66.72,33.41,22.58,10.83,4.67,7.36,23.25198332,86.75077264
20180409,12.7,67.42,33.17,21.58,11.59,1.99,4.83,23.25198332,86.75077264
20180410,11.45,64.4,34.16,20.98,13.19,3.52,6.67,23.25198332,86.75077264
20180411,6.81,62.45,35.07,21.01,14.05,3.78,6.68,23.25198332,86.75077264
20180412,12.89,61.8,35.06,21.64,13.42,3.48,7.27,23.25198332,86.75077264
20180413,9.1,58.34,35.63,21.12,14.51,4.28,5.98,23.25198332,86.75077264
20180414,0.81,54.96,36.86,22.45,14.41,3.06,6.37,23.25198332,86.75077264
20180415,0.56,45.38,37.04,20.84,16.2,4.5,7.84,23.25198332,86.75077264
20180416,0.0,44.39,38.2,21.16,17.04,3.6,6.98,23.25198332,86.75077264
20180417,1.54,52.62,39.07,23.27,15.81,4.58,8.04,23.25198332,86.75077264
20180418,2.27,55.07,38.06,22.66,15.4,3.6,6.41,23.25198332,86.75077264
20180419,0.03,46.66,39.14,23.18,15.96,3.01,5.13,23.25198332,86.75077264
20180420,0.01,48.34,39.79,22.4,17.39,4.81,8.38,23.25198332,86.75077264
20180421,1.15,47.79,40.22,24.4,15.82,2.79,5.03,23.25198332,86.75077264
20180422,2.2,53.56,38.64,24.26,14.39,3.94,5.98,23.25198332,86.75077264
20180423,0.03,43.81,38.67,23.78,14.88,2.46,5.02,23.25198332,86.75077264
20180424,0.05,38.12,38.79,22.23,16.56,3.16,6.7,23.25198332,86.75077264
20180425,0.01,39.81,39.16,22.07,17.08,3.63,6.48,23.25198332,86.75077264
20180426,2.89,53.65,38.58,23.54,15.04,4.53,7.75,23.25198332,86.75077264
20180427,14.56,63.57,35.89,23.66,12.23,2.99,5.52,23.25198332,86.75077264
20180428,2.24,59.66,37.68,22.36,15.32,3.97,5.23,23.25198332,86.75077264
20180429,1.74,56.73,38.55,22.46,16.09,5.65,8.67,23.25198332,86.75077264
20180430,11.88,66.87,36.91,24.54,12.37,4.07,6.95,23.25198332,86.75077264
20180501,2.07,64.48,35.32,23.92,11.39,3.15,5.62,23.25198332,86.75077264
20180502,3.37,65.39,35.38,23.55,11.84,3.87,6.95,23.25198332,86.75077264
20180503,2.1,66.59,33.02,23.57,9.45,3.03,5.22,23.25198332,86.75077264
20180504,1.16,56.98,36.55,22.86,13.69,3.34,5.38,23.25198332,86.75077264
20180505,2.44,57.19,39.1,24.16,14.94,3.56,4.82,23.25198332,86.75077264
20180506,0.29,50.61,41.0,23.96,17.04,2.13,3.19,23.25198332,86.75077264
20180507,1.02,43.97,41.76,25.51,16.26,3.32,5.46,23.25198332,86.75077264
20180508,1.78,44.56,41.9,25.26,16.64,4.29,7.85,23.25198332,86.75077264
20180509,1.15,41.77,41.35,25.53,15.82,2.44,3.57,23.25198332,86.75077264
20180510,2.04,47.13,39.72,25.23,14.49,3.59,5.78,23.25198332,86.75077264
20180511,2.1,49.42,39.74,24.99,14.75,2.49,4.8,23.25198332,86.75077264
20180512,0.22,51.83,39.09,24.56,14.53,6.0,8.76,23.25198332,86.75077264
20180513,2.77,58.84,37.52,25.61,11.91,4.37,5.77,23.25198332,86.75077264
20180514,3.1,57.47,37.28,25.46,11.82,4.24,7.32,23.25198332,86.75077264
20180515,0.26,49.65,38.42,24.3,14.12,4.23,5.87,23.25198332,86.75077264
20180516,6.78,56.81,38.4,24.68,13.72,3.72,5.74,23.25198332,86.75077264
20180517,6.61,62.94,36.65,24.59,12.06,2.38,5.58,23.25198332,86.75077264
20180518,0.61,51.52,39.94,24.56,15.38,3.7,6.09,23.25198332,86.75077264
20180519,1.49,51.84,39.94,25.23,14.71,4.19,7.12,23.25198332,86.75077264
20180520,2.45,54.37,39.14,25.46,13.68,2.22,4.27,23.25198332,86.75077264
20180521,0.0,48.14,40.7,24.83,15.87,5.65,7.62,23.25198332,86.75077264
20180522,6.47,58.11,39.01,25.85,13.16,5.47,6.98,23.25198332,86.75077264
20180523,3.03,69.63,35.32,26.15,9.17,3.19,4.82,23.25198332,86.75077264
20180524,0.1,63.27,37.25,25.73,11.53,2.77,4.11,23.25198332,86.75077264
20180525,5.94,66.2,36.83,26.52,10.31,2.23,3.56,23.25198332,86.75077264
20180526,0.1,55.67,41.4,25.75,15.66,4.23,6.06,23.25198332,86.75077264
20180527,0.19,57.8,39.19,26.35,12.84,4.25,5.74,23.25198332,86.75077264
20180528,0.56,54.38,40.14,26.41,13.73,4.75,6.92,23.25198332,86.75077264
20180529,1.65,57.65,38.49,26.22,12.27,2.99,4.87,23.25198332,86.75077264
20180530,0.16,53.39,40.0,26.24,13.75,4.93,6.81,23.25198332,86.75077264
20180531,0.9,53.79,40.62,27.16,13.47,4.34,6.03,23.25198332,86.75077264
20180601,11.61,72.05,34.43,26.68,7.75,1.6,3.06,23.25198332,86.75077264
20180602,14.67,76.02,33.47,25.99,7.48,2.72,4.34,23.25198332,86.75077264
20180603,0.32,61.45,37.57,25.93,11.64,4.52,6.37,23.25198332,86.75077264
20180604,0.79,63.58,36.43,26.62,9.81,4.22,6.38,23.25198332,86.75077264
20180605,5.54,74.88,33.29,26.77,6.52,1.27,2.08,23.25198332,86.75077264
20180606,5.65,73.16,34.24,26.09,8.15,3.05,4.9,23.25198332,86.75077264
20180607,2.08,64.82,36.81,26.07,10.74,3.59,5.25,23.25198332,86.75077264
20180608,13.99,77.06,32.38,26.95,5.43,2.38,3.97,23.25198332,86.75077264
20180609,5.92,70.15,34.42,26.56,7.85,2.38,5.09,23.25198332,86.75077264
20180610,0.33,62.79,36.8,26.17,10.63,1.9,4.44,23.25198332,86.75077264
20180611,6.09,61.32,37.55,28.01,9.54,2.75,4.44,23.25198332,86.75077264
20180612,19.0,65.63,36.71,27.44,9.26,5.09,8.24,23.25198332,86.75077264
20180613,2.02,65.58,35.38,26.49,8.9,7.17,8.93,23.25198332,86.75077264
20180614,5.23,56.3,40.54,26.93,13.61,4.81,4.63,23.25198332,86.75077264
20180615,0.03,44.64,41.76,26.56,15.21,4.63,4.86,23.25198332,86.75077264
20180616,0.02,45.83,40.98,27.58,13.4,4.16,4.02,23.25198332,86.75077264
20180617,1.43,46.42,40.68,28.49,12.19,5.23,6.85,23.25198332,86.75077264
20180618,1.14,47.79,41.04,27.89,13.15,4.25,5.06,23.25198332,86.75077264
20180619,0.48,49.2,40.39,27.77,12.62,2.49,3.9,23.25198332,86.75077264
20180620,4.88,68.54,34.61,28.2,6.41,2.1,3.6,23.25198332,86.75077264
20180621,6.96,79.19,31.97,27.29,4.69,2.3,2.49,23.25198332,86.75077264
20180622,0.07,62.55,37.08,25.84,11.24,4.55,7.08,23.25198332,86.75077264
20180623,9.33,69.2,35.14,27.05,8.09,3.31,5.9,23.25198332,86.75077264
20180624,14.55,73.25,33.68,26.37,7.31,4.39,6.88,23.25198332,86.75077264
20180625,26.33,82.48,31.74,26.44,5.3,2.48,2.08,23.25198332,86.75077264
20180626,14.38,79.71,32.96,25.69,7.27,3.64,4.12,23.25198332,86.75077264
20180627,26.65,88.01,30.53,25.33,5.21,3.86,4.13,23.25198332,86.75077264
20180628,3.69,82.91,31.23,24.56,6.67,2.09,1.18,23.25198332,86.75077264
20180629,2.76,75.79,33.23,24.85,8.38,2.07,2.31,23.25198332,86.75077264
20180630,0.16,70.19,34.88,24.52,10.36,3.11,4.9,23.25198332,86.75077264
20180701,6.58,80.14,30.75,26.1,4.65,2.22,3.56,23.25198332,86.75077264
20180702,9.0,76.83,33.71,25.53,8.19,3.76,3.52,23.25198332,86.75077264
20180703,11.59,82.71,31.51,25.43,6.08,3.68,2.97,23.25198332,86.75077264
20180704,19.78,85.27,30.71,25.75,4.96,2.53,3.83,23.25198332,86.75077264
20180705,4.73,76.18,33.78,24.79,8.99,4.04,5.73,23.25198332,86.75077264
20180706,15.09,75.25,33.66,25.36,8.3,3.66,5.28,23.25198332,86.75077264
20180707,2.48,75.38,34.37,25.97,8.4,2.72,5.22,23.25198332,86.75077264
20180708,3.91,79.56,33.11,26.45,6.66,3.51,2.64,23.25198332,86.75077264
20180709,17.33,82.17,33.02,25.95,7.07,2.01,2.9,23.25198332,86.75077264
20180710,12.05,82.83,32.13,26.11,6.02,1.39,2.27,23.25198332,86.75077264
20180711,1.33,81.15,33.1,26.44,6.67,3.48,5.12,23.25198332,86.75077264
20180712,9.63,82.91,31.63,26.29,5.34,3.53,4.22,23.25198332,86.75077264
20180713,3.98,86.1,31.38,26.48,4.9,2.7,2.08,23.25198332,86.75077264
20180714,4.33,82.24,33.02,25.9,7.12,3.12,3.07,23.25198332,86.75077264
20180715,8.47,84.36,32.76,25.95,6.82,4.29,3.73,23.25198332,86.75077264
20180716,10.33,83.16,32.94,25.77,7.17,5.37,4.53,23.25198332,86.75077264
20180717,12.57,85.88,32.64,26.34,6.3,2.49,2.19,23.25198332,86.75077264
20180718,6.36,82.36,32.98,26.29,6.69,2.89,3.99,23.25198332,86.75077264
20180719,3.5,80.74,33.93,27.06,6.86,3.85,3.9,23.25198332,86.75077264
20180720,7.36,82.68,33.23,27.38,5.85,1.88,2.22,23.25198332,86.75077264
20180721,21.65,86.15,32.53,26.86,5.68,6.65,6.72,23.25198332,86.75077264
20180722,17.68,85.76,33.46,26.08,7.38,2.07,2.92,23.25198332,86.75077264
20180723,5.33,82.66,31.75,25.58,6.17,6.07,5.69,23.25198332,86.75077264
20180724,2.9,80.36,33.13,25.04,8.09,3.82,3.22,23.25198332,86.75077264
20180725,7.36,80.78,32.65,25.22,7.43,2.7,2.32,23.25198332,86.75077264
20180726,27.37,88.2,30.01,25.63,4.37,2.1,3.11,23.25198332,86.75077264
20180727,11.77,84.22,30.8,25.34,5.46,4.27,5.32,23.25198332,86.75077264
20180728,14.4,85.87,30.61,24.65,5.96,3.24,3.42,23.25198332,86.75077264
20180729,8.55,84.26,32.17,25.25,6.92,2.13,3.57,23.25198332,86.75077264
20180730,27.77,88.19,29.22,25.74,3.47,3.38,4.28,23.25198332,86.75077264
20180731,14.81,84.78,31.52,25.37,6.15,2.88,2.8,23.25198332,86.75077264
20180801,13.11,87.08,29.55,25.36,4.19,4.58,4.43,23.25198332,86.75077264
20180802,0.69,82.29,31.6,24.68,6.92,3.15,3.97,23.25198332,86.75077264
20180803,6.07,83.18,31.94,25.25,6.69,2.04,3.56,23.25198332,86.75077264
20180804,1.32,81.34,32.74,24.32,8.41,3.31,2.22,23.25198332,86.75077264
20180805,39.79,88.99,29.93,25.5,4.43,2.56,3.15,23.25198332,86.75077264
20180806,71.96,90.07,29.8,25.86,3.93,3.09,3.18,23.25198332,86.75077264
20180807,18.44,89.99,29.88,25.53,4.35,5.39,5.55,23.25198332,86.75077264
20180808,8.18,86.07,31.2,24.98,6.23,4.03,3.36,23.25198332,86.75077264
20180809,2.53,85.31,32.19,24.72,7.47,1.31,1.69,23.25198332,86.75077264
20180810,0.9,83.93,32.41,25.3,7.11,2.34,4.79,23.25198332,86.75077264
20180811,10.8,87.56,31.8,25.87,5.94,3.1,5.39,23.25198332,86.75077264
20180812,3.24,87.49,31.46,26.13,5.32,2.29,3.83,23.25198332,86.75077264
20180813,2.68,85.58,31.74,25.09,6.65,1.54,1.42,23.25198332,86.75077264
20180814,6.6,87.91,31.53,26.21,5.33,3.1,2.07,23.25198332,86.75077264
20180815,9.27,89.42,31.12,26.59,4.53,4.98,4.32,23.25198332,86.75077264
20180816,6.34,87.87,30.75,25.73,5.02,4.22,3.23,23.25198332,86.75077264
20180817,3.68,85.31,31.87,25.01,6.85,2.03,1.5,23.25198332,86.75077264
20180818,0.27,84.87,32.19,25.31,6.88,2.47,3.21,23.25198332,86.75077264
20180819,21.21,86.8,31.85,26.4,5.45,2.8,4.18,23.25198332,86.75077264
20180820,22.69,89.21,31.37,25.12,6.24,2.96,2.27,23.25198332,86.75077264
20180821,5.78,86.9,31.72,24.91,6.81,2.32,3.5,23.25198332,86.75077264
20180822,17.01,85.52,31.5,25.96,5.54,1.52,2.98,23.25198332,86.75077264
20180823,1.03,84.6,31.05,25.08,5.98,2.41,4.55,23.25198332,86.75077264
20180824,2.87,86.56,31.36,25.54,5.82,1.69,3.7,23.25198332,86.75077264
20180825,13.56,87.14,31.55,25.77,5.78,2.15,2.2,23.25198332,86.75077264
20180826,11.01,87.36,31.45,25.55,5.9,3.96,5.0,23.25198332,86.75077264
20180827,6.85,90.3,30.28,25.43,4.85,4.12,3.34,23.25198332,86.75077264
20180828,16.91,90.5,30.73,25.82,4.91,2.58,2.37,23.25198332,86.75077264
20180829,3.77,85.48,31.77,24.51,7.26,1.3,2.4,23.25198332,86.75077264
20180830,12.16,84.92,31.96,25.3,6.67,1.27,3.48,23.25198332,86.75077264
20180831,10.18,86.42,31.57,25.92,5.65,2.06,5.16,23.25198332,86.75077264
20180901,6.89,87.73,30.54,24.64,5.9,1.82,3.66,23.25198332,86.75077264
20180902,28.14,89.38,29.91,25.27,4.64,2.6,3.42,23.25198332,86.75077264
20180903,4.02,89.06,29.76,24.65,5.11,2.59,1.84,23.25198332,86.75077264
20180904,2.38,87.77,29.85,24.89,4.97,1.52,4.03,23.25198332,86.75077264
20180905,21.56,89.72,29.11,25.07,4.04,2.52,5.1,23.25198332,86.75077264
20180906,12.85,91.23,30.49,24.76,5.72,6.71,7.6,23.25198332,86.75077264
20180907,11.0,89.76,30.49,24.36,6.12,5.13,5.48,23.25198332,86.75077264
20180908,0.37,85.92,31.53,24.11,7.42,1.05,2.65,23.25198332,86.75077264
20180909,0.5,86.74,31.57,24.69,6.87,1.96,3.05,23.25198332,86.75077264
20180910,8.11,88.81,30.52,25.69,4.83,3.12,3.65,23.25198332,86.75077264
20180911,9.26,88.5,30.13,24.52,5.61,1.48,3.93,23.25198332,86.75077264
20180912,0.43,85.25,31.52,24.37,7.14,1.46,2.67,23.25198332,86.75077264
20180913,6.66,87.33,29.39,24.85,4.54,4.21,5.8,23.25198332,86.75077264
20180914,8.66,81.07,31.29,25.12,6.18,1.4,2.4,23.25198332,86.75077264
20180915,5.9,84.1,30.81,24.82,5.99,2.53,3.78,23.25198332,86.75077264
20180916,2.46,86.23,29.69,24.78,4.92,2.1,3.76,23.25198332,86.75077264
20180917,0.36,83.18,31.44,24.35,7.09,2.52,2.62,23.25198332,86.75077264
20180918,0.0,80.12,32.21,23.53,8.67,1.79,3.58,23.25198332,86.75077264
20180919,5.07,83.04,31.86,23.57,8.29,1.47,1.97,23.25198332,86.75077264
20180920,26.97,94.12,28.24,24.73,3.5,5.27,6.79,23.25198332,86.75077264
20180921,9.13,93.28,28.38,24.28,4.1,3.2,3.36,23.25198332,86.75077264
20180922,2.1,91.77,28.46,23.98,4.48,3.84,2.87,23.25198332,86.75077264
20180923,0.03,83.76,31.17,22.91,8.26,1.69,2.45,23.25198332,86.75077264
20180924,0.01,81.59,31.74,23.82,7.92,2.14,3.2,23.25198332,86.75077264
20180925,0.54,84.84,30.28,24.93,5.35,1.79,4.32,23.25198332,86.75077264
20180926,3.98,82.04,30.16,24.83,5.33,1.63,3.72,23.25198332,86.75077264
20180927,0.59,79.28,31.51,23.56,7.95,1.01,2.98,23.25198332,86.75077264
20180928,1.07,77.7,32.1,23.82,8.29,2.22,3.65,23.25198332,86.75077264
20180929,0.07,79.65,32.13,23.99,8.14,2.17,3.46,23.25198332,86.75077264
20180930,0.0,77.65,31.82,22.33,9.49,1.74,2.79,23.25198332,86.75077264
20181001,0.0,71.27,32.45,21.16,11.3,2.25,4.57,23.25198332,86.75077264
20181002,0.0,76.78,31.98,21.93,10.05,1.33,2.35,23.25198332,86.75077264
20181003,0.0,77.83,31.46,21.86,9.59,2.39,4.04,23.25198332,86.75077264
20181004,0.01,73.23,31.83,21.96,9.87,3.14,5.05,23.25198332,86.75077264
20181005,0.05,73.65,31.51,21.65,9.86,1.51,2.75,23.25198332,86.75077264
20181006,0.0,75.53,31.28,21.47,9.8,2.25,3.62,23.25198332,86.75077264
20181007,0.0,73.93,31.28,20.91,10.38,2.81,4.73,23.25198332,86.75077264
20181008,0.0,71.31,31.3,21.19,10.11,2.55,4.66,23.25198332,86.75077264
20181009,0.0,70.37,31.21,20.77,10.44,1.6,4.26,23.25198332,86.75077264
20181010,7.02,85.47,28.74,20.18,8.56,3.99,4.3,23.25198332,86.75077264
20181011,8.08,93.06,26.29,22.76,3.53,2.54,1.81,23.25198332,86.75077264
20181012,16.85,94.6,25.58,22.63,2.95,3.12,2.95,23.25198332,86.75077264
20181013,4.57,91.72,26.34,21.19,5.16,6.67,6.84,23.25198332,86.75077264
20181014,0.04,79.18,29.38,19.83,9.54,2.72,4.51,23.25198332,86.75077264
20181015,0.0,71.47,29.78,18.98,10.79,2.31,4.72,23.25198332,86.75077264
20181016,0.0,67.58,29.17,17.25,11.92,2.78,4.95,23.25198332,86.75077264
20181017,0.0,69.83,29.66,17.56,12.1,2.26,4.64,23.25198332,86.75077264
20181018,0.0,74.54,30.95,19.54,11.41,2.4,4.92,23.25198332,86.75077264
20181019,0.0,70.3,30.71,19.57,11.14,2.44,4.76,23.25198332,86.75077264
20181020,0.0,72.62,30.81,19.6,11.22,1.51,3.05,23.25198332,86.75077264
20181021,0.0,67.69,30.19,18.26,11.92,2.77,5.96,23.25198332,86.75077264
20181022,0.0,69.17,30.39,18.71,11.68,2.73,5.66,23.25198332,86.75077264
20181023,0.13,69.84,30.16,19.37,10.79,2.64,4.88,23.25198332,86.75077264
20181024,1.03,68.51,28.86,18.94,9.91,2.25,3.48,23.25198332,86.75077264
20181025,0.0,60.9,29.36,15.33,14.03,1.89,4.54,23.25198332,86.75077264
20181026,0.0,60.74,28.49,16.12,12.37,2.72,4.04,23.25198332,86.75077264
20181027,0.0,65.08,28.49,16.98,11.51,2.02,3.42,23.25198332,86.75077264
20181028,0.0,73.85,28.81,17.72,11.09,1.29,3.3,23.25198332,86.75077264
20181029,0.44,84.39,26.46,19.83,6.63,2.2,3.01,23.25198332,86.75077264
20181030,0.2,87.19,27.33,19.0,8.33,3.28,3.41,23.25198332,86.75077264
20181031,0.04,86.76,27.79,19.3,8.49,2.42,2.5,23.25198332,86.75077264
20181101,0.0,83.09,28.54,19.88,8.65,2.0,2.21,23.25198332,86.75077264
20181102,0.01,78.16,28.92,19.49,9.43,1.84,3.46,23.25198332,86.75077264
20181103,0.0,74.14,29.83,19.1,10.73,1.9,3.76,23.25198332,86.75077264
20181104,0.0,76.77,29.82,19.34,10.47,1.5,4.25,23.25198332,86.75077264
20181105,0.01,76.68,30.44,20.39,10.06,2.78,4.96,23.25198332,86.75077264
20181106,0.54,75.64,29.51,19.65,9.86,2.13,5.37,23.25198332,86.75077264
20181107,2.42,81.46,27.39,19.49,7.89,1.75,2.04,23.25198332,86.75077264
20181108,0.0,67.44,26.96,15.85,11.1,1.48,3.82,23.25198332,86.75077264
20181109,0.0,62.52,27.05,15.62,11.43,1.77,2.75,23.25198332,86.75077264
20181110,0.0,67.95,26.8,14.15,12.65,1.94,3.66,23.25198332,86.75077264
20181111,0.0,69.16,27.35,14.75,12.59,3.58,5.57,23.25198332,86.75077264
20181112,0.0,67.71,27.05,14.85,12.2,3.16,5.96,23.25198332,86.75077264
20181113,0.0,67.53,27.57,15.36,12.21,2.53,3.95,23.25198332,86.75077264
20181114,0.0,66.37,28.07,15.71,12.36,2.43,4.62,23.25198332,86.75077264
20181115,0.0,64.68,29.59,15.41,14.18,3.04,5.04,23.25198332,86.75077264
20181116,0.0,62.43,29.29,15.65,13.65,2.7,4.64,23.25198332,86.75077264
20181117,0.0,69.13,27.71,16.11,11.6,3.77,6.97,23.25198332,86.75077264
20181118,0.0,65.07,26.69,14.43,12.26,2.09,3.49,23.25198332,86.75077264
20181119,0.0,69.8,27.08,15.34,11.74,1.78,2.45,23.25198332,86.75077264
20181120,0.0,64.87,27.8,14.69,13.11,2.56,4.16,23.25198332,86.75077264
20181121,0.0,63.66,27.11,14.65,12.46,1.62,3.23,23.25198332,86.75077264
20181122,0.0,64.46,26.74,14.23,12.51,1.74,3.5,23.25198332,86.75077264
20181123,0.0,63.37,25.95,13.64,12.3,1.4,3.33,23.25198332,86.75077264
20181124,0.0,68.1,25.92,12.66,13.26,2.18,4.01,23.25198332,86.75077264
20181125,0.0,63.33,25.77,12.3,13.47,2.7,5.67,23.25198332,86.75077264
20181126,0.0,63.89,25.94,12.5,13.44,3.06,5.04,23.25198332,86.75077264
20181127,0.0,73.36,25.72,13.97,11.76,1.99,2.67,23.25198332,86.75077264
20181128,0.0,75.53,25.6,14.36,11.24,2.44,2.77,23.25198332,86.75077264
20181129,0.0,73.36,25.7,14.48,11.22,1.95,3.06,23.25198332,86.75077264
20181130,0.0,73.74,25.32,14.24,11.08,2.38,3.62,23.25198332,86.75077264
20181201,0.0,70.51,25.74,14.2,11.54,1.43,2.03,23.25198332,86.75077264
20181202,0.0,67.68,25.56,13.77,11.78,2.62,4.59,23.25198332,86.75077264
20181203,0.0,64.2,25.2,13.21,12.0,2.25,3.47,23.25198332,86.75077264
20181204,0.0,67.3,25.27,13.08,12.19,1.73,3.13,23.25198332,86.75077264
20181205,0.0,68.54,24.31,13.22,11.09,1.33,3.51,23.25198332,86.75077264
20181206,0.0,62.56,25.14,12.34,12.8,2.89,5.06,23.25198332,86.75077264
20181207,0.0,62.51,24.87,11.82,13.05,1.93,3.48,23.25198332,86.75077264
20181208,0.0,62.75,23.93,10.26,13.66,1.73,3.82,23.25198332,86.75077264
20181209,0.0,58.3,23.77,9.57,14.2,1.79,3.69,23.25198332,86.75077264
20181210,0.0,56.48,25.0,10.42,14.58,2.01,3.11,23.25198332,86.75077264
20181211,0.0,67.4,24.03,12.17,11.86,2.61,3.71,23.25198332,86.75077264
20181212,0.0,64.74,25.39,12.74,12.65,1.95,3.37,23.25198332,86.75077264
20181213,0.0,68.76,25.36,13.16,12.2,2.01,2.91,23.25198332,86.75077264
20181214,0.0,69.43,24.98,14.5,10.48,2.04,3.86,23.25198332,86.75077264
20181215,0.0,59.66,24.07,11.51,12.56,2.71,4.7,23.25198332,86.75077264
20181216,0.14,62.92,23.61,11.29,12.32,3.65,6.79,23.25198332,86.75077264
20181217,20.61,84.79,17.46,13.05,4.4,1.92,2.62,23.25198332,86.75077264
20181218,18.35,93.07,18.48,12.8,5.67,5.0,4.45,23.25198332,86.75077264
20181219,0.02,78.09,22.29,10.37,11.92,3.23,6.04,23.25198332,86.75077264
20181220,0.0,75.88,22.21,10.0,12.2,1.72,3.09,23.25198332,86.75077264
20181221,0.0,63.13,22.08,8.63,13.44,2.59,4.37,23.25198332,86.75077264
20181222,0.0,60.79,21.83,7.67,14.16,1.89,3.72,23.25198332,86.75077264
20181223,0.0,57.93,22.1,6.66,15.45,2.05,4.0,23.25198332,86.75077264
20181224,0.0,55.85,22.79,6.66,16.13,2.32,4.23,23.25198332,86.75077264
20181225,0.0,56.29,23.11,7.16,15.95,3.15,5.59,23.25198332,86.75077264
20181226,0.0,58.51,22.19,7.04,15.14,1.88,3.77,23.25198332,86.75077264
20181227,0.0,59.97,21.65,7.61,14.04,1.84,2.87,23.25198332,86.75077264
20181228,0.0,55.76,21.76,6.6,15.16,2.17,3.76,23.25198332,86.75077264
20181229,0.0,56.51,20.9,4.96,15.94,2.07,4.24,23.25198332,86.75077264
20181230,0.0,60.37,20.84,5.3,15.53,2.49,4.44,23.25198332,86.75077264
20181231,0.0,59.29,21.89,5.61,16.28,2.95,6.39,23.25198332,86.75077264
20190101,0.0,55.69,22.34,6.71,15.63,3.03,5.39,23.25198332,86.75077264
20190102,0.0,53.53,22.76,7.46,15.3,2.71,5.19,23.25198332,86.75077264
20190103,0.0,53.8,23.48,7.62,15.87,1.73,3.24,23.25198332,86.75077264
20190104,0.0,56.22,23.24,7.27,15.97,2.04,3.99,23.25198332,86.75077264
20190105,0.0,56.19,22.66,7.78,14.88,2.44,4.31,23.25198332,86.75077264
20190106,0.0,54.79,24.23,8.99,15.24,2.37,3.79,23.25198332,86.75077264
20190107,0.0,57.68,25.45,9.27,16.17,2.5,3.89,23.25198332,86.75077264
20190108,0.0,66.02,23.74,10.43,13.31,3.23,5.06,23.25198332,86.75077264
20190109,0.0,61.55,23.84,10.22,13.62,3.3,5.06,23.25198332,86.75077264
20190110,0.0,53.84,23.24,8.75,14.5,2.59,4.22,23.25198332,86.75077264
20190111,0.0,52.13,22.67,8.32,14.35,2.35,3.41,23.25198332,86.75077264
20190112,0.0,53.52,23.61,9.26,14.35,2.25,3.41,23.25198332,86.75077264
20190113,0.0,55.88,24.96,9.72,15.25,2.2,3.49,23.25198332,86.75077264
20190114,0.0,60.73,24.84,11.35,13.49,3.12,4.96,23.25198332,86.75077264
20190115,0.0,53.83,23.44,9.7,13.74,3.55,5.98,23.25198332,86.75077264
20190116,0.0,43.87,22.61,6.5,16.11,3.0,5.15,23.25198332,86.75077264
20190117,0.0,45.05,23.87,7.97,15.89,2.97,4.59,23.25198332,86.75077264
20190118,0.0,45.33,24.67,8.24,16.44,2.2,3.13,23.25198332,86.75077264
20190119,0.0,47.84,24.4,7.72,16.68,2.75,4.21,23.25198332,86.75077264
20190120,0.0,48.06,24.51,9.12,15.39,2.57,3.88,23.25198332,86.75077264
20190121,0.0,51.27,25.8,10.3,15.5,2.21,3.21,23.25198332,86.75077264
20190122,0.0,57.75,27.3,10.99,16.31,1.81,4.11,23.25198332,86.75077264
20190123,0.0,61.43,27.53,11.51,16.02,2.09,4.94,23.25198332,86.75077264
20190124,0.07,60.14,28.06,13.74,14.32,2.47,4.42,23.25198332,86.75077264
20190125,0.0,59.38,26.74,13.57,13.17,1.55,2.05,23.25198332,86.75077264
20190126,0.03,67.19,25.0,12.57,12.43,4.34,6.96,23.25198332,86.75077264
20190127,0.01,69.69,25.32,13.56,11.77,2.95,4.79,23.25198332,86.75077264
20190128,0.0,62.32,24.9,13.64,11.26,2.74,3.27,23.25198332,86.75077264
20190129,0.0,46.63,24.4,10.11,14.29,2.72,3.33,23.25198332,86.75077264
20190130,0.0,38.8,23.92,6.03,17.89,2.69,4.97,23.25198332,86.75077264
20190131,0.0,37.69,24.69,7.83,16.86,3.01,4.92,23.25198332,86.75077264
20190201,0.0,39.67,26.46,9.41,17.05,2.4,3.64,23.25198332,86.75077264
20190202,0.0,41.46,27.53,10.54,16.99,2.68,3.77,23.25198332,86.75077264
20190203,0.0,42.61,27.74,11.57,16.17,2.91,4.21,23.25198332,86.75077264
20190204,0.0,48.17,27.78,10.84,16.94,2.08,3.97,23.25198332,86.75077264
20190205,0.0,46.1,28.56,11.02,17.55,2.74,3.23,23.25198332,86.75077264
20190206,0.0,51.01,28.58,13.09,15.49,2.62,4.59,23.25198332,86.75077264
20190207,0.0,59.47,29.47,14.5,14.97,1.66,4.77,23.25198332,86.75077264
20190208,0.18,60.6,29.02,15.85,13.17,1.89,5.1,23.25198332,86.75077264
20190209,3.27,68.05,27.42,13.21,14.21,5.33,9.14,23.25198332,86.75077264
20190210,0.0,42.18,25.46,7.89,17.57,2.94,4.92,23.25198332,86.75077264
20190211,0.0,42.06,25.77,8.64,17.13,1.63,2.59,23.25198332,86.75077264
20190212,0.0,43.77,26.88,9.95,16.93,2.51,4.41,23.25198332,86.75077264
20190213,0.0,40.84,28.4,11.42,16.99,2.53,4.49,23.25198332,86.75077264
20190214,0.0,41.81,30.7,12.91,17.8,2.44,3.58,23.25198332,86.75077264
20190215,0.0,46.78,31.08,15.11,15.97,2.36,4.62,23.25198332,86.75077264
20190216,4.12,61.53,27.71,15.37,12.34,3.88,5.6,23.25198332,86.75077264
20190217,0.0,48.22,28.14,13.9,14.24,2.64,3.45,23.25198332,86.75077264
20190218,0.0,41.08,28.29,10.57,17.72,3.17,5.91,23.25198332,86.75077264
20190219,0.0,44.28,31.85,14.76,17.09,2.04,4.31,23.25198332,86.75077264
20190220,0.0,43.99,32.38,14.49,17.89,2.81,4.93,23.25198332,86.75077264
20190221,0.0,41.93,33.23,15.8,17.43,2.94,3.32,23.25198332,86.75077264
20190222,0.04,43.6,34.47,17.5,16.97,2.49,5.47,23.25198332,86.75077264
20190223,0.11,46.67,33.88,19.01,14.87,2.82,3.8,23.25198332,86.75077264
20190224,2.73,44.24,33.19,15.77,17.42,1.73,3.91,23.25198332,86.75077264
20190225,11.23,59.31,29.97,18.24,11.73,4.4,6.98,23.25198332,86.75077264
20190226,16.08,76.79,28.35,18.67,9.68,2.27,3.98,23.25198332,86.75077264
20190227,10.13,74.88,30.47,18.3,12.17,5.86,6.95,23.25198332,86.75077264
20190228,4.98,66.56,25.53,15.7,9.83,5.8,5.88,23.25198332,86.75077264
20190301,0.0,49.11,26.53,10.87,15.66,3.16,6.04,23.25198332,86.75077264
20190302,0.0,43.72,27.88,12.15,15.73,2.32,3.96,23.25198332,86.75077264
20190303,0.1,51.79,28.96,13.81,15.15,1.77,3.01,23.25198332,86.75077264
20190304,6.97,71.46,29.1,17.07,12.04,3.12,5.25,23.25198332,86.75077264
20190305,4.33,68.83,28.27,19.5,8.77,2.92,4.17,23.25198332,86.75077264
20190306,0.01,55.45,29.89,18.25,11.64,3.35,4.37,23.25198332,86.75077264
20190307,0.0,47.48,29.27,14.81,14.46,4.01,6.53,23.25198332,86.75077264
20190308,0.0,41.46,29.98,13.53,16.45,2.21,3.42,23.25198332,86.75077264
20190309,0.0,39.37,31.76,14.36,17.4,1.73,4.75,23.25198332,86.75077264
20190310,0.01,53.16,32.93,15.81,17.11,2.7,5.82,23.25198332,86.75077264
20190311,0.6,52.19,33.4,18.6,14.8,2.54,2.84,23.25198332,86.75077264
20190312,0.0,44.25,35.58,19.58,16.0,2.88,4.81,23.25198332,86.75077264
20190313,0.0,46.37,36.05,19.48,16.57,3.46,4.1,23.25198332,86.75077264
20190314,1.45,47.29,35.34,20.17,15.17,3.12,7.28,23.25198332,86.75077264
20190315,5.66,59.04,33.2,21.33,11.87,1.5,4.07,23.25198332,86.75077264
20190316,0.59,56.24,34.55,20.98,13.58,3.56,3.64,23.25198332,86.75077264
20190317,0.02,44.61,34.92,18.9,16.01,2.96,5.26,23.25198332,86.75077264
20190318,3.51,58.14,31.94,19.58,12.36,5.43,6.72,23.25198332,86.75077264
20190319,0.0,47.33,32.73,19.58,13.15,2.46,3.4,23.25198332,86.75077264
20190320,0.0,32.86,34.43,16.39,18.04,2.33,2.99,23.25198332,86.75077264
20190321,0.13,39.6,36.16,17.89,18.26,2.96,5.76,23.25198332,86.75077264
20190322,1.99,50.4,36.77,21.66,15.11,2.71,3.35,23.25198332,86.75077264
20190323,0.03,33.7,35.9,18.79,17.11,2.62,4.99,23.25198332,86.75077264
20190324,0.0,26.27,35.99,16.42,19.57,3.06,5.56,23.25198332,86.75077264
20190325,0.0,31.68,37.19,18.37,18.82,3.44,5.44,23.25198332,86.75077264
20190326,1.1,36.46,36.47,21.15,15.32,2.51,5.03,23.25198332,86.75077264
20190327,4.48,48.95,34.07,19.67,14.4,3.16,3.58,23.25198332,86.75077264
20190328,0.0,36.92,35.59,18.84,16.75,2.86,5.61,23.25198332,86.75077264
20190329,0.0,43.78,36.73,18.96,17.76,2.44,5.03,23.25198332,86.75077264
20190330,0.0,43.04,37.52,21.64,15.88,3.52,4.19,23.25198332,86.75077264
20190331,1.04,39.98,39.2,21.0,18.19,3.21,6.12,23.25198332,86.75077264
20190401,1.72,43.7,38.33,22.45,15.88,5.41,8.25,23.25198332,86.75077264
20190402,0.25,36.25,38.93,21.41,17.52,4.77,5.49,23.25198332,86.75077264
20190403,0.0,27.05,38.73,19.79,18.94,2.64,4.44,23.25198332,86.75077264
20190404,0.0,44.0,39.57,21.19,18.38,3.59,5.98,23.25198332,86.75077264
20190405,0.29,48.53,39.23,21.26,17.97,3.33,6.9,23.25198332,86.75077264
20190406,14.02,51.93,38.97,23.21,15.76,5.11,8.6,23.25198332,86.75077264
20190407,2.81,58.05,36.3,22.96,13.34,3.84,6.6,23.25198332,86.75077264
20190408,2.03,53.18,38.21,22.84,15.37,2.77,4.0,23.25198332,86.75077264
20190409,2.78,49.6,37.59,21.83,15.76,4.55,7.25,23.25198332,86.75077264
20190410,4.56,55.7,37.77,22.19,15.58,4.5,6.85,23.25198332,86.75077264
20190411,0.09,56.42,37.86,23.0,14.86,5.02,7.52,23.25198332,86.75077264
20190412,0.09,51.79,39.41,23.59,15.82,3.91,5.91,23.25198332,86.75077264
20190413,0.71,47.34,40.25,23.87,16.38,3.68,5.43,23.25198332,86.75077264
20190414,0.32,42.95,41.53,23.6,17.93,3.82,5.95,23.25198332,86.75077264
20190415,0.0,36.43,42.79,23.93,18.85,2.67,4.44,23.25198332,86.75077264
20190416,1.77,37.56,40.34,25.01,15.33,2.63,4.2,23.25198332,86.75077264
20190417,1.54,40.83,38.89,24.62,14.27,2.5,2.61,23.25198332,86.75077264
20190418,2.16,42.38,37.89,22.35,15.53,3.51,6.39,23.25198332,86.75077264
20190419,1.9,44.12,37.85,24.17,13.69,5.01,5.31,23.25198332,86.75077264
20190420,1.45,43.68,37.69,23.95,13.75,3.45,3.64,23.25198332,86.75077264
20190421,2.98,46.19,38.11,24.72,13.39,3.3,4.96,23.25198332,86.75077264
20190422,5.46,51.12,37.51,23.2,14.31,3.7,6.69,23.25198332,86.75077264
20190423,0.38,48.32,38.4,22.66,15.75,4.19,6.54,23.25198332,86.75077264
20190424,0.03,46.51,39.33,24.28,15.05,3.55,5.75,23.25198332,86.75077264
20190425,0.15,47.34,40.25,24.11,16.14,4.47,7.37,23.25198332,86.75077264
20190426,1.79,44.99,41.62,24.79,16.84,3.8,4.86,23.25198332,86.75077264
20190427,1.97,44.31,42.23,24.98,17.25,3.15,4.45,23.25198332,86.75077264
20190428,0.0,30.05,43.71,24.14,19.57,2.9,4.42,23.25198332,86.75077264
20190429,0.0,28.23,44.02,23.81,20.21,3.27,5.15,23.25198332,86.75077264
20190430,4.6,41.44,44.05,25.56,18.49,6.59,9.29,23.25198332,86.75077264
20190501,1.44,50.11,40.64,24.94,15.7,4.86,5.57,23.25198332,86.75077264
20190502,0.19,55.32,38.59,25.36,13.23,4.2,3.69,23.25198332,86.75077264
20190503,49.04,80.15,30.2,24.19,6.01,5.49,6.26,23.25198332,86.75077264
20190504,20.56,67.17,34.49,23.14,11.35,11.72,14.73,23.25198332,86.75077264
20190505,0.49,55.36,38.14,23.56,14.59,2.57,4.35,23.25198332,86.75077264
20190506,0.17,41.98,39.76,23.4,16.36,2.13,3.23,23.25198332,86.75077264
20190507,0.0,33.44,41.56,20.83,20.74,3.0,5.51,23.25198332,86.75077264
20190508,18.72,43.87,41.08,21.65,19.43,1.36,4.13,23.25198332,86.75077264
20190509,0.0,34.1,42.65,22.61,20.04,4.07,6.25,23.25198332,86.75077264
20190510,0.0,35.63,42.84,23.08,19.76,3.78,6.99,23.25198332,86.75077264
20190511,0.0,41.68,42.2,23.84,18.36,4.08,7.75,23.25198332,86.75077264
20190512,0.2,44.22,40.35,26.95,13.4,5.51,7.91,23.25198332,86.75077264
20190513,0.89,43.1,41.2,26.85,14.36,4.18,6.53,23.25198332,86.75077264
20190514,8.04,47.91,39.72,25.42,14.3,4.96,7.07,23.25198332,86.75077264
20190515,6.35,50.72,40.08,25.52,14.55,3.08,4.57,23.25198332,86.75077264
20190516,2.95,51.04,39.77,24.97,14.8,3.2,5.83,23.25198332,86.75077264
20190517,0.01,40.73,41.67,25.49,16.18,2.51,4.11,23.25198332,86.75077264
20190518,0.86,39.55,41.97,26.35,15.62,2.98,5.75,23.25198332,86.75077264
20190519,0.74,42.28,40.66,27.12,13.54,4.79,7.66,23.25198332,86.75077264
20190520,0.22,47.58,40.55,27.4,13.14,4.28,6.94,23.25198332,86.75077264
20190521,0.15,43.03,42.24,27.82,14.42,3.25,5.35,23.25198332,86.75077264
20190522,0.31,39.09,42.71,25.89,16.82,4.47,6.88,23.25198332,86.75077264
20190523,1.67,51.52,41.18,26.55,14.63,4.19,5.36,23.25198332,86.75077264
20190524,1.01,49.98,43.1,27.31,15.79,5.79,8.29,23.25198332,86.75077264
20190525,8.97,56.78,41.04,26.85,14.19,3.71,5.29,23.25198332,86.75077264
20190526,0.62,42.26,41.36,27.26,14.1,3.22,4.55,23.25198332,86.75077264
20190527,0.0,38.99,42.94,25.98,16.96,3.56,4.9,23.25198332,86.75077264
20190528,0.01,42.12,42.74,26.27,16.47,5.16,7.58,23.25198332,86.75077264
20190529,0.07,42.1,42.84,26.82,16.02,5.83,8.65,23.25198332,86.75077264
20190530,0.18,36.21,43.98,26.11,17.87,5.68,8.77,23.25198332,86.75077264
20190531,5.41,49.71,42.01,26.93,15.08,3.3,5.65,23.25198332,86.75077264
20190601,1.09,51.7,41.74,26.8,14.94,4.53,6.57,23.25198332,86.75077264
20190602,2.49,54.08,42.13,27.58,14.55,5.3,7.3,23.25198332,86.75077264
20190603,1.6,55.25,39.26,27.02,12.24,4.91,6.0,23.25198332,86.75077264
20190604,1.75,53.44,40.27,27.43,12.84,5.13,7.17,23.25198332,86.75077264
20190605,2.27,63.61,37.43,27.58,9.85,4.97,6.97,23.25198332,86.75077264
20190606,0.85,68.16,34.86,27.59,7.27,2.88,4.88,23.25198332,86.75077264
20190607,0.08,67.36,34.0,27.68,6.33,3.24,3.05,23.25198332,86.75077264
20190608,0.0,59.55,37.51,26.53,10.97,4.4,6.31,23.25198332,86.75077264
20190609,0.02,50.46,41.34,27.32,14.02,6.26,8.38,23.25198332,86.75077264
20190610,0.19,48.82,42.69,27.65,15.04,7.54,10.1,23.25198332,86.75077264
20190611,1.08,52.67,42.69,28.01,14.68,6.04,7.34,23.25198332,86.75077264
20190612,6.61,62.76,38.84,28.33,10.51,2.08,3.98,23.25198332,86.75077264
20190613,4.58,59.74,39.55,28.5,11.05,4.82,6.44,23.25198332,86.75077264
20190614,0.37,46.8,41.57,28.29,13.28,5.03,5.82,23.25198332,86.75077264
20190615,8.14,47.43,43.02,28.09,14.94,7.11,9.47,23.25198332,86.75077264
20190616,0.24,42.28,44.87,28.34,16.53,7.11,8.22,23.25198332,86.75077264
20190617,0.03,38.12,42.99,32.32,10.67,8.15,9.57,23.25198332,86.75077264
20190618,1.0,45.3,41.12,30.56,10.56,6.34,7.2,23.25198332,86.75077264
20190619,0.75,51.32,40.42,29.1,11.32,3.52,5.41,23.25198332,86.75077264
20190620,3.73,61.22,36.79,29.09,7.7,4.9,6.17,23.25198332,86.75077264
20190621,22.55,79.02,32.04,27.53,4.5,2.39,3.05,23.25198332,86.75077264
20190622,7.87,75.88,33.29,26.47,6.82,4.9,5.18,23.25198332,86.75077264
20190623,5.63,69.06,36.16,25.94,10.22,3.66,3.19,23.25198332,86.75077264
20190624,0.53,62.79,37.99,26.29,11.69,2.83,4.11,23.25198332,86.75077264
20190625,0.01,54.48,39.87,27.49,12.38,2.85,5.11,23.25198332,86.75077264
20190626,0.41,59.02,37.4,28.14,9.26,3.11,2.2,23.25198332,86.75077264
20190627,8.39,73.45,33.19,27.44,5.74,3.56,3.34,23.25198332,86.75077264
20190628,1.98,62.69,37.44,27.88,9.56,2.71,5.49,23.25198332,86.75077264
20190629,10.89,77.47,32.47,27.09,5.38,2.93,3.89,23.25198332,86.75077264
20190630,1.68,67.62,35.32,26.89,8.43,1.84,4.17,23.25198332,86.75077264
20190701,7.56,71.85,34.32,26.29,8.03,4.64,4.95,23.25198332,86.75077264
20190702,28.31,80.06,33.4,26.6,6.8,4.81,4.45,23.25198332,86.75077264
20190703,10.3,78.37,33.59,26.17,7.43,2.48,3.07,23.25198332,86.75077264
20190704,0.48,71.39,35.73,26.48,9.26,1.67,3.04,23.25198332,86.75077264
20190705,12.4,78.01,33.21,27.08,6.13,3.13,4.37,23.25198332,86.75077264
20190706,13.45,78.32,34.62,26.46,8.17,3.11,5.16,23.25198332,86.75077264
20190707,5.44,75.8,34.85,25.72,9.13,3.01,2.85,23.25198332,86.75077264
20190708,2.27,76.05,34.71,26.66,8.06,4.52,4.11,23.25198332,86.75077264
20190709,4.59,76.35,33.88,25.99,7.9,4.11,3.85,23.25198332,86.75077264
20190710,1.62,73.79,34.16,25.98,8.18,2.43,2.96,23.25198332,86.75077264
20190711,9.56,78.56,33.18,27.02,6.16,3.42,2.89,23.25198332,86.75077264
20190712,6.52,80.03,33.11,26.12,6.99,3.03,3.66,23.25198332,86.75077264
20190713,3.31,77.21,34.18,25.97,8.21,3.54,3.26,23.25198332,86.75077264
20190714,0.51,73.61,35.07,26.41,8.66,1.84,2.43,23.25198332,86.75077264
20190715,0.2,66.84,36.41,26.86,9.55,3.42,5.07,23.25198332,86.75077264
20190716,3.81,69.3,34.91,26.85,8.06,4.45,6.94,23.25198332,86.75077264
20190717,3.07,71.06,33.66,26.71,6.95,1.02,2.29,23.25198332,86.75077264
20190718,5.79,71.42,34.45,26.88,7.57,3.4,6.07,23.25198332,86.75077264
20190719,2.23,69.97,36.05,25.64,10.41,3.56,4.6,23.25198332,86.75077264
20190720,3.39,72.2,35.36,25.76,9.6,3.58,4.49,23.25198332,86.75077264
20190721,0.14,66.8,36.46,25.99,10.48,2.19,3.39,23.25198332,86.75077264
20190722,0.06,68.14,34.8,26.21,8.59,2.59,3.52,23.25198332,86.75077264
20190723,7.03,72.61,34.5,26.38,8.12,2.93,3.47,23.25198332,86.75077264
20190724,22.17,78.61,32.67,26.12,6.55,3.55,5.31,23.25198332,86.75077264
20190725,14.81,81.99,31.85,26.21,5.64,1.42,3.74,23.25198332,86.75077264
20190726,6.76,84.69,31.19,25.7,5.49,2.21,4.19,23.25198332,86.75077264
20190727,9.29,81.49,32.46,25.38,7.08,1.49,2.19,23.25198332,86.75077264
20190728,17.91,81.83,33.3,25.49,7.82,6.48,7.82,23.25198332,86.75077264
20190729,13.02,83.37,32.5,25.8,6.71,3.9,3.71,23.25198332,86.75077264
20190730,3.77,79.45,32.51,25.21,7.3,3.54,2.59,23.25198332,86.75077264
20190731,3.26,82.38,31.0,24.9,6.1,3.68,2.63,23.25198332,86.75077264
20190801,3.98,81.6,31.85,25.01,6.84,1.89,2.9,23.25198332,86.75077264
20190802,5.25,82.88,32.75,25.34,7.41,2.52,2.62,23.25198332,86.75077264
20190803,8.49,81.95,33.48,25.93,7.54,2.06,2.81,23.25198332,86.75077264
20190804,9.56,79.1,34.11,26.42,7.69,2.68,3.86,23.25198332,86.75077264
20190805,9.04,85.42,32.08,26.98,5.1,2.73,4.74,23.25198332,86.75077264
20190806,11.41,85.9,32.71,26.31,6.4,3.41,5.51,23.25198332,86.75077264
20190807,28.07,87.4,31.91,25.8,6.12,7.13,7.72,23.25198332,86.75077264
20190808,10.18,85.45,30.84,25.64,5.2,5.43,5.18,23.25198332,86.75077264
20190809,2.27,80.22,33.11,25.39,7.73,1.48,2.22,23.25198332,86.75077264
20190810,1.63,75.68,34.03,24.98,9.05,3.98,4.6,23.25198332,86.75077264
20190811,15.89,86.75,30.47,25.79,4.68,2.71,3.6,23.25198332,86.75077264
20190812,18.78,88.11,31.94,26.82,5.12,2.4,3.25,23.25198332,86.75077264
20190813,13.84,86.88,32.01,25.94,6.07,4.54,4.86,23.25198332,86.75077264
20190814,18.53,87.79,31.52,25.75,5.77,3.92,3.91,23.25198332,86.75077264
20190815,9.26,85.67,30.89,25.49,5.4,3.29,1.99,23.25198332,86.75077264
20190816,10.16,84.21,31.93,24.94,6.99,2.21,2.77,23.25198332,86.75077264
20190817,10.46,85.03,31.67,25.22,6.45,3.59,5.49,23.25198332,86.75077264
20190818,22.2,90.51,29.63,25.53,4.1,4.27,4.23,23.25198332,86.75077264
20190819,1.4,88.02,30.35,25.33,5.03,4.63,5.44,23.25198332,86.75077264
20190820,0.09,83.32,32.64,24.78,7.86,3.05,2.03,23.25198332,86.75077264
20190821,0.07,85.7,31.96,25.87,6.09,2.43,3.69,23.25198332,86.75077264
20190822,8.0,82.12,32.39,25.3,7.09,2.3,3.85,23.25198332,86.75077264
20190823,13.27,84.65,31.88,25.68,6.21,2.43,4.19,23.25198332,86.75077264
20190824,15.18,86.06,31.46,24.98,6.48,2.52,2.49,23.25198332,86.75077264
20190825,13.56,88.3,29.5,25.07,4.43,4.24,4.1,23.25198332,86.75077264
20190826,8.74,88.22,30.68,25.26,5.43,4.28,4.44,23.25198332,86.75077264
20190827,4.24,85.68,32.27,24.65,7.62,2.81,1.72,23.25198332,86.75077264
20190828,4.43,86.24,32.02,25.21,6.81,2.41,3.45,23.25198332,86.75077264
20190829,5.29,86.99,31.35,25.99,5.35,3.13,1.89,23.25198332,86.75077264
20190830,0.63,85.06,32.43,24.8,7.63,2.66,3.22,23.25198332,86.75077264
20190831,0.12,83.56,32.07,25.76,6.31,1.82,2.91,23.25198332,86.75077264
20190901,18.72,82.62,32.09,25.32,6.77,1.76,4.06,23.25198332,86.75077264
20190902,15.48,86.99,32.42,26.07,6.35,2.68,3.8,23.25198332,86.75077264
20190903,6.94,87.12,31.57,25.02,6.54,4.32,4.88,23.25198332,86.75077264
20190904,5.4,89.94,30.62,25.36,5.26,3.22,2.54,23.25198332,86.75077264
20190905,6.05,88.31,31.56,25.28,6.28,4.99,5.47,23.25198332,86.75077264
20190906,5.3,87.5,31.48,25.6,5.88,3.14,1.8,23.25198332,86.75077264
20190907,11.04,89.5,31.46,25.93,5.53,3.46,3.22,23.25198332,86.75077264
20190908,5.33,88.51,31.52,25.79,5.73,3.44,2.89,23.25198332,86.75077264
20190909,1.04,83.88,32.23,25.56,6.67,3.5,3.39,23.25198332,86.75077264
20190910,1.28,86.28,32.02,24.86,7.16,2.68,3.12,23.25198332,86.75077264
20190911,7.63,89.32,30.68,25.82,4.86,2.14,3.6,23.25198332,86.75077264
20190912,19.35,91.14,29.22,25.68,3.54,4.25,4.21,23.25198332,86.75077264
20190913,1.9,87.17,30.57,24.94,5.63,1.9,3.11,23.25198332,86.75077264
20190914,0.77,85.79,31.33,24.84,6.49,1.39,1.56,23.25198332,86.75077264
20190915,3.3,84.25,31.92,24.91,7.02,1.78,3.26,23.25198332,86.75077264
20190916,4.01,89.5,30.22,25.45,4.77,0.97,2.91,23.25198332,86.75077264
20190917,1.98,90.04,29.55,25.08,4.47,1.65,2.66,23.25198332,86.75077264
20190918,1.47,85.26,31.68,23.92,7.76,2.73,2.44,23.25198332,86.75077264
20190919,1.91,86.12,31.25,24.76,6.49,2.66,3.65,23.25198332,86.75077264
20190920,0.18,83.09,31.63,24.39,7.25,1.52,2.62,23.25198332,86.75077264
20190921,1.74,79.6,32.89,23.7,9.18,1.65,4.87,23.25198332,86.75077264
20190922,2.12,82.94,31.73,24.16,7.57,0.98,3.59,23.25198332,86.75077264
20190923,8.5,90.09,29.29,24.65,4.64,3.24,3.74,23.25198332,86.75077264
20190924,33.53,93.53,28.44,24.77,3.67,3.67,3.84,23.25198332,86.75077264
20190925,11.83,94.19,27.49,24.6,2.89,2.92,2.87,23.25198332,86.75077264
20190926,27.77,92.1,27.05,23.29,3.77,2.46,3.28,23.25198332,86.75077264
20190927,16.61,92.08,27.5,22.6,4.9,1.8,2.59,23.25198332,86.75077264
20190928,22.38,94.25,26.36,23.33,3.03,4.33,4.71,23.25198332,86.75077264
20190929,19.68,92.55,27.1,23.38,3.72,2.18,1.47,23.25198332,86.75077264
20190930,12.06,89.75,28.08,22.78,5.3,2.08,2.59,23.25198332,86.75077264
20191001,1.38,86.43,30.16,22.98,7.18,2.66,2.65,23.25198332,86.75077264
20191002,1.96,81.71,30.93,23.19,7.75,2.91,4.64,23.25198332,86.75077264
20191003,2.34,82.66,30.48,24.03,6.45,2.17,2.99,23.25198332,86.75077264
20191004,1.4,87.22,28.8,23.9,4.9,1.29,2.22,23.25198332,86.75077264
20191005,5.14,86.21,29.45,23.71,5.74,1.39,2.06,23.25198332,86.75077264
20191006,5.53,88.38,29.4,23.91,5.49,0.75,2.36,23.25198332,86.75077264
20191007,4.2,90.66,27.84,23.46,4.38,3.31,4.16,23.25198332,86.75077264
20191008,13.95,92.8,26.73,23.25,3.48,1.81,3.12,23.25198332,86.75077264
20191009,7.26,89.42,27.4,22.68,4.73,1.59,2.88,23.25198332,86.75077264
20191010,0.4,87.14,29.32,21.85,7.47,1.23,2.27,23.25198332,86.75077264
20191011,0.0,79.86,29.78,21.75,8.04,2.63,3.59,23.25198332,86.75077264
20191012,4.33,82.56,29.57,22.02,7.55,1.78,3.0,23.25198332,86.75077264
20191013,0.67,75.29,29.76,19.87,9.88,2.41,4.85,23.25198332,86.75077264
20191014,0.0,75.05,29.78,20.09,9.7,0.86,1.15,23.25198332,86.75077264
20191015,0.0,74.44,29.57,19.46,10.11,2.64,4.41,23.25198332,86.75077264
20191016,0.03,77.96,29.51,19.93,9.58,1.85,3.2,23.25198332,86.75077264
20191017,0.27,77.83,29.95,20.44,9.51,1.83,3.99,23.25198332,86.75077264
20191018,2.04,83.45,30.09,21.68,8.42,2.03,2.18,23.25198332,86.75077264
20191019,2.11,85.95,28.88,22.67,6.2,1.57,2.44,23.25198332,86.75077264
20191020,5.22,83.86,29.23,22.1,7.13,1.63,3.38,23.25198332,86.75077264
20191021,3.79,84.31,28.74,21.78,6.96,2.23,3.72,23.25198332,86.75077264
20191022,3.16,84.15,29.05,21.19,7.86,1.25,3.35,23.25198332,86.75077264
20191023,9.19,83.31,27.1,19.77,7.33,1.69,2.15,23.25198332,86.75077264
20191024,61.32,93.87,21.47,18.28,3.19,1.67,2.83,23.25198332,86.75077264
20191025,22.9,94.26,24.46,19.67,4.79,3.39,2.7,23.25198332,86.75077264
20191026,0.28,88.8,27.95,20.56,7.39,3.67,5.92,23.25198332,86.75077264
20191027,0.0,85.21,27.8,19.26,8.53,1.33,2.75,23.25198332,86.75077264
20191028,0.0,86.02,27.17,19.25,7.92,2.08,2.11,23.25198332,86.75077264
20191029,0.0,85.41,26.75,16.99,9.76,1.57,2.89,23.25198332,86.75077264
20191030,0.0,84.24,27.31,17.76,9.55,1.18,2.06,23.25198332,86.75077264
20191031,0.0,82.48,27.74,17.55,10.19,2.16,3.81,23.25198332,86.75077264
20191101,0.0,85.07,27.49,19.97,7.52,1.17,3.27,23.25198332,86.75077264
20191102,0.0,87.12,28.15,18.91,9.24,1.8,2.1,23.25198332,86.75077264
20191103,0.0,86.69,28.22,19.38,8.84,1.22,3.26,23.25198332,86.75077264
20191104,0.0,84.72,28.0,19.56,8.44,2.24,3.11,23.25198332,86.75077264
20191105,0.0,84.55,27.81,19.02,8.79,1.64,3.32,23.25198332,86.75077264
20191106,0.0,78.49,27.35,17.75,9.6,1.47,3.11,23.25198332,86.75077264
20191107,0.0,76.17,27.58,16.15,11.43,2.25,3.94,23.25198332,86.75077264
20191108,1.9,88.31,26.45,17.35,9.11,1.54,2.28,23.25198332,86.75077264
20191109,10.96,89.77,25.67,20.49,5.18,6.01,5.62,23.25198332,86.75077264
20191110,0.92,88.23,27.33,20.33,7.0,4.67,4.0,23.25198332,86.75077264
20191111,0.0,86.04,27.93,19.1,8.83,2.68,3.98,23.25198332,86.75077264
20191112,0.0,75.55,27.08,15.74,11.34,1.89,4.17,23.25198332,86.75077264
20191113,0.0,72.39,26.68,14.7,11.99,2.28,4.64,23.25198332,86.75077264
20191114,0.0,77.25,26.78,14.65,12.12,1.73,3.08,23.25198332,86.75077264
20191115,0.0,77.91,26.66,14.45,12.21,1.96,3.5,23.25198332,86.75077264
20191116,0.0,80.53,26.82,15.26,11.55,2.22,4.05,23.25198332,86.75077264
20191117,0.0,80.19,26.63,14.57,12.06,1.78,3.44,23.25198332,86.75077264
20191118,0.0,80.49,26.27,14.13,12.14,1.52,3.72,23.25198332,86.75077264
20191119,0.0,72.77,25.65,13.4,12.25,2.35,5.55,23.25198332,86.75077264
20191120,0.0,72.19,25.6,15.04,10.56,2.3,4.17,23.25198332,86.75077264
20191121,0.0,77.4,25.96,14.08,11.88,1.69,3.92,23.25198332,86.75077264
20191122,0.0,77.51,25.29,14.09,11.19,1.71,3.35,23.25198332,86.75077264
20191123,0.0,78.4,25.43,14.15,11.29,2.05,3.69,23.25198332,86.75077264
20191124,0.0,78.72,25.59,14.57,11.02,2.48,4.84,23.25198332,86.75077264
20191125,0.0,83.87,25.62,15.03,10.59,2.06,4.62,23.25198332,86.75077264
20191126,0.0,78.78,26.1,14.47,11.64,2.56,3.63,23.25198332,86.75077264
20191127,0.0,79.91,26.23,14.98,11.25,1.9,2.54,23.25198332,86.75077264
20191128,0.0,82.24,27.15,15.07,12.08,2.86,4.61,23.25198332,86.75077264
20191129,0.0,81.43,27.28,15.38,11.9,2.38,4.64,23.25198332,86.75077264
20191130,0.0,82.98,26.15,15.07,11.09,1.48,3.42,23.25198332,86.75077264
20191201,0.0,78.72,26.0,14.36,11.64,2.3,4.3,23.25198332,86.75077264
20191202,0.0,81.11,25.08,15.18,9.9,1.03,2.78,23.25198332,86.75077264
20191203,0.0,81.83,24.04,13.76,10.29,1.82,2.45,23.25198332,86.75077264
20191204,0.0,74.41,23.62,11.97,11.65,1.47,3.5,23.25198332,86.75077264
20191205,0.0,75.81,23.79,10.13,13.65,2.41,4.16,23.25198332,86.75077264
20191206,0.0,78.19,25.01,11.9,13.11,2.73,6.3,23.25198332,86.75077264
20191207,0.0,78.48,25.28,14.15,11.14,1.77,2.45,23.25198332,86.75077264
20191208,0.0,76.19,25.58,16.31,9.27,1.71,3.36,23.25198332,86.75077264
20191209,0.0,80.09,24.44,14.34,10.1,1.68,2.49,23.25198332,86.75077264
20191210,0.0,75.06,24.1,13.13,10.97,2.18,4.15,23.25198332,86.75077264
20191211,0.03,78.01,24.39,14.81,9.58,1.49,2.28,23.25198332,86.75077264
20191212,0.0,81.27,23.89,14.75,9.13,1.31,2.32,23.25198332,86.75077264
20191213,1.32,85.21,23.54,14.87,8.67,1.53,1.9,23.25198332,86.75077264
20191214,0.64,82.44,25.09,16.49,8.6,1.55,2.78,23.25198332,86.75077264
20191215,0.48,87.89,23.62,15.68,7.94,1.54,2.75,23.25198332,86.75077264
20191216,0.56,88.61,21.98,15.97,6.01,2.1,4.47,23.25198332,86.75077264
20191217,0.0,83.88,21.93,13.2,8.73,1.55,3.63,23.25198332,86.75077264
20191218,0.0,77.97,20.67,9.45,11.22,2.2,3.12,23.25198332,86.75077264
20191219,0.0,81.35,18.5,6.89,11.62,1.66,2.91,23.25198332,86.75077264
20191220,0.0,75.32,19.59,6.01,13.58,2.2,4.11,23.25198332,86.75077264
20191221,0.0,72.62,19.82,7.8,12.02,1.83,3.76,23.25198332,86.75077264
20191222,0.0,71.38,21.46,8.49,12.97,2.94,4.51,23.25198332,86.75077264
20191223,0.0,79.16,22.35,10.62,11.73,1.59,2.75,23.25198332,86.75077264
20191224,0.0,72.06,22.83,9.56,13.27,3.29,5.37,23.25198332,86.75077264
20191225,0.69,83.95,20.9,10.37,10.53,1.12,3.75,23.25198332,86.75077264
20191226,4.5,91.54,15.16,11.69,3.47,2.39,2.03,23.25198332,86.75077264
20191227,4.31,74.84,18.6,6.67,11.93,2.99,4.14,23.25198332,86.75077264
20191228,0.0,75.09,18.79,4.09,14.7,1.79,3.51,23.25198332,86.75077264
20191229,0.0,71.45,20.62,4.73,15.89,2.39,4.85,23.25198332,86.75077264
20191230,0.0,71.15,20.27,5.55,14.72,1.62,4.57,23.25198332,86.75077264
20191231,0.0,71.66,21.16,5.55,15.61,2.31,3.6,23.25198332,86.75077264
20200101,0.02,74.04,22.06,7.96,14.1,2.95,6.18,23.25198332,86.75077264
20200102,4.05,82.11,22.69,11.72,10.98,2.63,5.55,23.25198332,86.75077264
20200103,12.79,89.28,19.62,12.45,7.16,3.13,5.48,23.25198332,86.75077264
20200104,0.65,82.72,21.88,12.18,9.7,1.69,3.84,23.25198332,86.75077264
20200105,0.28,78.17,20.95,10.67,10.28,2.47,1.81,23.25198332,86.75077264
20200106,0.0,74.26,20.26,7.81,12.45,2.71,5.42,23.25198332,86.75077264
20200107,0.0,69.21,21.01,7.81,13.19,1.8,3.32,23.25198332,86.75077264
20200108,0.29,69.96,23.28,10.43,12.85,2.19,4.0,23.25198332,86.75077264
20200109,3.7,87.42,17.81,12.17,5.64,3.22,6.27,23.25198332,86.75077264
20200110,0.03,78.2,19.77,9.06,10.71,2.43,3.19,23.25198332,86.75077264
20200111,0.0,72.57,18.38,5.69,12.7,2.09,3.07,23.25198332,86.75077264
20200112,0.0,69.51,19.94,4.64,15.3,1.97,5.16,23.25198332,86.75077264
20200113,0.0,64.63,20.19,5.12,15.07,2.46,4.48,23.25198332,86.75077264
20200114,0.0,62.19,22.45,7.54,14.91,2.32,4.26,23.25198332,86.75077264
20200115,0.0,63.62,24.03,9.35,14.68,1.68,2.83,23.25198332,86.75077264
20200116,0.0,69.11,25.46,12.2,13.26,1.54,2.73,23.25198332,86.75077264
20200117,0.0,73.14,25.77,12.56,13.21,2.18,2.52,23.25198332,86.75077264
20200118,0.0,75.94,25.48,11.56,13.92,1.72,4.25,23.25198332,86.75077264
20200119,0.03,81.94,24.25,13.63,10.62,3.59,5.46,23.25198332,86.75077264
20200120,0.0,72.63,21.32,10.59,10.74,2.42,2.12,23.25198332,86.75077264
20200121,0.0,63.31,21.53,7.6,13.93,2.15,3.29,23.25198332,86.75077264
20200122,0.0,66.97,23.62,8.42,15.2,2.69,4.58,23.25198332,86.75077264
20200123,0.06,77.17,23.14,11.81,11.32,1.83,4.45,23.25198332,86.75077264
20200124,0.0,62.64,21.78,7.82,13.96,2.47,5.07,23.25198332,86.75077264
20200125,0.0,58.11,21.49,6.14,15.35,2.07,4.28,23.25198332,86.75077264
20200126,0.0,65.83,21.56,6.77,14.79,1.87,4.02,23.25198332,86.75077264
20200127,0.0,63.2,23.25,7.29,15.96,2.81,5.16,23.25198332,86.75077264
20200128,0.12,65.64,23.89,10.82,13.07,2.3,3.99,23.25198332,86.75077264
20200129,7.23,81.72,24.89,13.84,11.05,1.99,4.11,23.25198332,86.75077264
20200130,1.97,82.56,24.01,14.47,9.55,3.25,6.61,23.25198332,86.75077264
20200131,0.03,60.75,22.21,9.21,13.0,3.89,6.64,23.25198332,86.75077264
20200201,0.0,58.37,23.03,9.46,13.57,2.64,5.71,23.25198332,86.75077264
20200202,0.0,62.65,22.74,8.31,14.43,2.45,4.44,23.25198332,86.75077264
20200203,0.0,60.42,22.21,6.84,15.36,1.8,4.52,23.25198332,86.75077264
20200204,0.01,56.4,22.73,8.05,14.67,2.46,4.21,23.25198332,86.75077264
20200205,0.07,67.5,22.89,12.81,10.09,3.33,4.71,23.25198332,86.75077264
20200206,0.0,62.88,24.25,9.99,14.26,2.81,4.7,23.25198332,86.75077264
20200207,0.21,64.9,22.32,9.09,13.23,2.97,6.26,23.25198332,86.75077264
20200208,0.62,78.96,20.67,12.52,8.15,2.37,4.04,23.25198332,86.75077264
20200209,0.0,64.01,23.36,9.55,13.8,3.11,3.81,23.25198332,86.75077264
20200210,0.0,57.5,23.39,7.08,16.31,2.12,4.05,23.25198332,86.75077264
20200211,0.0,53.77,23.68,7.3,16.37,1.97,4.36,23.25198332,86.75077264
20200212,0.0,53.55,24.13,7.18,16.95,1.86,3.84,23.25198332,86.75077264
20200213,0.0,60.77,24.4,7.86,16.55,1.94,3.59,23.25198332,86.75077264
20200214,0.0,62.73,28.48,10.84,17.64,1.83,4.59,23.25198332,86.75077264
20200215,0.0,61.8,25.52,11.59,13.93,2.13,4.06,23.25198332,86.75077264
20200216,0.0,53.89,26.53,9.68,16.85,2.56,6.25,23.25198332,86.75077264
20200217,0.0,55.93,26.63,10.43,16.2,1.93,5.13,23.25198332,86.75077264
20200218,0.0,52.5,26.69,10.25,16.44,4.12,7.15,23.25198332,86.75077264
20200219,0.0,52.58,27.57,11.5,16.07,1.81,3.65,23.25198332,86.75077264
20200220,0.0,58.6,28.24,14.91,13.33,1.65,3.68,23.25198332,86.75077264
20200221,0.0,63.52,28.38,14.43,13.95,1.9,2.38,23.25198332,86.75077264
20200222,0.02,58.84,28.4,14.98,13.42,1.84,2.88,23.25198332,86.75077264
20200223,0.24,62.64,29.17,17.07,12.09,2.2,4.69,23.25198332,86.75077264
20200224,0.96,68.28,27.12,17.23,9.9,2.42,4.99,23.25198332,86.75077264
20200225,1.61,78.34,26.23,17.72,8.52,4.54,5.04,23.25198332,86.75077264
20200226,1.87,67.17,26.25,14.44,11.82,1.63,4.09,23.25198332,86.75077264
20200227,0.7,66.89,26.09,12.55,13.54,1.83,4.5,23.25198332,86.75077264
20200228,0.0,57.48,26.89,13.59,13.29,2.34,4.22,23.25198332,86.75077264
20200229,0.0,55.46,28.52,13.95,14.57,2.11,3.54,23.25198332,86.75077264
20200301,0.0,56.72,28.99,16.05,12.94,1.46,1.95,23.25198332,86.75077264
20200302,1.68,61.51,28.58,16.31,12.27,2.98,3.63,23.25198332,86.75077264
20200303,5.92,61.74,29.49,16.8,12.69,2.09,2.94,23.25198332,86.75077264
20200304,6.0,66.55,29.62,17.93,11.69,1.42,3.16,23.25198332,86.75077264
20200305,2.47,67.21,29.63,18.05,11.57,3.66,7.05,23.25198332,86.75077264
20200306,2.53,74.48,28.5,17.19,11.31,2.35,5.69,23.25198332,86.75077264
20200307,22.49,85.87,25.83,18.64,7.19,4.32,4.47,23.25198332,86.75077264
20200308,0.36,68.61,29.62,16.9,12.72,2.64,3.86,23.25198332,86.75077264
20200309,0.0,53.86,29.09,14.05,15.04,2.18,3.59,23.25198332,86.75077264
20200310,0.0,52.93,29.63,13.44,16.18,1.13,2.36,23.25198332,86.75077264
20200311,1.68,60.45,29.54,16.74,12.8,2.53,3.49,23.25198332,86.75077264
20200312,1.09,65.32,31.86,18.75,13.11,2.28,2.92,23.25198332,86.75077264
20200313,0.56,65.24,32.5,19.39,13.11,2.61,3.87,23.25198332,86.75077264
20200314,1.68,70.55,30.34,19.22,11.12,5.05,6.57,23.25198332,86.75077264
20200315,4.45,79.03,24.4,17.94,6.45,5.01,5.67,23.25198332,86.75077264
20200316,0.08,64.82,30.58,18.48,12.11,2.53,4.46,23.25198332,86.75077264
20200317,0.0,56.91,30.68,17.08,13.6,2.37,4.68,23.25198332,86.75077264
20200318,0.0,53.68,31.6,16.67,14.93,2.17,4.72,23.25198332,86.75077264
20200319,0.03,45.31,32.75,16.07,16.68,3.29,5.08,23.25198332,86.75077264
20200320,2.72,48.53,31.82,18.85,12.97,3.95,5.22,23.25198332,86.75077264
20200321,2.27,52.24,31.34,18.02,13.32,3.86,4.51,23.25198332,86.75077264
20200322,1.43,53.36,30.66,19.11,11.55,1.74,2.83,23.25198332,86.75077264
20200323,0.02,52.67,31.46,18.47,12.99,2.72,3.19,23.25198332,86.75077264
20200324,0.04,50.44,32.21,17.6,14.61,1.96,3.7,23.25198332,86.75077264
20200325,0.0,48.83,34.06,20.26,13.8,3.3,4.73,23.25198332,86.75077264
20200326,0.0,46.11,34.97,18.62,16.35,2.26,3.25,23.25198332,86.75077264
20200327,0.0,46.56,36.19,19.95,16.24,2.26,2.77,23.25198332,86.75077264
20200328,0.0,52.9,36.0,21.59,14.42,3.13,3.3,23.25198332,86.75077264
20200329,0.0,45.54,35.96,20.57,15.39,3.44,3.71,23.25198332,86.75077264
20200330,0.0,42.82,36.57,20.17,16.39,2.31,2.95,23.25198332,86.75077264
20200331,0.0,39.81,36.23,18.79,17.44,2.33,3.51,23.25198332,86.75077264
20200401,0.14,40.85,37.52,20.26,17.27,3.93,4.54,23.25198332,86.75077264
20200402,0.35,40.35,37.93,22.95,14.98,2.95,3.33,23.25198332,86.75077264
20200403,0.25,38.95,37.08,21.53,15.55,5.32,7.37,23.25198332,86.75077264
20200404,0.05,36.51,36.89,19.11,17.79,2.77,3.77,23.25198332,86.75077264
20200405,0.05,33.49,36.78,20.38,16.39,2.92,4.2,23.25198332,86.75077264
20200406,0.0,32.83,37.6,18.46,19.14,2.09,3.53,23.25198332,86.75077264
20200407,0.0,33.09,38.48,19.65,18.83,4.14,5.58,23.25198332,86.75077264
20200408,0.52,35.48,38.59,23.56,15.03,2.15,2.7,23.25198332,86.75077264
20200409,4.46,40.92,36.76,20.67,16.09,3.87,5.82,23.25198332,86.75077264
20200410,0.0,37.83,38.1,22.89,15.21,1.55,3.13,23.25198332,86.75077264
20200411,0.0,38.54,38.5,21.37,17.13,3.11,3.65,23.25198332,86.75077264
20200412,0.52,39.84,38.11,21.34,16.77,1.77,2.14,23.25198332,86.75077264
20200413,0.02,39.47,38.66,22.23,16.43,1.36,2.43,23.25198332,86.75077264
20200414,0.0,37.8,40.06,23.02,17.03,4.17,6.47,23.25198332,86.75077264
20200415,1.41,44.4,40.02,23.53,16.5,2.32,4.31,23.25198332,86.75077264
20200416,1.41,44.92,39.31,23.25,16.06,2.86,4.41,23.25198332,86.75077264
20200417,1.92,41.32,40.2,22.96,17.25,2.62,4.32,23.25198332,86.75077264
20200418,1.84,45.34,40.27,24.14,16.13,3.54,5.38,23.25198332,86.75077264
20200419,1.95,45.22,39.6,23.97,15.63,3.27,5.19,23.25198332,86.75077264
20200420,2.43,41.25,39.62,24.34,15.29,1.56,2.4,23.25198332,86.75077264
20200421,23.66,63.79,33.52,24.28,9.24,2.49,5.6,23.25198332,86.75077264
20200422,2.21,59.11,34.77,22.32,12.45,2.27,3.76,23.25198332,86.75077264
20200423,1.88,52.91,36.73,22.67,14.06,3.21,4.98,23.25198332,86.75077264
20200424,24.33,67.13,34.44,23.68,10.76,5.02,5.92,23.25198332,86.75077264
20200425,2.49,62.39,35.12,23.25,11.87,2.61,5.73,23.25198332,86.75077264
20200426,3.7,67.53,32.71,23.28,9.43,3.21,5.42,23.25198332,86.75077264
20200427,5.03,69.93,32.39,22.51,9.88,1.76,3.35,23.25198332,86.75077264
20200428,7.98,70.8,31.99,22.54,9.45,2.5,4.19,23.25198332,86.75077264
20200429,2.54,64.49,32.75,21.25,11.5,2.58,5.35,23.25198332,86.75077264
20200430,0.74,61.86,34.16,22.21,11.95,2.62,4.95,23.25198332,86.75077264
20200501,10.35,65.39,33.86,23.5,10.36,2.54,5.57,23.25198332,86.75077264
20200502,6.53,66.35,33.52,22.72,10.8,1.94,4.83,23.25198332,86.75077264
20200503,0.46,64.07,34.36,22.63,11.72,1.61,4.08,23.25198332,86.75077264
20200504,0.12,59.52,36.75,23.3,13.45,2.75,3.43,23.25198332,86.75077264
20200505,3.79,55.72,37.61,24.84,12.77,2.07,4.17,23.25198332,86.75077264
20200506,10.21,58.76,35.52,25.16,10.36,2.26,2.01,23.25198332,86.75077264
20200507,0.88,47.44,37.34,23.29,14.05,2.36,3.39,23.25198332,86.75077264
20200508,7.11,51.54,37.02,22.82,14.19,2.12,3.19,23.25198332,86.75077264
20200509,1.8,49.11,37.53,23.98,13.55,3.07,5.29,23.25198332,86.75077264
20200510,0.16,49.81,39.12,24.11,15.01,2.89,5.35,23.25198332,86.75077264
20200511,14.62,60.37,36.01,24.87,11.13,2.72,4.63,23.25198332,86.75077264
20200512,0.25,49.3,37.83,24.41,13.42,2.89,4.86,23.25198332,86.75077264
20200513,7.41,54.45,37.31,24.17,13.15,3.53,4.05,23.25198332,86.75077264
20200514,0.65,50.55,39.16,24.27,14.89,2.14,3.31,23.25198332,86.75077264
20200515,5.12,53.91,38.52,25.31,13.21,2.12,4.26,23.25198332,86.75077264
20200516,0.75,48.94,40.34,24.41,15.93,2.85,5.04,23.25198332,86.75077264
20200517,3.25,45.0,39.71,25.87,13.84,2.6,4.27,23.25198332,86.75077264
20200518,0.01,46.63,40.47,24.27,16.2,3.96,5.76,23.25198332,86.75077264
20200519,0.12,60.71,36.02,25.66,10.36,3.16,3.74,23.25198332,86.75077264
20200520,40.97,80.88,26.76,23.6,3.16,9.52,12.04,23.25198332,86.75077264
20200521,8.52,71.23,32.21,22.68,9.53,11.33,14.44,23.25198332,86.75077264
20200522,0.06,56.62,37.52,22.94,14.58,1.87,5.78,23.25198332,86.75077264
20200523,0.0,62.12,38.72,23.2,15.52,3.32,6.14,23.25198332,86.75077264
20200524,0.01,59.23,41.38,25.43,15.94,2.28,4.21,23.25198332,86.75077264
20200525,0.17,57.62,41.75,25.99,15.76,3.52,4.31,23.25198332,86.75077264
20200526,0.86,54.94,43.0,27.08,15.92,2.65,2.45,23.25198332,86.75077264
20200527,7.47,57.72,41.47,26.35,15.12,3.33,4.46,23.25198332,86.75077264
20200528,14.54,65.99,36.58,25.72,10.86,4.88,7.57,23.25198332,86.75077264
20200529,1.24,65.5,35.95,25.69,10.27,3.43,5.97,23.25198332,86.75077264
20200530,6.42,63.01,37.9,25.95,11.95,3.12,6.08,23.25198332,86.75077264
20200531,20.53,70.06,34.57,26.01,8.56,2.47,5.36,23.25198332,86.75077264
20200601,6.19,72.45,33.96,25.73,8.22,2.6,1.97,23.25198332,86.75077264
20200602,13.76,71.53,33.82,25.24,8.57,2.34,2.85,23.25198332,86.75077264
20200603,0.43,63.53,34.14,24.42,9.72,3.63,5.2,23.25198332,86.75077264
20200604,13.74,67.22,34.12,24.84,9.28,2.27,3.92,23.25198332,86.75077264
20200605,14.19,77.24,33.44,25.64,7.8,2.83,2.38,23.25198332,86.75077264
20200606,1.1,62.51,36.07,24.78,11.29,2.8,4.9,23.25198332,86.75077264
20200607,3.85,66.0,35.86,25.29,10.56,2.83,5.71,23.25198332,86.75077264
20200608,7.24,68.39,35.48,25.81,9.67,2.89,5.67,23.25198332,86.75077264
20200609,0.23,70.69,35.14,25.66,9.48,2.98,5.26,23.25198332,86.75077264
20200610,2.63,75.03,33.96,26.24,7.72,3.84,5.06,23.25198332,86.75077264
20200611,3.9,79.87,33.06,26.17,6.9,4.66,5.01,23.25198332,86.75077264
20200612,17.34,85.03,31.83,26.01,5.82,4.58,4.19,23.25198332,86.75077264
20200613,14.3,89.54,30.69,26.02,4.67,2.78,1.99,23.25198332,86.75077264
20200614,10.41,86.17,31.18,26.67,4.5,1.72,2.92,23.25198332,86.75077264
20200615,14.93,87.0,31.49,26.61,4.88,2.47,3.61,23.25198332,86.75077264
20200616,9.91,83.03,31.91,25.92,5.99,2.27,4.52,23.25198332,86.75077264
20200617,14.33,82.73,31.15,25.59,5.56,4.15,3.8,23.25198332,86.75077264
20200618,14.65,78.11,33.41,25.02,8.39,4.05,3.85,23.25198332,86.75077264
20200619,4.66,79.08,32.96,25.33,7.64,2.46,2.36,23.25198332,86.75077264
20200620,11.39,82.25,33.15,26.37,6.78,2.5,3.71,23.25198332,86.75077264
20200621,8.19,82.41,32.37,25.6,6.78,2.45,1.99,23.25198332,86.75077264
20200622,9.34,82.32,32.86,25.78,7.07,5.06,5.45,23.25198332,86.75077264
20200623,6.62,81.42,32.87,25.75,7.12,2.98,1.98,23.25198332,86.75077264
20200624,2.13,80.73,33.57,25.79,7.79,2.63,2.15,23.25198332,86.75077264
20200625,13.39,83.75,32.55,26.3,6.26,3.49,2.46,23.25198332,86.75077264
20200626,9.02,87.82,30.88,26.21,4.67,2.86,2.56,23.25198332,86.75077264
20200627,14.34,85.68,31.08,25.56,5.51,4.53,4.16,23.25198332,86.75077264
20200628,8.75,80.07,33.25,25.37,7.88,3.76,3.6,23.25198332,86.75077264
20200629,3.19,83.21,32.15,25.63,6.53,2.04,3.92,23.25198332,86.75077264
20200630,0.73,78.33,33.25,25.43,7.82,2.11,2.97,23.25198332,86.75077264
20200701,0.25,80.13,32.47,25.28,7.2,1.41,3.93,23.25198332,86.75077264
20200702,1.53,82.63,33.03,26.19,6.84,2.12,3.29,23.25198332,86.75077264
20200703,1.07,81.78,33.0,26.44,6.56,1.82,3.89,23.25198332,86.75077264
20200704,1.37,80.62,33.14,25.96,7.18,2.87,2.47,23.25198332,86.75077264
20200705,5.32,85.69,31.27,26.07,5.21,2.23,1.44,23.25198332,86.75077264
20200706,10.81,85.83,32.27,26.47,5.79,3.56,3.61,23.25198332,86.75077264
20200707,10.75,82.24,32.79,26.62,6.17,3.15,4.16,23.25198332,86.75077264
20200708,9.44,83.65,31.03,25.86,5.17,1.85,3.22,23.25198332,86.75077264
20200709,19.62,86.38,32.26,25.63,6.62,2.24,2.08,23.25198332,86.75077264
20200710,4.86,84.9,32.01,26.07,5.93,3.37,2.04,23.25198332,86.75077264
20200711,5.77,86.41,30.84,25.94,4.9,5.34,4.78,23.25198332,86.75077264
20200712,15.73,82.67,32.6,25.42,7.18,3.48,3.85,23.25198332,86.75077264
20200713,17.7,85.25,31.48,25.85,5.63,3.07,5.39,23.25198332,86.75077264
20200714,11.71,89.57,30.12,25.93,4.19,3.88,6.0,23.25198332,86.75077264
20200715,7.75,82.43,32.45,25.12,7.33,1.79,2.64,23.25198332,86.75077264
20200716,1.07,81.44,32.85,24.52,8.33,2.88,3.21,23.25198332,86.75077264
20200717,0.3,80.14,33.36,25.13,8.23,2.39,3.31,23.25198332,86.75077264
20200718,3.86,84.54,32.7,25.74,6.96,1.83,3.78,23.25198332,86.75077264
20200719,17.5,86.32,31.26,26.07,5.19,2.85,2.44,23.25198332,86.75077264
20200720,12.93,89.14,30.24,25.47,4.77,3.15,2.33,23.25198332,86.75077264
20200721,27.39,90.4,29.6,25.81,3.79,3.0,2.25,23.25198332,86.75077264
20200722,21.61,84.84,31.48,25.17,6.31,1.85,2.85,23.25198332,86.75077264
20200723,22.45,85.53,31.62,24.99,6.63,1.5,3.31,23.25198332,86.75077264
20200724,7.96,85.2,31.03,24.57,6.46,1.88,2.8,23.25198332,86.75077264
20200725,0.88,80.14,32.73,23.93,8.8,0.85,2.84,23.25198332,86.75077264
20200726,0.99,82.51,32.88,25.52,7.36,3.84,3.67,23.25198332,86.75077264
20200727,6.03,90.34,30.04,26.56,3.48,1.66,3.24,23.25198332,86.75077264
20200728,44.59,84.42,32.02,26.1,5.92,2.71,4.4,23.25198332,86.75077264
20200729,1.42,82.18,32.84,25.11,7.73,2.69,4.14,23.25198332,86.75077264
20200730,1.24,84.05,32.12,25.35,6.77,2.87,4.27,23.25198332,86.75077264
20200731,3.27,84.53,31.59,25.51,6.07,2.03,2.89,23.25198332,86.75077264
20200801,3.45,83.49,31.85,25.63,6.22,1.5,2.84,23.25198332,86.75077264
20200802,9.29,82.3,32.38,26.13,6.25,1.74,2.94,23.25198332,86.75077264
20200803,3.45,81.64,32.81,26.25,6.56,1.39,3.68,23.25198332,86.75077264
20200804,32.45,88.01,31.84,26.73,5.11,3.59,4.53,23.25198332,86.75077264
20200805,30.05,89.62,30.68,26.17,4.51,6.55,7.61,23.25198332,86.75077264
20200806,8.74,89.84,30.75,25.53,5.21,4.17,3.71,23.25198332,86.75077264
20200807,3.99,84.86,31.9,25.41,6.49,1.83,4.12,23.25198332,86.75077264
20200808,2.61,84.44,32.37,26.05,6.32,1.78,2.91,23.25198332,86.75077264
20200809,2.54,87.43,31.73,26.11,5.63,4.19,5.74,23.25198332,86.75077264
20200810,3.55,86.8,31.89,25.73,6.16,1.66,1.86,23.25198332,86.75077264
20200811,1.14,87.24,31.46,25.63,5.82,1.44,2.81,23.25198332,86.75077264
20200812,8.87,84.61,32.12,26.32,5.8,2.34,3.54,23.25198332,86.75077264
20200813,3.74,86.14,32.71,26.3,6.41,3.64,4.9,23.25198332,86.75077264
20200814,6.81,86.27,32.26,25.95,6.31,3.33,4.35,23.25198332,86.75077264
20200815,18.93,88.35,31.86,26.05,5.81,3.88,3.44,23.25198332,86.75077264
20200816,8.42,88.07,32.25,25.87,6.38,3.66,3.03,23.25198332,86.75077264
20200817,5.76,89.11,31.19,26.04,5.15,2.04,3.21,23.25198332,86.75077264
20200818,12.71,86.84,31.8,25.62,6.18,1.68,3.03,23.25198332,86.75077264
20200819,17.96,87.91,31.53,25.93,5.6,6.36,8.56,23.25198332,86.75077264
20200820,41.03,92.93,28.78,25.36,3.42,6.33,7.03,23.25198332,86.75077264
20200821,27.41,92.39,30.12,25.37,4.75,3.06,2.04,23.25198332,86.75077264
20200822,4.96,88.44,30.67,25.3,5.37,1.78,4.05,23.25198332,86.75077264
20200823,11.85,92.95,28.5,25.33,3.17,1.39,1.92,23.25198332,86.75077264
20200824,6.24,86.5,31.65,25.07,6.58,2.81,4.11,23.25198332,86.75077264
20200825,27.81,89.34,30.23,25.39,4.83,3.7,3.07,23.25198332,86.75077264
20200826,23.08,89.65,30.94,25.86,5.07,3.4,3.98,23.25198332,86.75077264
20200827,5.04,90.23,30.68,25.48,5.2,3.04,2.54,23.25198332,86.75077264
20200828,0.87,88.81,29.89,24.96,4.94,3.25,2.02,23.25198332,86.75077264
20200829,1.28,86.37,31.47,24.23,7.24,3.05,2.6,23.25198332,86.75077264
20200830,0.42,86.16,31.1,24.69,6.41,2.28,1.9,23.25198332,86.75077264
20200831,0.64,86.85,31.14,25.31,5.83,3.09,5.14,23.25198332,86.75077264
20200901,22.03,93.19,29.81,25.29,4.52,2.58,3.68,23.25198332,86.75077264
20200902,1.46,87.67,30.65,24.38,6.26,4.65,4.36,23.25198332,86.75077264
20200903,1.27,85.81,31.38,23.29,8.09,1.5,1.55,23.25198332,86.75077264
20200904,0.19,83.99,32.09,23.82,8.27,1.11,2.84,23.25198332,86.75077264
20200905,0.04,85.92,32.28,24.74,7.54,1.75,2.86,23.25198332,86.75077264
20200906,1.48,91.41,29.36,25.95,3.42,2.79,5.01,23.25198332,86.75077264
20200907,8.1,89.65,30.38,25.72,4.66,1.42,2.91,23.25198332,86.75077264
20200908,14.56,89.77,29.95,25.57,4.38,1.59,3.82,23.25198332,86.75077264
20200909,3.77,88.41,30.81,25.45,5.36,1.52,3.57,23.25198332,86.75077264
20200910,6.38,86.65,30.9,25.8,5.1,1.01,3.01,23.25198332,86.75077264
20200911,5.32,87.51,31.18,25.32,5.87,2.06,3.77,23.25198332,86.75077264
20200912,1.56,89.09,30.57,24.98,5.59,1.49,2.27,23.25198332,86.75077264
20200913,1.24,88.48,29.48,25.38,4.1,1.9,2.49,23.25198332,86.75077264
20200914,1.55,88.33,30.88,24.48,6.41,1.28,2.83,23.25198332,86.75077264
20200915,2.19,88.21,30.82,25.2,5.62,1.6,3.38,23.25198332,86.75077264
20200916,1.02,88.18,31.14,25.13,6.01,1.47,2.53,23.25198332,86.75077264
20200917,25.72,89.72,30.7,25.09,5.61,1.79,2.68,23.25198332,86.75077264
20200918,2.01,86.28,31.33,24.96,6.37,1.17,3.22,23.25198332,86.75077264
20200919,0.24,87.98,30.6,24.92,5.68,2.42,2.24,23.25198332,86.75077264
20200920,1.91,89.35,30.98,25.17,5.81,3.25,3.67,23.25198332,86.75077264
20200921,19.28,92.71,29.19,25.59,3.6,8.56,11.91,23.25198332,86.75077264
20200922,6.69,89.77,30.96,25.13,5.82,2.7,2.84,23.25198332,86.75077264
20200923,2.34,90.83,30.66,25.4,5.26,2.73,3.45,23.25198332,86.75077264
20200924,3.86,92.77,29.1,25.88,3.23,2.61,1.79,23.25198332,86.75077264
20200925,1.41,90.07,30.22,25.51,4.71,1.83,1.8,23.25198332,86.75077264
20200926,3.83,89.83,29.76,24.86,4.9,1.09,3.37,23.25198332,86.75077264
20200927,1.32,83.43,31.19,23.71,7.48,1.91,2.42,23.25198332,86.75077264
20200928,0.46,84.4,31.28,23.46,7.82,2.64,3.74,23.25198332,86.75077264
20200929,0.78,86.99,31.07,24.6,6.47,1.56,2.88,23.25198332,86.75077264
20200930,12.62,93.45,28.67,25.02,3.65,2.42,4.62,23.25198332,86.75077264
20201001,10.74,92.49,27.64,24.56,3.08,1.58,2.2,23.25198332,86.75077264
20201002,8.45,91.97,28.78,24.68,4.1,2.08,2.96,23.25198332,86.75077264
20201003,6.93,90.03,29.19,24.2,4.99,1.45,1.4,23.25198332,86.75077264
20201004,2.1,89.89,29.21,24.31,4.9,2.18,2.43,23.25198332,86.75077264
20201005,2.38,89.11,28.8,24.51,4.29,2.99,3.36,23.25198332,86.75077264
20201006,7.9,89.77,29.56,24.46,5.1,1.83,3.32,23.25198332,86.75077264
20201007,14.71,92.43,28.62,23.75,4.87,2.05,3.07,23.25198332,86.75077264
20201008,1.48,88.46,30.01,23.97,6.04,1.09,1.81,23.25198332,86.75077264
20201009,6.11,86.28,30.38,24.62,5.75,2.27,2.98,23.25198332,86.75077264
20201010,5.02,91.72,28.25,25.07,3.17,1.81,2.59,23.25198332,86.75077264
20201011,0.15,84.33,30.85,23.81,7.05,2.04,2.59,23.25198332,86.75077264
20201012,4.49,87.71,31.16,24.58,6.59,1.77,2.55,23.25198332,86.75077264
20201013,3.15,85.78,31.6,24.17,7.43,2.55,4.2,23.25198332,86.75077264
20201014,1.12,86.34,31.06,24.98,6.08,2.68,3.8,23.25198332,86.75077264
20201015,0.79,86.29,31.07,24.91,6.16,1.78,3.17,23.25198332,86.75077264
20201016,0.45,83.58,31.44,24.52,6.91,2.27,2.67,23.25198332,86.75077264
20201017,1.52,81.38,31.56,23.77,7.79,2.54,3.82,23.25198332,86.75077264
20201018,1.04,82.67,31.54,23.82,7.72,1.26,1.45,23.25198332,86.75077264
20201019,0.98,79.39,31.13,22.75,8.37,2.0,3.02,23.25198332,86.75077264
20201020,0.07,82.43,31.38,22.83,8.55,1.43,2.32,23.25198332,86.75077264
20201021,0.11,85.04,30.8,22.47,8.33,2.25,3.82,23.25198332,86.75077264
20201022,0.8,90.88,29.12,23.52,5.6,4.0,4.15,23.25198332,86.75077264
20201023,0.4,87.97,29.12,23.19,5.93,2.61,2.55,23.25198332,86.75077264
20201024,1.11,84.94,29.1,22.66,6.43,2.97,3.56,23.25198332,86.75077264
20201025,0.02,71.32,29.16,20.3,8.86,1.93,3.69,23.25198332,86.75077264
20201026,0.01,73.99,29.89,18.66,11.23,1.46,2.8,23.25198332,86.75077264
20201027,0.0,77.62,29.14,18.06,11.08,1.07,3.72,23.25198332,86.75077264
20201028,0.0,76.04,28.52,16.07,12.45,0.97,3.56,23.25198332,86.75077264
20201029,0.0,80.33,28.99,16.75,12.24,2.1,4.01,23.25198332,86.75077264
20201030,0.0,81.66,29.58,18.75,10.83,1.8,3.23,23.25198332,86.75077264
20201031,0.04,80.7,30.08,19.3,10.78,2.42,3.64,23.25198332,86.75077264
20201101,0.22,84.24,29.17,19.94,9.23,2.42,1.43,23.25198332,86.75077264
20201102,0.02,73.9,28.72,18.02,10.71,1.83,3.59,23.25198332,86.75077264
20201103,0.0,66.18,29.61,17.4,12.2,1.53,4.11,23.25198332,86.75077264
20201104,0.0,63.56,28.74,16.24,12.5,1.88,3.87,23.25198332,86.75077264
20201105,0.0,52.01,29.32,15.15,14.17,2.91,5.06,23.25198332,86.75077264
20201106,0.0,59.23,27.79,15.98,11.81,1.08,2.05,23.25198332,86.75077264
20201107,0.0,74.85,26.1,14.16,11.94,1.3,3.78,23.25198332,86.75077264
20201108,0.0,81.22,26.54,13.58,12.96,1.61,2.37,23.25198332,86.75077264
20201109,0.0,81.68,27.13,15.13,12.0,2.03,4.11,23.25198332,86.75077264
20201110,0.0,79.99,27.15,15.22,11.93,1.67,3.21,23.25198332,86.75077264
20201111,0.0,80.25,27.79,17.71,10.08,1.34,2.99,23.25198332,86.75077264
20201112,0.0,81.72,27.59,16.75,10.83,1.53,2.07,23.25198332,86.75077264
20201113,0.0,81.89,27.89,16.86,11.03,1.6,2.84,23.25198332,86.75077264
20201114,0.0,81.08,27.79,17.06,10.73,1.61,2.27,23.25198332,86.75077264
20201115,0.0,79.31,27.5,16.63,10.86,0.95,2.5,23.25198332,86.75077264
20201116,0.0,78.18,27.43,15.32,12.11,1.89,3.08,23.25198332,86.75077264
20201117,0.0,78.54,27.95,17.38,10.56,3.11,5.09,23.25198332,86.75077264
20201118,0.26,78.86,27.37,17.46,9.91,2.18,3.79,23.25198332,86.75077264
20201119,1.41,77.79,27.46,17.45,10.02,2.62,4.23,23.25198332,86.75077264
20201120,3.04,85.05,26.85,19.21,7.64,2.53,3.81,23.25198332,86.75077264
20201121,0.3,83.91,26.17,16.68,9.49,1.54,2.26,23.25198332,86.75077264
20201122,0.0,64.84,25.14,12.6,12.54,2.44,4.67,23.25198332,86.75077264
20201123,0.0,65.88,23.95,10.72,13.23,1.73,3.55,23.25198332,86.75077264
20201124,0.0,68.79,23.74,10.48,13.26,1.67,2.85,23.25198332,86.75077264
20201125,0.0,76.86,24.12,10.39,13.74,1.85,3.09,23.25198332,86.75077264
20201126,0.0,88.94,21.71,11.02,10.69,1.75,3.14,23.25198332,86.75077264
20201127,0.0,82.67,23.73,13.59,10.14,1.83,3.02,23.25198332,86.75077264
20201128,0.0,75.92,25.84,13.29,12.55,1.8,3.3,23.25198332,86.75077264
20201129,0.0,69.88,25.76,11.7,14.06,1.54,2.59,23.25198332,86.75077264
20201130,0.0,67.43,25.3,11.67,13.63,1.92,3.12,23.25198332,86.75077264
20201201,0.0,65.94,24.87,11.71,13.17,2.12,3.34,23.25198332,86.75077264
20201202,0.0,65.78,25.16,12.18,12.98,2.24,3.62,23.25198332,86.75077264
20201203,0.0,63.85,24.78,12.04,12.74,2.49,4.01,23.25198332,86.75077264
20201204,0.0,65.46,24.54,13.11,11.43,1.7,2.72,23.25198332,86.75077264
20201205,0.0,64.1,24.89,12.89,12.01,1.97,3.11,23.25198332,86.75077264
20201206,0.0,60.15,25.91,13.41,12.5,1.92,2.8,23.25198332,86.75077264
20201207,0.0,69.53,26.39,12.47,13.92,1.45,3.21,23.25198332,86.75077264
20201208,0.0,76.44,25.01,12.65,12.36,1.78,3.49,23.25198332,86.75077264
20201209,0.0,75.32,24.97,12.51,12.46,2.26,3.55,23.25198332,86.75077264
20201210,0.0,70.66,25.36,12.01,13.36,2.45,4.02,23.25198332,86.75077264
20201211,0.0,69.1,25.24,12.51,12.74,1.86,3.03,23.25198332,86.75077264
20201212,0.0,73.15,25.15,12.27,12.89,2.36,3.7,23.25198332,86.75077264
20201213,0.0,75.58,25.8,13.42,12.38,1.88,3.27,23.25198332,86.75077264
20201214,0.0,79.54,25.3,14.19,11.11,1.73,2.63,23.25198332,86.75077264
20201215,0.01,75.25,24.18,15.33,8.85,1.27,2.65,23.25198332,86.75077264
20201216,0.3,81.59,25.01,16.09,8.92,1.58,2.63,23.25198332,86.75077264
20201217,0.0,77.48,24.79,14.12,10.67,1.92,3.07,23.25198332,86.75077264
20201218,0.0,73.96,23.17,11.65,11.51,1.53,3.47,23.25198332,86.75077264
20201219,0.0,64.02,20.48,7.42,13.06,1.55,3.67,23.25198332,86.75077264
20201220,0.0,63.35,21.15,6.28,14.87,1.5,3.11,23.25198332,86.75077264
20201221,0.0,65.48,20.54,6.08,14.46,2.13,4.12,23.25198332,86.75077264
20201222,0.0,60.79,21.64,6.7,14.94,2.5,5.07,23.25198332,86.75077264
20201223,0.0,65.46,22.59,7.92,14.67,1.43,3.1,23.25198332,86.75077264
20201224,0.0,64.11,23.21,9.08,14.13,1.61,3.03,23.25198332,86.75077264
20201225,0.0,66.94,23.78,9.07,14.72,1.66,3.28,23.25198332,86.75077264
20201226,0.0,64.15,22.8,8.02,14.79,2.06,3.34,23.25198332,86.75077264
20201227,0.0,56.38,22.84,7.43,15.41,2.52,4.49,23.25198332,86.75077264
20201228,0.0,55.74,23.62,10.07,13.56,1.57,2.34,23.25198332,86.75077264
20201229,0.0,66.89,24.03,9.83,14.2,2.06,3.69,23.25198332,86.75077264
20201230,0.0,75.19,22.76,10.23,12.53,1.48,3.39,23.25198332,86.75077264
20201231,0.0,64.99,23.19,8.84,14.35,2.2,3.54,23.25198332,86.75077264
20210101,0.0,68.65,23.21,8.57,14.64,1.88,3.51,23.25198332,86.75077264
20210102,0.0,67.97,23.5,9.59,13.91,1.92,3.26,23.25198332,86.75077264
20210103,0.0,63.51,25.03,10.96,14.07,2.16,3.64,23.25198332,86.75077264
20210104,0.0,65.44,25.94,12.54,13.4,1.83,2.81,23.25198332,86.75077264
20210105,0.0,70.96,26.93,11.98,14.95,2.31,3.58,23.25198332,86.75077264
20210106,0.0,68.81,27.43,13.37,14.06,2.39,4.37,23.25198332,86.75077264
20210107,0.0,64.9,28.69,16.4,12.29,2.72,4.39,23.25198332,86.75077264
20210108,0.0,68.2,27.05,15.08,11.97,2.61,3.98,23.25198332,86.75077264
20210109,0.0,64.92,27.66,15.07,12.59,2.01,3.21,23.25198332,86.75077264
20210110,0.0,71.32,27.69,16.16,11.53,3.41,4.92,23.25198332,86.75077264
20210111,0.0,75.79,26.27,16.25,10.02,3.16,5.13,23.25198332,86.75077264
20210112,0.0,72.42,24.69,12.82,11.87,1.89,3.59,23.25198332,86.75077264
20210113,0.0,65.21,23.5,9.6,13.9,2.48,5.35,23.25198332,86.75077264
20210114,0.0,62.7,21.87,8.94,12.93,2.48,5.13,23.25198332,86.75077264
20210115,0.0,56.3,21.73,7.94,13.79,2.33,4.46,23.25198332,86.75077264
20210116,0.0,57.27,22.45,7.65,14.8,2.03,3.83,23.25198332,86.75077264
20210117,0.0,59.88,21.5,8.78,12.72,1.17,1.99,23.25198332,86.75077264
20210118,0.0,62.21,22.35,8.77,13.58,1.73,2.44,23.25198332,86.75077264
20210119,0.0,64.99,24.82,9.06,15.76,2.13,3.44,23.25198332,86.75077264
20210120,0.0,71.28,26.16,12.85,13.31,3.34,5.98,23.25198332,86.75077264
20210121,0.0,58.46,25.08,9.44,15.64,1.86,3.98,23.25198332,86.75077264
20210122,0.0,56.32,23.23,9.0,14.23,2.55,4.47,23.25198332,86.75077264
20210123,0.0,53.85,23.71,8.2,15.51,2.81,3.92,23.25198332,86.75077264
20210124,0.0,64.34,25.26,10.56,14.69,2.44,4.73,23.25198332,86.75077264
20210125,0.0,70.8,24.63,12.75,11.88,2.61,4.64,23.25198332,86.75077264
20210126,0.0,67.35,24.02,11.51,12.5,1.57,3.66,23.25198332,86.75077264
20210127,0.0,63.78,23.73,9.91,13.82,1.18,2.99,23.25198332,86.75077264
20210128,0.0,57.25,24.19,8.65,15.54,1.17,3.03,23.25198332,86.75077264
20210129,0.31,56.28,24.85,9.18,15.67,2.02,3.18,23.25198332,86.75077264
20210130,0.02,54.34,23.57,9.53,14.03,1.83,3.7,23.25198332,86.75077264
20210131,0.0,49.72,22.51,6.01,16.5,1.64,3.08,23.25198332,86.75077264
20210201,0.0,48.33,23.56,6.96,16.6,1.39,2.44,23.25198332,86.75077264
20210202,0.0,50.16,24.49,7.63,16.85,1.55,2.86,23.25198332,86.75077264
20210203,0.0,50.67,25.95,9.59,16.36,1.34,2.78,23.25198332,86.75077264
20210204,0.0,46.56,26.02,10.0,16.03,2.34,3.98,23.25198332,86.75077264
20210205,0.0,45.69,27.54,12.32,15.22,1.88,3.14,23.25198332,86.75077264
20210206,0.5,57.55,27.07,11.69,15.38,5.56,8.58,23.25198332,86.75077264
20210207,0.73,60.51,25.35,12.26,13.09,2.87,3.07,23.25198332,86.75077264
20210208,0.0,49.87,25.8,9.3,16.5,2.54,3.38,23.25198332,86.75077264
20210209,0.0,45.13,26.98,10.54,16.44,2.11,3.42,23.25198332,86.75077264
20210210,0.0,50.7,27.96,12.02,15.94,2.13,3.92,23.25198332,86.75077264
20210211,0.0,52.58,27.94,12.68,15.26,2.06,3.02,23.25198332,86.75077264
20210212,0.0,48.44,28.91,12.24,16.66,3.02,4.18,23.25198332,86.75077264
20210213,0.0,50.58,28.71,14.99,13.72,1.58,2.64,23.25198332,86.75077264
20210214,0.0,48.46,28.46,14.76,13.7,1.52,1.66,23.25198332,86.75077264
20210215,0.0,47.64,29.1,13.3,15.8,2.31,4.39,23.25198332,86.75077264
20210216,0.02,48.23,30.41,12.79,17.62,2.53,3.84,23.25198332,86.75077264
20210217,0.11,51.83,28.82,15.19,13.63,2.65,3.62,23.25198332,86.75077264
20210218,0.0,49.69,29.45,15.8,13.64,1.99,3.22,23.25198332,86.75077264
20210219,0.03,52.02,28.76,17.04,11.72,2.67,4.32,23.25198332,86.75077264
20210220,0.01,47.0,27.91,16.44,11.46,3.15,5.79,23.25198332,86.75077264
20210221,0.0,41.12,30.51,13.91,16.6,1.8,2.79,23.25198332,86.75077264
20210222,0.0,39.97,30.38,13.9,16.48,1.86,2.84,23.25198332,86.75077264
20210223,0.0,38.57,30.76,14.14,16.63,2.07,3.14,23.25198332,86.75077264
20210224,0.0,39.31,31.95,14.94,17.01,2.01,3.53,23.25198332,86.75077264
20210225,0.0,36.32,33.54,14.3,19.24,3.05,5.07,23.25198332,86.75077264
20210226,0.0,37.1,34.45,15.14,19.31,3.29,4.83,23.25198332,86.75077264
20210227,0.0,35.27,34.09,14.82,19.27,4.67,5.64,23.25198332,86.75077264
20210228,0.0,37.31,35.18,16.74,18.43,2.59,4.95,23.25198332,86.75077264
20210301,0.0,38.23,34.9,18.6,16.3,2.3,2.83,23.25198332,86.75077264
20210302,0.0,35.8,33.58,17.66,15.93,1.86,3.73,23.25198332,86.75077264
20210303,0.0,27.75,32.68,14.7,17.98,2.8,4.99,23.25198332,86.75077264
20210304,0.0,27.8,34.2,15.15,19.04,2.09,3.23,23.25198332,86.75077264
20210305,0.0,29.91,35.56,16.72,18.84,2.6,2.41,23.25198332,86.75077264
20210306,0.0,31.5,34.94,16.99,17.95,1.48,3.98,23.25198332,86.75077264
20210307,0.0,25.71,34.63,17.8,16.83,1.92,2.92,23.25198332,86.75077264
20210308,0.0,30.48,35.31,19.1,16.22,2.8,5.9,23.25198332,86.75077264
20210309,0.0,39.2,36.53,19.02,17.51,1.29,3.87,23.25198332,86.75077264
20210310,0.49,44.58,36.37,20.95,15.42,2.09,3.9,23.25198332,86.75077264
20210311,5.46,55.68,34.55,21.32,13.23,2.29,4.74,23.25198332,86.75077264
20210312,2.98,57.05,34.27,22.15,12.12,1.98,4.06,23.25198332,86.75077264
20210313,1.95,52.29,33.36,21.4,11.96,4.16,6.69,23.25198332,86.75077264
20210314,0.0,41.43,34.18,18.07,16.11,3.92,6.0,23.25198332,86.75077264
20210315,0.0,38.48,34.45,18.7,15.75,2.4,3.5,23.25198332,86.75077264
20210316,0.0,33.51,35.55,18.41,17.14,2.0,2.63,23.25198332,86.75077264
20210317,0.0,32.49,35.66,20.12,15.54,2.78,3.08,23.25198332,86.75077264
20210318,0.0,31.96,36.35,19.29,17.06,2.81,3.67,23.25198332,86.75077264
20210319,0.0,30.67,36.74,19.37,17.37,3.12,4.96,23.25198332,86.75077264
20210320,0.01,34.86,36.3,21.5,14.79,3.33,5.4,23.25198332,86.75077264
20210321,0.04,36.1,37.2,22.31,14.89,2.15,2.96,23.25198332,86.75077264
20210322,0.0,35.26,37.72,24.54,13.18,1.79,3.04,23.25198332,86.75077264
20210323,0.0,35.74,38.11,23.4,14.71,1.62,3.3,23.25198332,86.75077264
20210324,0.0,35.11,38.63,26.62,12.0,3.66,4.22,23.25198332,86.75077264
20210325,0.0,30.11,37.06,21.59,15.48,3.85,6.49,23.25198332,86.75077264
20210326,0.0,28.92,37.02,21.02,16.01,4.07,5.72,23.25198332,86.75077264
20210327,0.0,28.39,37.56,21.6,15.97,1.88,3.21,23.25198332,86.75077264
20210328,0.0,35.92,37.44,21.66,15.78,2.71,5.4,23.25198332,86.75077264
20210329,0.0,36.49,39.45,21.72,17.74,2.89,4.21,23.25198332,86.75077264
20210330,0.0,23.84,42.24,21.8,20.44,5.88,6.86,23.25198332,86.75077264
20210331,0.0,23.5,41.03,21.91,19.12,3.63,2.54,23.25198332,86.75077264
20210401,0.0,23.95,40.44,20.48,19.96,3.6,8.07,23.25198332,86.75077264
20210402,0.01,27.75,38.87,20.16,18.71,2.19,4.76,23.25198332,86.75077264
20210403,0.0,40.28,38.1,20.56,17.54,2.32,4.95,23.25198332,86.75077264
20210404,0.04,34.64,38.37,23.59,14.78,2.16,2.79,23.25198332,86.75077264
20210405,0.0,34.59,37.58,21.11,16.46,2.42,5.97,23.25198332,86.75077264
20210406,0.0,38.16,38.75,21.84,16.9,4.35,4.99,23.25198332,86.75077264
20210407,0.0,42.55,40.01,22.57,17.44,4.3,6.13,23.25198332,86.75077264
20210408,0.19,45.21,40.29,24.47,15.81,5.05,7.12,23.25198332,86.75077264
20210409,0.4,47.2,38.85,24.78,14.07,3.95,5.84,23.25198332,86.75077264
20210410,0.41,42.75,39.0,25.17,13.83,3.01,6.18,23.25198332,86.75077264
20210411,0.01,36.94,40.05,24.45,15.6,4.13,6.26,23.25198332,86.75077264
20210412,0.01,37.13,39.17,25.87,13.31,3.32,5.79,23.25198332,86.75077264
20210413,0.0,32.49,40.57,24.31,16.26,3.65,6.38,23.25198332,86.75077264
20210414,0.0,28.78,42.01,25.09,16.92,3.93,6.9,23.25198332,86.75077264
20210415,0.0,28.9,41.47,24.78,16.69,3.13,5.76,23.25198332,86.75077264
20210416,0.0,27.47,39.51,24.19,15.32,3.34,6.04,23.25198332,86.75077264
20210417,0.01,34.53,40.03,23.68,16.35,3.89,5.3,23.25198332,86.75077264
20210418,0.03,38.38,39.96,24.15,15.81,2.89,4.24,23.25198332,86.75077264
20210419,0.01,27.93,40.71,23.11,17.6,4.05,4.48,23.25198332,86.75077264
20210420,0.0,26.95,41.05,23.59,17.45,3.44,5.82,23.25198332,86.75077264
20210421,0.0,33.89,41.26,25.31,15.94,4.25,7.13,23.25198332,86.75077264
20210422,0.03,36.39,38.73,25.85,12.88,4.71,5.75,23.25198332,86.75077264
20210423,0.0,30.22,37.3,24.63,12.67,2.17,3.48,23.25198332,86.75077264
20210424,0.0,20.96,41.67,22.89,18.78,4.27,6.06,23.25198332,86.75077264
20210425,0.0,25.5,42.48,24.11,18.37,3.04,5.63,23.25198332,86.75077264
20210426,0.0,24.07,41.02,25.9,15.11,4.25,4.65,23.25198332,86.75077264
20210427,0.0,23.66,42.09,25.96,16.13,2.83,3.34,23.25198332,86.75077264
20210428,0.02,33.89,41.93,24.77,17.16,4.33,6.55,23.25198332,86.75077264
20210429,0.08,38.79,41.19,26.31,14.88,3.04,3.98,23.25198332,86.75077264
20210430,0.36,36.52,41.52,26.24,15.28,4.15,6.28,23.25198332,86.75077264
