Dates,PRECTOT,RH2M,T2M_MAX,T2M_MIN,T2M_RANGE,WS10M_RANGE,WS50M_RANGE,Latitude,Longitude
20100101,0.0,32.08,26.53,8.93,17.6,1.64,4.0,24.25198332,74.75077264
20100102,0.0,37.14,28.21,9.3,18.91,3.53,6.67,24.25198332,74.75077264
20100103,1.11,59.24,23.75,14.43,9.31,3.81,6.62,24.25198332,74.75077264
20100104,0.0,58.42,25.32,11.36,13.96,3.01,5.35,24.25198332,74.75077264
20100105,0.0,34.7,26.26,8.31,17.95,2.09,5.39,24.25198332,74.75077264
20100106,0.0,32.09,26.12,8.08,18.04,1.94,4.35,24.25198332,74.75077264
20100107,0.0,33.17,26.87,7.63,19.24,3.61,4.81,24.25198332,74.75077264
20100108,0.0,35.12,27.18,8.88,18.3,2.18,5.07,24.25198332,74.75077264
20100109,0.0,32.69,27.11,9.32,17.79,3.08,4.34,24.25198332,74.75077264
20100110,0.0,32.92,27.81,10.04,17.77,3.1,3.99,24.25198332,74.75077264
20100111,0.03,36.61,28.74,11.46,17.28,3.02,4.43,24.25198332,74.75077264
20100112,0.11,59.52,26.72,14.48,12.24,3.98,4.47,24.25198332,74.75077264
20100113,0.01,38.08,24.45,10.06,14.39,1.88,5.01,24.25198332,74.75077264
20100114,0.0,43.15,23.54,7.76,15.78,2.87,3.61,24.25198332,74.75077264
20100115,0.0,33.59,25.81,7.7,18.11,1.27,3.99,24.25198332,74.75077264
20100116,0.0,28.74,27.06,8.62,18.44,1.72,5.16,24.25198332,74.75077264
20100117,0.0,23.68,28.45,9.25,19.2,1.56,4.44,24.25198332,74.75077264
20100118,0.0,23.27,28.19,8.69,19.5,2.9,6.3,24.25198332,74.75077264
20100119,0.0,20.0,28.96,9.69,19.27,3.06,5.41,24.25198332,74.75077264
20100120,0.0,18.91,29.5,9.93,19.57,2.42,4.17,24.25198332,74.75077264
20100121,0.0,18.18,29.1,11.44,17.66,1.78,3.32,24.25198332,74.75077264
20100122,0.0,17.42,30.1,13.18,16.92,1.74,1.47,24.25198332,74.75077264
20100123,0.0,19.23,29.74,11.67,18.07,2.64,2.72,24.25198332,74.75077264
20100124,0.0,21.06,28.71,11.75,16.95,5.06,7.2,24.25198332,74.75077264
20100125,0.0,19.85,28.76,10.14,18.61,3.35,7.23,24.25198332,74.75077264
20100126,0.0,25.88,29.12,10.33,18.8,3.02,5.61,24.25198332,74.75077264
20100127,0.0,27.98,29.01,12.29,16.72,2.28,2.62,24.25198332,74.75077264
20100128,0.0,29.27,28.33,12.02,16.3,3.54,4.01,24.25198332,74.75077264
20100129,0.0,31.99,28.54,13.46,15.09,2.96,5.44,24.25198332,74.75077264
20100130,0.0,31.57,29.22,11.64,17.58,2.08,4.65,24.25198332,74.75077264
20100131,0.0,24.23,28.7,13.94,14.76,3.57,4.47,24.25198332,74.75077264
20100201,0.0,24.75,27.3,10.86,16.44,2.27,4.41,24.25198332,74.75077264
20100202,0.0,27.16,28.39,9.69,18.7,3.42,6.97,24.25198332,74.75077264
20100203,0.4,31.3,28.42,11.65,16.77,2.81,6.01,24.25198332,74.75077264
20100204,0.06,31.14,29.32,15.08,14.24,4.41,6.2,24.25198332,74.75077264
20100205,0.0,35.5,29.68,14.12,15.55,3.79,6.92,24.25198332,74.75077264
20100206,0.0,37.34,31.89,14.98,16.91,3.46,5.35,24.25198332,74.75077264
20100207,0.0,34.88,32.06,15.91,16.15,3.94,4.75,24.25198332,74.75077264
20100208,0.03,35.46,31.09,17.16,13.93,5.51,6.17,24.25198332,74.75077264
20100209,0.02,39.73,29.19,14.48,14.71,5.42,4.28,24.25198332,74.75077264
20100210,0.0,15.53,27.52,9.54,17.98,5.23,8.7,24.25198332,74.75077264
20100211,0.85,39.89,27.54,9.01,18.53,3.51,4.76,24.25198332,74.75077264
20100212,0.13,48.07,29.71,13.49,16.22,1.72,4.24,24.25198332,74.75077264
20100213,0.0,47.31,29.18,13.31,15.87,3.29,5.33,24.25198332,74.75077264
20100214,0.0,40.45,29.26,12.14,17.12,3.32,5.42,24.25198332,74.75077264
20100215,0.0,27.93,29.45,12.77,16.68,3.91,8.18,24.25198332,74.75077264
20100216,0.0,15.42,29.26,10.18,19.08,3.95,8.45,24.25198332,74.75077264
20100217,0.0,14.55,28.23,9.6,18.63,3.01,6.99,24.25198332,74.75077264
20100218,0.0,11.11,29.81,7.84,21.97,4.27,8.29,24.25198332,74.75077264
20100219,0.0,11.7,31.56,9.15,22.41,2.83,7.17,24.25198332,74.75077264
20100220,0.0,12.72,33.05,11.72,21.33,3.17,7.77,24.25198332,74.75077264
20100221,0.0,15.45,33.83,14.04,19.79,2.5,5.83,24.25198332,74.75077264
20100222,0.79,23.78,34.06,18.45,15.61,4.84,6.58,24.25198332,74.75077264
20100223,0.01,29.08,31.45,15.86,15.58,4.24,6.43,24.25198332,74.75077264
20100224,0.0,24.58,30.79,13.71,17.08,2.57,5.88,24.25198332,74.75077264
20100225,0.0,22.48,32.15,14.23,17.92,2.56,3.1,24.25198332,74.75077264
20100226,0.0,19.72,34.13,14.44,19.69,2.52,3.82,24.25198332,74.75077264
20100227,0.0,17.44,35.06,16.39,18.68,3.47,7.32,24.25198332,74.75077264
20100228,0.0,14.95,35.58,16.67,18.92,4.98,7.35,24.25198332,74.75077264
20100301,0.0,15.66,35.73,18.19,17.54,4.15,6.36,24.25198332,74.75077264
20100302,0.0,18.94,35.98,17.9,18.08,3.82,6.54,24.25198332,74.75077264
20100303,0.0,23.95,34.21,19.95,14.27,5.17,4.66,24.25198332,74.75077264
20100304,0.0,34.63,31.9,18.47,13.43,4.77,4.97,24.25198332,74.75077264
20100305,0.0,39.87,33.27,18.79,14.48,3.15,5.33,24.25198332,74.75077264
20100306,0.0,36.22,32.06,19.89,12.17,6.44,8.23,24.25198332,74.75077264
20100307,0.0,24.77,31.15,16.01,15.15,1.63,4.36,24.25198332,74.75077264
20100308,0.0,23.09,33.15,14.73,18.42,3.59,7.77,24.25198332,74.75077264
20100309,0.0,19.1,34.26,15.2,19.06,4.26,8.3,24.25198332,74.75077264
20100310,0.0,17.36,35.16,16.41,18.75,4.24,8.16,24.25198332,74.75077264
20100311,0.06,20.72,36.54,17.04,19.5,2.69,6.12,24.25198332,74.75077264
20100312,0.01,14.6,36.92,17.94,18.98,4.12,5.47,24.25198332,74.75077264
20100313,0.0,11.75,37.44,17.75,19.69,2.75,6.51,24.25198332,74.75077264
20100314,0.0,13.05,37.64,18.8,18.83,3.82,7.14,24.25198332,74.75077264
20100315,0.0,16.99,37.99,19.34,18.65,2.82,2.36,24.25198332,74.75077264
20100316,0.0,13.47,38.13,20.9,17.22,2.74,4.56,24.25198332,74.75077264
20100317,0.0,15.0,39.32,21.59,17.73,2.59,5.01,24.25198332,74.75077264
20100318,0.0,17.37,40.07,19.88,20.19,3.77,8.05,24.25198332,74.75077264
20100319,0.0,17.81,39.91,20.73,19.18,3.02,6.75,24.25198332,74.75077264
20100320,0.0,13.65,40.92,22.03,18.89,2.38,4.47,24.25198332,74.75077264
20100321,0.0,11.69,41.14,21.03,20.11,2.5,6.9,24.25198332,74.75077264
20100322,0.0,12.89,40.26,21.35,18.91,4.7,5.03,24.25198332,74.75077264
20100323,0.0,15.14,38.58,20.37,18.21,5.47,6.11,24.25198332,74.75077264
20100324,0.0,15.22,35.84,19.87,15.97,4.22,4.25,24.25198332,74.75077264
20100325,0.0,19.63,37.77,20.8,16.96,3.94,4.29,24.25198332,74.75077264
20100326,0.0,20.44,38.39,20.11,18.28,4.49,6.14,24.25198332,74.75077264
20100327,0.0,16.23,38.76,21.02,17.74,5.09,7.49,24.25198332,74.75077264
20100328,0.0,13.8,39.32,20.17,19.15,3.61,4.94,24.25198332,74.75077264
20100329,0.0,14.5,40.55,20.88,19.66,5.99,7.34,24.25198332,74.75077264
20100330,0.0,17.85,38.03,19.66,18.36,3.41,4.65,24.25198332,74.75077264
20100331,0.0,24.98,37.33,21.85,15.49,4.5,2.65,24.25198332,74.75077264
20100401,0.0,28.39,37.08,20.38,16.7,1.67,3.83,24.25198332,74.75077264
20100402,0.0,32.35,37.49,21.09,16.4,3.84,2.55,24.25198332,74.75077264
20100403,0.0,15.33,37.3,19.84,17.46,2.17,6.07,24.25198332,74.75077264
20100404,0.0,15.75,39.05,20.35,18.7,2.97,6.06,24.25198332,74.75077264
20100405,0.0,15.01,40.18,21.73,18.45,1.83,5.2,24.25198332,74.75077264
20100406,0.0,13.52,40.43,21.78,18.65,3.35,6.65,24.25198332,74.75077264
20100407,0.0,10.79,41.27,21.62,19.65,4.56,7.89,24.25198332,74.75077264
20100408,0.0,11.9,40.14,24.12,16.02,3.13,4.04,24.25198332,74.75077264
20100409,0.0,15.42,38.6,26.4,12.2,4.9,6.33,24.25198332,74.75077264
20100410,0.0,13.18,40.83,22.9,17.93,5.07,5.79,24.25198332,74.75077264
20100411,0.0,17.15,40.18,21.8,18.38,3.24,4.52,24.25198332,74.75077264
20100412,0.0,18.98,41.15,24.03,17.11,2.72,3.89,24.25198332,74.75077264
20100413,0.0,14.0,41.66,23.82,17.84,2.31,5.38,24.25198332,74.75077264
20100414,0.0,12.87,42.29,23.85,18.44,2.18,4.55,24.25198332,74.75077264
20100415,0.0,10.18,43.52,26.46,17.05,1.16,1.39,24.25198332,74.75077264
20100416,0.0,10.88,44.93,25.32,19.61,2.55,6.23,24.25198332,74.75077264
20100417,0.0,13.65,44.01,26.29,17.72,3.62,6.21,24.25198332,74.75077264
20100418,0.0,17.26,42.85,24.73,18.11,5.64,5.41,24.25198332,74.75077264
20100419,0.0,22.24,41.62,24.04,17.58,6.47,5.54,24.25198332,74.75077264
20100420,0.0,25.13,39.84,23.33,16.51,3.9,2.95,24.25198332,74.75077264
20100421,0.0,25.14,40.0,24.44,15.56,5.43,4.29,24.25198332,74.75077264
20100422,0.0,20.99,40.29,25.96,14.32,3.19,2.9,24.25198332,74.75077264
20100423,0.0,16.17,40.86,24.26,16.6,2.07,5.85,24.25198332,74.75077264
20100424,0.0,13.86,41.09,23.7,17.39,4.53,6.94,24.25198332,74.75077264
20100425,0.0,16.7,41.71,22.45,19.27,1.58,4.25,24.25198332,74.75077264
20100426,0.0,19.26,41.96,25.99,15.97,2.54,6.37,24.25198332,74.75077264
20100427,0.0,17.26,42.68,26.21,16.47,2.45,6.3,24.25198332,74.75077264
20100428,0.0,19.8,42.12,26.33,15.8,2.98,6.51,24.25198332,74.75077264
20100429,0.05,17.45,42.34,26.33,16.01,2.94,6.16,24.25198332,74.75077264
20100430,0.57,18.02,40.68,26.77,13.9,3.74,6.83,24.25198332,74.75077264
20100501,0.0,21.26,39.73,26.11,13.61,2.22,4.89,24.25198332,74.75077264
20100502,0.0,18.19,41.89,25.69,16.2,3.18,4.21,24.25198332,74.75077264
20100503,0.81,17.66,42.96,26.25,16.71,4.54,7.26,24.25198332,74.75077264
20100504,0.02,19.2,43.26,26.55,16.7,2.97,3.1,24.25198332,74.75077264
20100505,0.0,20.23,42.43,27.63,14.8,2.9,2.72,24.25198332,74.75077264
20100506,0.0,22.93,41.6,26.38,15.22,3.93,3.08,24.25198332,74.75077264
20100507,0.0,22.33,42.57,26.53,16.04,2.98,4.63,24.25198332,74.75077264
20100508,0.0,21.1,41.95,26.48,15.47,2.21,4.89,24.25198332,74.75077264
20100509,0.0,18.56,42.08,27.64,14.43,2.2,3.68,24.25198332,74.75077264
20100510,0.0,18.27,41.97,26.47,15.51,3.86,3.74,24.25198332,74.75077264
20100511,0.0,15.67,42.32,24.99,17.33,1.5,4.14,24.25198332,74.75077264
20100512,0.0,16.35,43.9,27.41,16.49,1.31,3.58,24.25198332,74.75077264
20100513,0.0,14.96,44.45,27.5,16.95,1.47,5.01,24.25198332,74.75077264
20100514,0.0,17.12,43.1,27.19,15.91,2.52,4.51,24.25198332,74.75077264
20100515,0.0,22.86,42.21,26.17,16.05,3.37,5.31,24.25198332,74.75077264
20100516,0.0,23.87,43.18,26.85,16.33,2.35,5.18,24.25198332,74.75077264
20100517,0.0,21.26,43.65,27.75,15.89,2.17,2.65,24.25198332,74.75077264
20100518,0.0,16.17,44.2,27.52,16.69,2.33,4.89,24.25198332,74.75077264
20100519,0.0,16.6,43.89,27.26,16.63,3.26,5.16,24.25198332,74.75077264
20100520,0.0,14.3,44.93,29.57,15.37,2.82,3.05,24.25198332,74.75077264
20100521,0.0,11.26,46.01,28.08,17.93,2.93,6.27,24.25198332,74.75077264
20100522,0.0,11.24,46.64,27.79,18.85,3.49,3.79,24.25198332,74.75077264
20100523,0.0,14.25,46.58,27.45,19.13,4.25,7.03,24.25198332,74.75077264
20100524,0.0,16.85,45.78,29.44,16.35,5.42,4.12,24.25198332,74.75077264
20100525,0.0,24.22,45.35,28.42,16.93,3.29,3.57,24.25198332,74.75077264
20100526,0.0,36.0,43.43,26.49,16.94,2.46,1.86,24.25198332,74.75077264
20100527,0.0,37.28,42.23,26.19,16.04,3.29,1.69,24.25198332,74.75077264
20100528,0.0,37.96,42.25,26.58,15.67,4.05,2.6,24.25198332,74.75077264
20100529,0.0,33.44,42.33,26.59,15.73,3.73,2.21,24.25198332,74.75077264
20100530,0.0,31.49,40.4,27.08,13.32,3.83,3.17,24.25198332,74.75077264
20100531,0.0,24.71,42.19,27.89,14.3,2.05,5.01,24.25198332,74.75077264
20100601,0.0,24.86,41.84,27.35,14.48,2.84,4.52,24.25198332,74.75077264
20100602,0.0,39.38,39.16,28.15,11.01,4.81,5.85,24.25198332,74.75077264
20100603,0.16,44.44,36.16,28.46,7.7,4.44,6.15,24.25198332,74.75077264
20100604,0.02,39.87,39.81,27.67,12.14,3.22,2.75,24.25198332,74.75077264
20100605,0.0,38.63,40.44,27.57,12.87,4.08,3.12,24.25198332,74.75077264
20100606,0.53,40.78,39.13,27.97,11.15,2.86,4.29,24.25198332,74.75077264
20100607,1.73,54.43,36.11,26.32,9.79,4.63,4.51,24.25198332,74.75077264
20100608,0.0,43.68,37.65,25.37,12.28,4.29,3.93,24.25198332,74.75077264
20100609,0.0,30.09,40.25,26.25,13.99,2.58,4.39,24.25198332,74.75077264
20100610,0.0,28.55,40.26,28.14,12.12,2.67,5.14,24.25198332,74.75077264
20100611,0.0,19.18,43.4,30.67,12.73,1.91,2.73,24.25198332,74.75077264
20100612,0.0,16.27,45.09,29.28,15.81,2.69,2.71,24.25198332,74.75077264
20100613,0.0,17.4,45.19,29.84,15.35,3.47,4.62,24.25198332,74.75077264
20100614,0.47,28.56,43.75,30.43,13.32,7.71,9.72,24.25198332,74.75077264
20100615,10.03,53.58,34.75,27.95,6.79,5.26,6.64,24.25198332,74.75077264
20100616,4.46,56.78,34.48,26.48,8.0,2.37,3.95,24.25198332,74.75077264
20100617,0.51,45.51,40.85,25.37,15.48,2.02,2.09,24.25198332,74.75077264
20100618,0.0,32.11,42.47,27.46,15.02,4.48,4.89,24.25198332,74.75077264
20100619,0.0,29.05,44.15,27.87,16.28,3.87,5.27,24.25198332,74.75077264
20100620,1.57,42.85,42.17,27.43,14.74,4.58,6.75,24.25198332,74.75077264
20100621,0.34,42.18,42.2,27.12,15.08,2.88,4.57,24.25198332,74.75077264
20100622,0.03,43.27,41.94,27.58,14.35,2.81,3.64,24.25198332,74.75077264
20100623,0.11,45.25,40.67,27.87,12.8,1.7,3.12,24.25198332,74.75077264
20100624,1.8,49.33,39.22,27.96,11.26,3.42,4.45,24.25198332,74.75077264
20100625,4.49,51.29,37.41,28.2,9.22,4.11,5.89,24.25198332,74.75077264
20100626,11.26,56.16,38.8,26.96,11.83,3.76,5.51,24.25198332,74.75077264
20100627,12.13,61.05,37.82,26.6,11.23,3.18,5.36,24.25198332,74.75077264
20100628,2.02,59.62,37.88,26.68,11.21,2.72,4.55,24.25198332,74.75077264
20100629,0.65,59.29,37.85,25.89,11.96,3.54,3.33,24.25198332,74.75077264
20100630,0.15,55.65,39.24,26.0,13.25,3.62,4.64,24.25198332,74.75077264
20100701,0.52,56.96,37.83,26.58,11.25,5.86,8.14,24.25198332,74.75077264
20100702,12.75,65.77,33.09,26.26,6.82,3.41,5.84,24.25198332,74.75077264
20100703,32.69,70.13,34.82,25.72,9.1,3.87,3.65,24.25198332,74.75077264
20100704,18.8,81.65,31.45,26.08,5.37,2.69,2.45,24.25198332,74.75077264
20100705,23.32,83.57,30.84,25.07,5.77,4.88,6.3,24.25198332,74.75077264
20100706,1.74,74.23,33.47,24.11,9.36,3.69,4.54,24.25198332,74.75077264
20100707,7.03,80.15,30.11,25.39,4.72,3.4,4.33,24.25198332,74.75077264
20100708,0.93,74.32,33.56,24.47,9.09,2.77,5.09,24.25198332,74.75077264
20100709,0.33,72.75,34.47,25.08,9.39,4.01,6.06,24.25198332,74.75077264
20100710,0.44,76.07,33.55,25.58,7.98,1.83,2.48,24.25198332,74.75077264
20100711,0.07,79.38,31.0,25.31,5.69,2.95,3.04,24.25198332,74.75077264
20100712,0.01,71.62,33.68,24.74,8.93,3.9,2.79,24.25198332,74.75077264
20100713,0.0,69.64,34.37,24.38,9.98,1.46,1.91,24.25198332,74.75077264
20100714,1.65,70.06,33.75,25.1,8.65,2.59,3.63,24.25198332,74.75077264
20100715,5.24,69.1,34.48,24.89,9.59,4.31,5.94,24.25198332,74.75077264
20100716,2.21,68.42,34.83,25.67,9.16,4.96,5.27,24.25198332,74.75077264
20100717,3.45,70.86,35.01,26.57,8.44,6.18,7.94,24.25198332,74.75077264
20100718,0.52,74.37,34.45,25.55,8.9,2.51,2.74,24.25198332,74.75077264
20100719,0.09,79.49,31.98,25.91,6.07,4.02,3.3,24.25198332,74.75077264
20100720,1.06,79.12,31.84,25.64,6.2,3.36,4.81,24.25198332,74.75077264
20100721,5.23,73.68,33.48,25.68,7.8,2.71,4.26,24.25198332,74.75077264
20100722,3.24,70.24,35.02,25.05,9.98,2.86,2.6,24.25198332,74.75077264
20100723,2.64,79.92,31.98,24.15,7.83,4.77,5.87,24.25198332,74.75077264
20100724,2.79,80.74,30.58,23.76,6.82,4.1,3.98,24.25198332,74.75077264
20100725,27.35,86.57,29.06,24.85,4.22,5.27,6.3,24.25198332,74.75077264
20100726,31.51,88.61,28.8,24.09,4.71,3.99,5.1,24.25198332,74.75077264
20100727,16.88,88.67,28.38,23.47,4.91,3.33,2.34,24.25198332,74.75077264
20100728,0.73,79.84,31.49,23.94,7.55,3.04,2.5,24.25198332,74.75077264
20100729,0.04,78.73,31.72,23.68,8.04,2.36,3.77,24.25198332,74.75077264
20100730,17.99,80.84,31.61,23.88,7.73,2.77,4.71,24.25198332,74.75077264
20100731,12.38,86.21,28.78,23.78,5.0,3.53,5.42,24.25198332,74.75077264
20100801,9.26,84.75,30.44,23.72,6.72,3.57,3.02,24.25198332,74.75077264
20100802,17.56,86.79,30.1,24.21,5.89,1.98,1.24,24.25198332,74.75077264
20100803,6.45,83.47,31.19,24.0,7.19,1.95,3.17,24.25198332,74.75077264
20100804,5.27,86.82,30.75,23.8,6.95,6.26,7.49,24.25198332,74.75077264
20100805,2.45,85.47,30.61,23.62,6.99,4.58,5.13,24.25198332,74.75077264
20100806,43.5,85.62,30.3,24.06,6.25,2.32,4.15,24.25198332,74.75077264
20100807,31.37,84.23,32.36,24.65,7.71,2.27,3.36,24.25198332,74.75077264
20100808,45.13,88.8,30.49,24.36,6.13,3.53,5.6,24.25198332,74.75077264
20100809,8.93,88.14,29.68,23.45,6.23,2.9,3.4,24.25198332,74.75077264
20100810,4.2,89.25,27.8,23.34,4.46,4.7,4.82,24.25198332,74.75077264
20100811,4.73,86.62,30.71,24.1,6.61,3.9,2.78,24.25198332,74.75077264
20100812,8.04,91.1,29.29,24.54,4.75,0.95,2.2,24.25198332,74.75077264
20100813,9.06,87.89,29.17,24.05,5.12,2.4,3.73,24.25198332,74.75077264
20100814,5.09,90.84,28.2,24.06,4.14,2.67,3.25,24.25198332,74.75077264
20100815,1.35,87.46,30.0,23.42,6.58,1.54,1.88,24.25198332,74.75077264
20100816,4.1,82.73,30.58,23.71,6.88,2.61,4.4,24.25198332,74.75077264
20100817,1.07,86.69,29.97,23.9,6.07,2.29,1.89,24.25198332,74.75077264
20100818,20.75,87.47,29.61,24.04,5.57,1.88,1.85,24.25198332,74.75077264
20100819,17.46,88.47,29.66,24.59,5.07,2.12,4.04,24.25198332,74.75077264
20100820,11.67,90.21,28.98,24.13,4.86,1.96,1.51,24.25198332,74.75077264
20100821,6.87,88.73,29.54,23.9,5.64,1.5,1.7,24.25198332,74.75077264
20100822,1.33,87.3,29.42,23.95,5.47,3.82,2.38,24.25198332,74.75077264
20100823,0.81,86.08,30.78,23.68,7.1,2.86,1.57,24.25198332,74.75077264
20100824,13.49,86.18,30.34,24.17,6.17,2.67,2.26,24.25198332,74.75077264
20100825,18.67,86.0,30.43,24.03,6.4,2.08,3.48,24.25198332,74.75077264
20100826,5.7,83.98,30.66,23.83,6.82,2.73,4.68,24.25198332,74.75077264
20100827,1.49,84.44,31.19,23.77,7.41,2.95,3.84,24.25198332,74.75077264
20100828,0.02,82.74,32.3,24.84,7.45,1.26,2.75,24.25198332,74.75077264
20100829,4.57,87.11,30.82,25.37,5.45,2.03,2.84,24.25198332,74.75077264
20100830,24.67,85.93,30.11,24.91,5.2,1.78,3.03,24.25198332,74.75077264
20100831,14.67,92.12,27.59,24.35,3.25,3.31,3.03,24.25198332,74.75077264
20100901,0.48,86.71,30.4,23.24,7.16,4.05,4.98,24.25198332,74.75077264
20100902,0.06,87.34,29.58,23.41,6.17,3.28,3.34,24.25198332,74.75077264
20100903,0.84,85.97,30.17,24.09,6.08,3.79,4.1,24.25198332,74.75077264
20100904,6.66,89.82,29.4,24.0,5.4,2.42,3.25,24.25198332,74.75077264
20100905,31.79,92.0,27.9,23.74,4.15,1.61,1.55,24.25198332,74.75077264
20100906,15.37,88.27,29.13,23.2,5.94,1.75,2.46,24.25198332,74.75077264
20100907,15.16,86.64,30.3,23.37,6.93,2.34,3.71,24.25198332,74.75077264
20100908,8.66,90.66,29.16,24.17,4.99,1.75,2.21,24.25198332,74.75077264
20100909,8.3,93.7,27.86,24.28,3.58,1.73,1.48,24.25198332,74.75077264
20100910,3.73,90.63,29.05,23.87,5.18,4.39,6.57,24.25198332,74.75077264
20100911,0.68,88.29,28.48,23.0,5.49,3.44,3.33,24.25198332,74.75077264
20100912,0.67,89.1,30.04,22.71,7.33,2.27,1.22,24.25198332,74.75077264
20100913,11.62,91.52,27.57,23.9,3.66,3.52,2.5,24.25198332,74.75077264
20100914,16.88,92.75,27.58,23.23,4.36,2.04,1.29,24.25198332,74.75077264
20100915,3.12,85.64,29.4,22.94,6.46,3.28,3.16,24.25198332,74.75077264
20100916,0.31,81.43,30.2,21.37,8.83,2.21,3.0,24.25198332,74.75077264
20100917,0.01,72.64,30.36,21.15,9.21,1.49,1.47,24.25198332,74.75077264
20100918,0.0,76.64,29.72,19.66,10.06,1.4,2.08,24.25198332,74.75077264
20100919,0.87,81.78,28.56,19.92,8.63,3.84,3.78,24.25198332,74.75077264
20100920,3.27,84.38,28.28,20.85,7.43,3.7,3.06,24.25198332,74.75077264
20100921,0.05,74.09,29.47,17.97,11.5,2.55,2.73,24.25198332,74.75077264
20100922,0.01,82.84,30.17,19.99,10.18,3.07,2.18,24.25198332,74.75077264
20100923,0.0,79.52,29.9,19.39,10.52,2.33,2.36,24.25198332,74.75077264
20100924,0.0,74.27,29.76,20.96,8.79,1.06,1.62,24.25198332,74.75077264
20100925,0.0,64.14,30.37,20.07,10.3,1.5,2.52,24.25198332,74.75077264
20100926,0.0,64.7,30.51,21.47,9.04,2.09,4.25,24.25198332,74.75077264
20100927,0.0,62.35,30.4,19.78,10.61,1.77,2.81,24.25198332,74.75077264
20100928,0.0,57.48,30.91,20.4,10.51,1.26,1.85,24.25198332,74.75077264
20100929,0.0,63.93,30.8,21.09,9.71,1.34,1.67,24.25198332,74.75077264
20100930,0.0,70.14,30.02,20.95,9.07,1.49,2.33,24.25198332,74.75077264
20101001,0.0,67.11,30.9,20.75,10.15,1.93,3.01,24.25198332,74.75077264
20101002,0.0,75.07,31.11,20.53,10.58,1.99,4.43,24.25198332,74.75077264
20101003,0.0,76.79,31.2,19.85,11.35,1.1,2.98,24.25198332,74.75077264
20101004,0.0,74.82,31.95,20.03,11.91,1.39,2.78,24.25198332,74.75077264
20101005,0.0,73.04,32.26,20.76,11.49,2.59,4.01,24.25198332,74.75077264
20101006,0.0,73.45,30.83,20.0,10.84,1.67,4.41,24.25198332,74.75077264
20101007,0.0,72.58,30.57,18.15,12.42,1.0,3.82,24.25198332,74.75077264
20101008,0.0,68.72,31.02,19.25,11.77,2.33,3.42,24.25198332,74.75077264
20101009,0.0,63.27,31.63,18.84,12.79,2.36,5.0,24.25198332,74.75077264
20101010,0.02,73.59,30.53,17.53,13.0,2.06,2.96,24.25198332,74.75077264
20101011,0.69,79.29,29.52,19.05,10.47,1.1,2.88,24.25198332,74.75077264
20101012,0.73,78.89,29.52,20.28,9.24,0.67,2.8,24.25198332,74.75077264
20101013,0.45,71.02,31.05,20.66,10.39,2.11,3.72,24.25198332,74.75077264
20101014,0.02,64.79,31.53,19.41,12.12,2.24,4.71,24.25198332,74.75077264
20101015,0.0,65.76,32.03,19.13,12.9,1.36,2.05,24.25198332,74.75077264
20101016,0.05,67.69,30.56,19.12,11.44,1.87,3.03,24.25198332,74.75077264
20101017,0.1,80.06,30.6,20.24,10.36,2.38,3.61,24.25198332,74.75077264
20101018,0.12,77.5,30.55,22.28,8.27,2.85,2.66,24.25198332,74.75077264
20101019,0.91,80.5,30.82,22.01,8.81,2.24,3.14,24.25198332,74.75077264
20101020,1.19,80.24,30.53,22.61,7.92,1.15,3.13,24.25198332,74.75077264
20101021,0.14,68.88,31.73,20.74,10.99,2.12,1.68,24.25198332,74.75077264
20101022,0.0,66.7,31.68,18.69,12.99,1.27,2.39,24.25198332,74.75077264
20101023,0.0,65.78,31.57,18.64,12.94,1.26,4.32,24.25198332,74.75077264
20101024,0.0,63.27,31.06,17.83,13.23,2.51,5.59,24.25198332,74.75077264
20101025,0.1,58.23,31.19,18.89,12.3,2.04,4.83,24.25198332,74.75077264
20101026,0.02,61.86,31.15,19.07,12.08,2.49,3.34,24.25198332,74.75077264
20101027,0.0,56.61,32.28,19.76,12.52,0.86,2.21,24.25198332,74.75077264
20101028,0.0,53.44,32.34,20.14,12.2,1.33,2.39,24.25198332,74.75077264
20101029,0.0,53.44,31.64,18.55,13.09,1.45,2.25,24.25198332,74.75077264
20101030,0.38,61.06,30.54,19.63,10.91,2.91,5.95,24.25198332,74.75077264
20101031,0.05,57.88,30.45,18.02,12.43,1.85,3.63,24.25198332,74.75077264
20101101,0.0,58.58,29.89,15.78,14.11,1.06,3.54,24.25198332,74.75077264
20101102,0.0,59.54,29.0,14.83,14.17,1.16,4.24,24.25198332,74.75077264
20101103,0.0,56.7,29.72,14.09,15.62,1.88,4.28,24.25198332,74.75077264
20101104,0.0,54.9,30.59,14.76,15.83,1.28,3.72,24.25198332,74.75077264
20101105,0.0,52.18,31.33,14.46,16.87,2.82,6.29,24.25198332,74.75077264
20101106,0.0,51.92,30.66,14.91,15.75,1.31,4.73,24.25198332,74.75077264
20101107,0.0,58.6,29.55,14.62,14.94,1.88,4.57,24.25198332,74.75077264
20101108,0.85,68.42,29.56,15.54,14.02,1.93,3.81,24.25198332,74.75077264
20101109,0.25,76.66,29.93,20.01,9.92,2.55,3.22,24.25198332,74.75077264
20101110,0.81,75.58,29.33,20.82,8.51,3.29,5.24,24.25198332,74.75077264
20101111,11.21,81.9,27.77,21.49,6.27,0.88,0.94,24.25198332,74.75077264
20101112,4.94,81.11,28.57,21.14,7.43,2.43,3.63,24.25198332,74.75077264
20101113,0.99,78.24,30.07,20.58,9.49,2.9,1.59,24.25198332,74.75077264
20101114,0.12,69.98,31.06,20.0,11.05,1.67,2.85,24.25198332,74.75077264
20101115,9.09,71.93,30.16,21.17,8.99,1.46,1.55,24.25198332,74.75077264
20101116,13.39,81.73,27.93,21.63,6.29,1.59,1.65,24.25198332,74.75077264
20101117,15.25,86.69,26.1,20.44,5.66,3.28,5.12,24.25198332,74.75077264
20101118,1.6,79.24,26.87,18.07,8.8,3.7,6.6,24.25198332,74.75077264
20101119,0.0,64.82,28.36,15.9,12.47,1.6,4.38,24.25198332,74.75077264
20101120,0.0,59.41,27.44,13.19,14.25,2.42,4.73,24.25198332,74.75077264
20101121,0.0,53.6,27.33,13.64,13.69,2.98,5.11,24.25198332,74.75077264
20101122,4.69,75.19,23.98,16.16,7.82,2.37,3.77,24.25198332,74.75077264
20101123,4.7,78.15,23.58,14.83,8.75,2.57,2.84,24.25198332,74.75077264
20101124,3.3,86.96,25.18,17.19,7.99,2.49,2.18,24.25198332,74.75077264
20101125,0.22,83.79,27.78,18.1,9.68,1.06,2.77,24.25198332,74.75077264
20101126,0.02,79.58,27.11,18.63,8.49,1.26,3.26,24.25198332,74.75077264
20101127,0.13,75.97,26.75,16.95,9.79,2.96,5.97,24.25198332,74.75077264
20101128,0.62,74.28,27.26,16.47,10.79,3.15,5.61,24.25198332,74.75077264
20101129,0.05,73.97,27.59,15.56,12.03,3.14,5.82,24.25198332,74.75077264
20101130,0.0,65.2,27.64,13.83,13.81,2.84,6.33,24.25198332,74.75077264
20101201,0.01,65.14,27.12,12.74,14.39,2.57,6.31,24.25198332,74.75077264
20101202,0.04,66.01,26.56,13.72,12.84,1.59,4.6,24.25198332,74.75077264
20101203,0.01,65.16,26.54,12.09,14.45,4.29,8.45,24.25198332,74.75077264
20101204,0.0,62.9,25.34,10.87,14.47,3.31,7.27,24.25198332,74.75077264
20101205,0.0,65.56,25.94,11.39,14.55,2.71,5.78,24.25198332,74.75077264
20101206,0.0,63.38,26.28,11.43,14.86,2.21,6.36,24.25198332,74.75077264
20101207,0.0,54.81,24.85,9.52,15.33,2.24,3.89,24.25198332,74.75077264
20101208,0.0,66.21,25.62,10.18,15.44,2.51,6.23,24.25198332,74.75077264
20101209,0.0,70.22,26.24,13.03,13.21,3.61,5.76,24.25198332,74.75077264
20101210,0.0,60.71,24.75,10.98,13.77,3.36,7.54,24.25198332,74.75077264
20101211,0.0,49.14,23.63,8.11,15.53,2.33,5.81,24.25198332,74.75077264
20101212,0.0,43.94,23.28,7.73,15.55,2.2,4.19,24.25198332,74.75077264
20101213,0.0,47.71,23.59,10.45,13.14,1.88,1.74,24.25198332,74.75077264
20101214,0.0,51.91,24.24,8.7,15.54,2.19,5.23,24.25198332,74.75077264
20101215,0.0,47.7,24.66,7.84,16.83,2.99,5.92,24.25198332,74.75077264
20101216,0.0,47.03,25.52,8.35,17.17,3.0,5.94,24.25198332,74.75077264
20101217,0.0,42.7,26.23,8.82,17.41,2.35,3.89,24.25198332,74.75077264
20101218,0.0,42.26,26.48,10.48,16.0,1.86,4.7,24.25198332,74.75077264
20101219,0.0,46.41,25.78,8.02,17.77,2.59,4.89,24.25198332,74.75077264
20101220,0.0,45.46,24.49,7.3,17.19,2.24,5.82,24.25198332,74.75077264
20101221,0.0,35.83,25.8,9.26,16.54,2.29,3.76,24.25198332,74.75077264
20101222,0.0,41.83,25.97,10.18,15.79,3.33,5.35,24.25198332,74.75077264
20101223,0.0,46.74,25.14,9.71,15.42,2.51,4.14,24.25198332,74.75077264
20101224,0.0,47.35,25.64,11.23,14.41,2.71,5.68,24.25198332,74.75077264
20101225,0.0,48.24,25.53,7.52,18.01,3.1,6.01,24.25198332,74.75077264
20101226,0.0,51.29,25.99,8.04,17.96,2.22,5.02,24.25198332,74.75077264
20101227,0.0,56.07,27.27,9.57,17.69,2.97,6.29,24.25198332,74.75077264
20101228,0.2,58.02,26.7,13.1,13.6,3.24,2.59,24.25198332,74.75077264
20101229,1.44,69.24,24.22,13.63,10.59,1.96,1.61,24.25198332,74.75077264
20101230,0.19,70.33,23.69,11.29,12.4,3.9,5.36,24.25198332,74.75077264
20101231,0.01,49.66,21.53,7.08,14.46,1.41,4.05,24.25198332,74.75077264
20110101,0.0,42.0,22.86,6.76,16.1,1.74,4.53,24.25198332,74.75077264
20110102,0.0,43.2,22.28,5.19,17.08,1.94,5.59,24.25198332,74.75077264
20110103,0.0,43.9,22.11,4.51,17.6,1.82,4.63,24.25198332,74.75077264
20110104,0.0,48.61,22.96,4.3,18.65,2.5,6.14,24.25198332,74.75077264
20110105,0.0,45.31,23.01,4.83,18.18,1.64,4.24,24.25198332,74.75077264
20110106,0.0,44.28,23.51,4.55,18.96,1.99,3.88,24.25198332,74.75077264
20110107,0.0,34.83,25.03,6.18,18.86,3.19,5.84,24.25198332,74.75077264
20110108,0.0,35.82,25.6,6.91,18.69,2.64,6.03,24.25198332,74.75077264
20110109,0.0,38.26,24.08,4.77,19.31,1.78,5.61,24.25198332,74.75077264
20110110,0.0,41.02,23.19,3.85,19.34,1.95,5.75,24.25198332,74.75077264
20110111,0.0,33.2,25.07,5.8,19.28,2.86,5.29,24.25198332,74.75077264
20110112,0.0,37.11,27.5,7.9,19.59,2.56,3.35,24.25198332,74.75077264
20110113,0.0,46.86,27.04,10.32,16.72,3.17,5.06,24.25198332,74.75077264
20110114,0.0,55.8,26.42,11.7,14.71,4.02,6.23,24.25198332,74.75077264
20110115,0.0,45.07,24.76,8.88,15.88,2.31,6.25,24.25198332,74.75077264
20110116,0.0,23.9,22.5,3.84,18.65,2.81,5.02,24.25198332,74.75077264
20110117,0.0,23.84,26.41,6.82,19.59,3.22,4.85,24.25198332,74.75077264
20110118,0.0,30.32,26.74,8.84,17.9,2.43,5.7,24.25198332,74.75077264
20110119,0.0,30.78,25.56,7.17,18.39,1.58,5.18,24.25198332,74.75077264
20110120,0.0,27.96,26.45,7.38,19.07,2.4,6.51,24.25198332,74.75077264
20110121,0.0,29.04,28.32,8.19,20.13,2.74,6.59,24.25198332,74.75077264
20110122,0.0,33.97,29.07,10.82,18.25,3.03,5.69,24.25198332,74.75077264
20110123,0.0,39.94,28.18,11.44,16.74,2.43,5.34,24.25198332,74.75077264
20110124,0.0,43.16,28.12,10.92,17.2,2.83,4.57,24.25198332,74.75077264
20110125,0.0,42.72,27.49,10.51,16.98,5.08,8.28,24.25198332,74.75077264
20110126,0.0,31.89,26.1,8.72,17.38,1.59,4.84,24.25198332,74.75077264
20110127,0.0,39.61,27.03,8.2,18.83,4.1,7.51,24.25198332,74.75077264
20110128,0.0,40.09,28.47,9.77,18.69,4.13,7.25,24.25198332,74.75077264
20110129,0.0,35.02,28.45,10.12,18.32,2.94,6.81,24.25198332,74.75077264
20110130,0.0,32.06,27.06,10.39,16.66,2.08,5.81,24.25198332,74.75077264
20110131,0.0,42.96,27.18,10.24,16.94,3.33,6.01,24.25198332,74.75077264
20110201,0.0,36.38,28.57,10.58,17.98,3.21,6.39,24.25198332,74.75077264
20110202,0.0,28.3,30.14,10.69,19.45,2.31,5.75,24.25198332,74.75077264
20110203,0.0,25.82,31.34,11.14,20.2,2.33,5.57,24.25198332,74.75077264
20110204,0.0,23.08,32.83,12.54,20.3,1.73,4.44,24.25198332,74.75077264
20110205,0.0,25.44,32.64,12.47,20.17,2.17,5.22,24.25198332,74.75077264
20110206,0.0,32.18,31.42,13.65,17.77,6.44,8.59,24.25198332,74.75077264
20110207,0.0,45.13,29.47,12.27,17.2,4.26,3.78,24.25198332,74.75077264
20110208,0.0,40.43,28.67,13.3,15.37,3.06,4.68,24.25198332,74.75077264
20110209,0.0,30.17,29.63,11.92,17.71,2.97,4.42,24.25198332,74.75077264
20110210,0.0,29.85,30.88,11.41,19.47,2.31,5.09,24.25198332,74.75077264
20110211,0.0,28.01,31.96,12.89,19.07,4.78,7.08,24.25198332,74.75077264
20110212,0.0,25.8,32.77,14.38,18.39,3.33,5.12,24.25198332,74.75077264
20110213,0.0,27.71,31.89,15.7,16.19,5.09,5.96,24.25198332,74.75077264
20110214,0.38,38.36,31.09,15.08,16.01,6.75,8.05,24.25198332,74.75077264
20110215,2.57,52.52,27.75,14.31,13.44,6.56,7.65,24.25198332,74.75077264
20110216,0.03,41.86,26.2,12.59,13.61,1.54,2.52,24.25198332,74.75077264
20110217,0.0,41.93,25.62,10.26,15.35,1.99,5.5,24.25198332,74.75077264
20110218,0.0,33.85,26.76,11.05,15.71,4.1,6.03,24.25198332,74.75077264
20110219,0.0,31.2,28.59,10.69,17.9,3.87,5.69,24.25198332,74.75077264
20110220,0.01,34.86,28.89,11.13,17.76,4.15,7.75,24.25198332,74.75077264
20110221,0.0,36.24,27.03,11.15,15.89,1.62,4.61,24.25198332,74.75077264
20110222,0.0,32.36,28.5,10.38,18.12,4.69,6.82,24.25198332,74.75077264
20110223,0.0,30.02,31.36,11.12,20.24,2.29,3.95,24.25198332,74.75077264
20110224,0.0,27.04,30.42,12.58,17.84,3.62,6.63,24.25198332,74.75077264
20110225,0.0,30.78,28.69,12.1,16.59,2.93,5.76,24.25198332,74.75077264
20110226,0.0,30.0,30.08,13.06,17.02,2.29,4.84,24.25198332,74.75077264
20110227,0.0,35.47,29.14,13.07,16.07,2.75,5.4,24.25198332,74.75077264
20110228,0.01,35.53,30.64,13.3,17.34,4.04,6.63,24.25198332,74.75077264
20110301,0.01,30.09,33.02,14.97,18.06,2.83,5.36,24.25198332,74.75077264
20110302,0.0,31.87,33.6,15.92,17.67,3.7,6.24,24.25198332,74.75077264
20110303,0.0,31.19,33.92,16.64,17.29,2.12,2.69,24.25198332,74.75077264
20110304,0.0,26.39,33.1,17.0,16.11,5.14,6.65,24.25198332,74.75077264
20110305,0.0,28.95,32.65,14.96,17.69,3.12,4.76,24.25198332,74.75077264
20110306,0.0,24.53,34.23,14.57,19.66,2.23,2.92,24.25198332,74.75077264
20110307,0.0,22.46,36.28,15.58,20.7,3.08,5.45,24.25198332,74.75077264
20110308,0.0,23.78,35.46,16.19,19.27,4.87,7.34,24.25198332,74.75077264
20110309,0.0,24.7,32.05,15.42,16.63,2.36,5.47,24.25198332,74.75077264
20110310,0.0,19.35,31.35,14.44,16.92,2.54,5.64,24.25198332,74.75077264
20110311,0.0,21.77,31.05,12.69,18.36,2.32,4.4,24.25198332,74.75077264
20110312,0.0,18.94,32.46,12.89,19.57,1.99,2.81,24.25198332,74.75077264
20110313,0.0,12.5,36.32,16.4,19.92,3.29,6.03,24.25198332,74.75077264
20110314,0.0,13.46,37.31,16.92,20.39,2.13,4.63,24.25198332,74.75077264
20110315,0.0,14.96,37.8,17.41,20.39,1.94,5.53,24.25198332,74.75077264
20110316,0.0,12.43,38.36,17.14,21.22,3.97,7.23,24.25198332,74.75077264
20110317,0.0,14.07,39.2,19.51,19.69,2.04,2.78,24.25198332,74.75077264
20110318,0.0,14.64,39.19,20.13,19.06,5.0,5.81,24.25198332,74.75077264
20110319,0.0,12.85,36.83,18.99,17.84,6.38,6.26,24.25198332,74.75077264
20110320,0.0,24.63,36.13,18.35,17.78,2.03,3.17,24.25198332,74.75077264
20110321,0.0,17.98,36.44,17.74,18.7,3.06,5.33,24.25198332,74.75077264
20110322,0.0,16.09,35.65,17.65,18.0,3.63,3.17,24.25198332,74.75077264
20110323,0.0,18.25,35.77,19.64,16.13,3.3,4.26,24.25198332,74.75077264
20110324,0.0,21.06,35.61,17.98,17.64,1.76,4.84,24.25198332,74.75077264
20110325,0.0,17.97,36.3,17.63,18.67,2.8,6.2,24.25198332,74.75077264
20110326,0.0,14.32,37.33,18.08,19.25,1.97,3.58,24.25198332,74.75077264
20110327,0.0,11.16,38.85,21.21,17.64,3.15,6.67,24.25198332,74.75077264
20110328,0.0,12.26,38.75,19.73,19.02,4.07,4.3,24.25198332,74.75077264
20110329,0.0,17.74,37.25,19.43,17.82,2.75,4.4,24.25198332,74.75077264
20110330,0.0,17.59,37.11,20.06,17.05,2.7,6.24,24.25198332,74.75077264
20110331,0.0,18.63,35.8,19.77,16.03,2.86,3.8,24.25198332,74.75077264
20110401,0.0,18.22,36.75,19.84,16.91,2.85,4.72,24.25198332,74.75077264
20110402,0.0,19.73,36.4,19.65,16.74,1.63,3.38,24.25198332,74.75077264
20110403,0.0,13.72,35.39,18.8,16.59,2.82,6.35,24.25198332,74.75077264
20110404,0.0,15.78,34.79,18.38,16.42,3.99,5.52,24.25198332,74.75077264
20110405,0.0,12.75,36.61,17.96,18.65,3.61,6.44,24.25198332,74.75077264
20110406,0.0,13.43,36.9,19.25,17.66,2.98,5.94,24.25198332,74.75077264
20110407,0.02,13.58,37.9,21.14,16.76,3.6,7.15,24.25198332,74.75077264
20110408,0.0,14.8,38.32,19.46,18.86,3.92,7.16,24.25198332,74.75077264
20110409,0.0,17.74,38.19,20.36,17.83,2.38,4.71,24.25198332,74.75077264
20110410,0.0,17.77,39.49,23.14,16.35,1.67,4.9,24.25198332,74.75077264
20110411,0.0,20.87,39.02,23.07,15.95,5.29,7.81,24.25198332,74.75077264
20110412,0.0,23.95,39.35,23.08,16.26,3.52,5.66,24.25198332,74.75077264
20110413,0.0,26.87,37.89,22.48,15.41,3.33,6.15,24.25198332,74.75077264
20110414,0.0,21.55,37.84,25.14,12.7,2.62,4.12,24.25198332,74.75077264
20110415,0.0,18.12,39.35,22.46,16.89,2.96,5.1,24.25198332,74.75077264
20110416,0.0,17.76,40.39,23.62,16.77,1.79,4.32,24.25198332,74.75077264
20110417,0.01,24.33,39.28,25.21,14.07,5.41,6.06,24.25198332,74.75077264
20110418,0.0,25.34,37.59,23.87,13.72,2.88,6.28,24.25198332,74.75077264
20110419,0.0,14.73,38.59,20.56,18.03,4.07,7.74,24.25198332,74.75077264
20110420,0.0,13.52,38.35,20.1,18.25,4.83,8.5,24.25198332,74.75077264
20110421,0.0,15.08,39.03,21.49,17.55,4.08,5.54,24.25198332,74.75077264
20110422,0.0,22.96,39.18,22.12,17.06,3.64,6.09,24.25198332,74.75077264
20110423,0.0,13.38,40.2,22.62,17.58,2.69,6.81,24.25198332,74.75077264
20110424,0.0,11.01,41.45,21.87,19.58,3.05,7.02,24.25198332,74.75077264
20110425,0.0,10.43,42.01,23.54,18.47,2.47,5.48,24.25198332,74.75077264
20110426,0.0,9.79,43.0,22.8,20.2,1.5,4.71,24.25198332,74.75077264
20110427,0.0,11.62,42.72,23.42,19.3,1.52,4.09,24.25198332,74.75077264
20110428,0.0,14.34,42.67,24.35,18.31,2.02,4.59,24.25198332,74.75077264
20110429,0.0,19.29,42.4,25.85,16.55,2.31,5.18,24.25198332,74.75077264
20110430,0.09,22.69,41.34,27.14,14.2,4.25,7.42,24.25198332,74.75077264
20110501,0.07,21.74,42.08,26.36,15.72,4.9,8.07,24.25198332,74.75077264
20110502,0.0,21.0,41.18,25.58,15.6,6.67,6.58,24.25198332,74.75077264
20110503,0.0,25.87,40.88,25.46,15.43,3.25,3.63,24.25198332,74.75077264
20110504,0.0,29.48,38.74,24.56,14.18,2.14,2.67,24.25198332,74.75077264
20110505,0.0,30.54,39.48,25.13,14.35,1.98,4.74,24.25198332,74.75077264
20110506,0.0,24.66,39.51,24.79,14.73,3.67,5.16,24.25198332,74.75077264
20110507,0.0,20.77,40.16,23.59,16.57,2.78,6.07,24.25198332,74.75077264
20110508,0.0,21.75,41.82,25.31,16.51,2.36,5.11,24.25198332,74.75077264
20110509,0.0,18.66,42.25,26.63,15.63,2.26,3.73,24.25198332,74.75077264
20110510,0.0,20.33,41.28,24.8,16.48,3.34,3.69,24.25198332,74.75077264
20110511,0.0,24.94,41.77,25.24,16.53,2.28,3.47,24.25198332,74.75077264
20110512,0.0,28.36,41.3,25.2,16.1,2.96,2.71,24.25198332,74.75077264
20110513,0.0,29.88,40.99,25.98,15.01,3.54,4.53,24.25198332,74.75077264
20110514,0.0,25.9,41.9,26.08,15.81,2.39,2.62,24.25198332,74.75077264
20110515,0.0,22.83,42.71,26.54,16.16,2.07,5.3,24.25198332,74.75077264
20110516,0.02,24.66,42.45,28.17,14.28,3.15,6.07,24.25198332,74.75077264
20110517,0.0,20.76,44.16,29.1,15.06,5.51,8.64,24.25198332,74.75077264
20110518,0.0,19.84,44.33,29.78,14.56,3.88,6.05,24.25198332,74.75077264
20110519,0.0,24.43,42.32,27.69,14.63,4.54,3.96,24.25198332,74.75077264
20110520,0.0,35.32,41.28,25.86,15.42,3.27,3.77,24.25198332,74.75077264
20110521,0.0,42.7,40.48,25.66,14.82,2.74,4.34,24.25198332,74.75077264
20110522,0.01,45.95,39.71,26.39,13.32,3.87,5.08,24.25198332,74.75077264
20110523,0.09,43.86,39.71,26.28,13.43,4.32,4.51,24.25198332,74.75077264
20110524,0.01,40.85,40.58,26.26,14.32,3.14,3.94,24.25198332,74.75077264
20110525,0.0,34.98,41.88,26.63,15.26,3.47,4.83,24.25198332,74.75077264
20110526,0.0,31.99,41.96,27.73,14.22,2.24,3.21,24.25198332,74.75077264
20110527,2.17,26.53,42.84,27.88,14.97,4.15,6.84,24.25198332,74.75077264
20110528,1.02,25.51,42.63,27.73,14.9,2.93,5.52,24.25198332,74.75077264
20110529,0.0,23.64,43.31,28.78,14.52,3.02,5.63,24.25198332,74.75077264
20110530,0.0,23.42,42.97,28.77,14.2,3.28,3.15,24.25198332,74.75077264
20110531,0.0,32.11,41.63,27.71,13.92,3.7,5.01,24.25198332,74.75077264
20110601,0.0,37.47,40.89,26.69,14.2,6.1,5.9,24.25198332,74.75077264
20110602,0.21,35.13,40.31,28.23,12.08,5.68,8.12,24.25198332,74.75077264
20110603,0.8,31.39,40.88,29.08,11.8,4.22,5.34,24.25198332,74.75077264
20110604,0.09,29.24,42.34,28.49,13.85,5.36,7.77,24.25198332,74.75077264
20110605,0.01,24.99,43.81,28.79,15.02,4.58,6.7,24.25198332,74.75077264
20110606,0.0,23.87,44.99,29.97,15.02,3.7,5.67,24.25198332,74.75077264
20110607,0.17,28.68,44.77,30.26,14.51,4.2,6.43,24.25198332,74.75077264
20110608,0.1,33.18,43.53,29.94,13.59,6.58,7.02,24.25198332,74.75077264
20110609,0.02,31.27,43.64,30.73,12.91,2.86,3.81,24.25198332,74.75077264
20110610,0.0,30.85,43.17,29.81,13.36,4.38,5.53,24.25198332,74.75077264
20110611,0.04,37.05,42.26,30.0,12.26,4.07,5.1,24.25198332,74.75077264
20110612,0.0,43.4,42.13,27.11,15.01,5.18,7.0,24.25198332,74.75077264
20110613,0.21,44.54,40.36,27.25,13.11,5.54,7.62,24.25198332,74.75077264
20110614,14.11,49.25,40.59,28.21,12.38,5.62,7.81,24.25198332,74.75077264
20110615,1.73,55.09,37.34,26.37,10.97,5.05,4.75,24.25198332,74.75077264
20110616,0.06,53.7,38.15,26.27,11.88,2.85,2.1,24.25198332,74.75077264
20110617,0.03,50.57,38.6,26.12,12.48,3.61,4.81,24.25198332,74.75077264
20110618,0.01,49.79,37.72,26.65,11.07,5.86,6.12,24.25198332,74.75077264
20110619,0.76,48.32,38.57,27.61,10.96,4.58,6.65,24.25198332,74.75077264
20110620,1.86,45.5,39.64,27.62,12.02,4.22,4.47,24.25198332,74.75077264
20110621,2.93,50.62,37.03,27.48,9.55,5.33,7.37,24.25198332,74.75077264
20110622,27.75,67.79,33.86,26.95,6.91,7.53,8.8,24.25198332,74.75077264
20110623,38.42,83.41,29.29,24.81,4.48,2.68,2.67,24.25198332,74.75077264
20110624,13.76,74.2,31.91,24.5,7.4,4.63,3.78,24.25198332,74.75077264
20110625,3.35,64.93,34.93,24.94,9.99,5.51,5.06,24.25198332,74.75077264
20110626,0.18,67.81,32.8,25.1,7.7,3.38,6.16,24.25198332,74.75077264
20110627,1.51,73.04,31.05,25.29,5.76,4.23,4.85,24.25198332,74.75077264
20110628,36.9,76.48,31.13,25.34,5.79,4.05,3.16,24.25198332,74.75077264
20110629,6.16,71.69,31.88,24.43,7.44,3.85,4.08,24.25198332,74.75077264
20110630,0.12,65.2,34.21,24.34,9.87,3.41,4.25,24.25198332,74.75077264
20110701,0.0,62.92,35.02,24.84,10.18,3.59,2.96,24.25198332,74.75077264
20110702,0.19,63.82,34.4,24.89,9.51,4.22,6.1,24.25198332,74.75077264
20110703,0.09,64.49,33.71,24.9,8.81,4.19,6.35,24.25198332,74.75077264
20110704,1.78,63.13,34.3,24.58,9.72,5.07,6.63,24.25198332,74.75077264
20110705,6.53,69.79,31.76,24.67,7.09,3.95,6.99,24.25198332,74.75077264
20110706,5.28,71.23,32.73,24.71,8.03,4.29,6.86,24.25198332,74.75077264
20110707,4.26,68.5,34.73,25.2,9.52,3.53,5.64,24.25198332,74.75077264
20110708,22.95,81.66,30.71,25.05,5.66,3.35,4.89,24.25198332,74.75077264
20110709,14.91,87.98,27.52,23.88,3.64,1.96,2.71,24.25198332,74.75077264
20110710,13.98,79.82,31.0,23.47,7.53,1.41,1.75,24.25198332,74.75077264
20110711,2.96,74.27,32.6,23.76,8.84,2.08,2.96,24.25198332,74.75077264
20110712,1.56,72.42,33.65,23.98,9.67,4.46,6.06,24.25198332,74.75077264
20110713,11.24,78.58,31.42,24.84,6.58,3.93,5.44,24.25198332,74.75077264
20110714,8.82,81.74,31.51,24.76,6.74,1.96,2.54,24.25198332,74.75077264
20110715,10.4,87.47,30.25,25.18,5.07,3.85,3.26,24.25198332,74.75077264
20110716,5.73,86.16,29.9,24.28,5.62,3.35,4.61,24.25198332,74.75077264
20110717,3.65,78.37,31.44,24.49,6.95,3.35,4.92,24.25198332,74.75077264
20110718,2.41,75.89,32.32,24.33,7.98,2.95,2.91,24.25198332,74.75077264
20110719,8.91,80.56,32.0,24.23,7.76,4.69,5.29,24.25198332,74.75077264
20110720,11.36,78.91,31.62,24.31,7.3,3.22,2.23,24.25198332,74.75077264
20110721,0.43,77.96,31.54,23.75,7.8,2.01,1.51,24.25198332,74.75077264
20110722,6.73,80.34,30.01,23.85,6.15,3.14,2.43,24.25198332,74.75077264
20110723,23.06,86.79,28.32,23.99,4.33,4.44,3.59,24.25198332,74.75077264
20110724,19.5,86.29,30.48,24.05,6.42,4.15,4.58,24.25198332,74.75077264
20110725,6.13,88.01,29.01,24.42,4.59,0.92,2.93,24.25198332,74.75077264
20110726,0.25,78.71,32.51,23.68,8.83,2.92,3.59,24.25198332,74.75077264
20110727,0.57,77.95,32.42,25.06,7.36,4.8,6.82,24.25198332,74.75077264
20110728,11.68,86.27,29.76,24.72,5.04,4.33,5.87,24.25198332,74.75077264
20110729,13.46,83.91,30.98,24.75,6.23,2.08,4.53,24.25198332,74.75077264
20110730,3.01,88.16,28.91,24.34,4.57,2.59,2.58,24.25198332,74.75077264
20110731,2.65,85.18,30.55,23.87,6.68,2.02,4.14,24.25198332,74.75077264
20110801,22.21,86.08,30.37,24.22,6.15,3.14,3.24,24.25198332,74.75077264
20110802,3.97,88.43,29.24,24.49,4.75,3.11,3.82,24.25198332,74.75077264
20110803,15.07,83.31,30.91,23.79,7.12,3.38,5.17,24.25198332,74.75077264
20110804,3.67,85.12,29.78,23.89,5.89,3.54,5.42,24.25198332,74.75077264
20110805,2.88,87.92,29.54,23.99,5.55,1.83,2.14,24.25198332,74.75077264
20110806,7.49,88.58,28.56,23.94,4.63,2.48,2.71,24.25198332,74.75077264
20110807,9.58,86.47,30.14,24.08,6.06,3.38,2.81,24.25198332,74.75077264
20110808,30.55,92.61,26.71,24.08,2.64,1.87,1.92,24.25198332,74.75077264
20110809,31.68,90.36,29.01,23.84,5.18,2.29,3.12,24.25198332,74.75077264
20110810,2.3,88.28,28.15,23.29,4.86,3.36,3.82,24.25198332,74.75077264
20110811,2.11,86.56,29.49,23.09,6.4,2.76,2.92,24.25198332,74.75077264
20110812,6.68,87.29,29.54,23.61,5.93,3.88,3.3,24.25198332,74.75077264
20110813,11.29,91.06,29.15,23.03,6.12,1.71,3.06,24.25198332,74.75077264
20110814,4.98,90.39,28.9,23.61,5.3,2.97,4.45,24.25198332,74.75077264
20110815,10.0,91.18,27.4,23.44,3.96,4.13,4.3,24.25198332,74.75077264
20110816,7.14,88.03,29.74,24.31,5.43,4.23,3.74,24.25198332,74.75077264
20110817,1.82,85.56,29.67,23.65,6.02,2.08,2.0,24.25198332,74.75077264
20110818,0.32,84.55,30.74,23.38,7.36,2.63,4.36,24.25198332,74.75077264
20110819,1.41,84.34,30.25,23.0,7.25,3.23,5.01,24.25198332,74.75077264
20110820,7.56,81.3,30.34,23.0,7.34,0.97,2.71,24.25198332,74.75077264
20110821,2.26,81.29,30.25,23.21,7.04,1.44,2.5,24.25198332,74.75077264
20110822,0.07,82.63,31.23,23.2,8.03,1.23,3.77,24.25198332,74.75077264
20110823,20.93,87.27,30.41,24.22,6.19,2.12,3.72,24.25198332,74.75077264
20110824,33.08,89.53,27.99,24.66,3.33,2.82,4.86,24.25198332,74.75077264
20110825,35.39,86.76,29.32,23.53,5.8,2.47,4.38,24.25198332,74.75077264
20110826,27.1,87.92,29.79,23.44,6.35,1.6,2.71,24.25198332,74.75077264
20110827,12.96,88.74,30.09,23.54,6.56,3.26,3.83,24.25198332,74.75077264
20110828,7.6,87.66,30.63,24.32,6.31,4.2,4.39,24.25198332,74.75077264
20110829,16.21,90.39,28.66,24.19,4.47,1.68,2.15,24.25198332,74.75077264
20110830,10.75,90.98,28.82,24.59,4.23,2.21,1.73,24.25198332,74.75077264
20110831,7.87,89.57,29.0,24.27,4.73,3.05,3.11,24.25198332,74.75077264
20110901,9.69,90.22,29.13,24.16,4.97,1.46,1.99,24.25198332,74.75077264
20110902,7.65,89.48,28.76,23.78,4.98,2.68,2.3,24.25198332,74.75077264
20110903,17.71,89.56,29.67,23.22,6.44,2.85,4.61,24.25198332,74.75077264
20110904,14.02,91.44,28.99,24.14,4.85,2.59,2.23,24.25198332,74.75077264
20110905,7.7,90.22,29.26,23.49,5.77,2.51,2.88,24.25198332,74.75077264
20110906,7.22,93.63,27.91,23.25,4.66,4.65,4.86,24.25198332,74.75077264
20110907,1.65,90.64,28.65,23.35,5.3,3.85,3.8,24.25198332,74.75077264
20110908,1.19,88.67,28.27,22.83,5.44,3.59,2.85,24.25198332,74.75077264
20110909,1.31,88.05,29.09,22.98,6.11,2.48,2.1,24.25198332,74.75077264
20110910,8.79,88.76,29.0,22.9,6.1,1.92,3.63,24.25198332,74.75077264
20110911,37.65,89.85,28.34,23.35,4.99,3.4,4.2,24.25198332,74.75077264
20110912,20.61,91.24,28.82,23.24,5.58,2.93,1.88,24.25198332,74.75077264
20110913,0.06,87.88,29.74,22.73,7.01,1.83,1.94,24.25198332,74.75077264
20110914,3.06,86.66,29.93,22.75,7.17,1.82,3.03,24.25198332,74.75077264
20110915,4.19,89.49,29.1,23.65,5.45,1.13,2.5,24.25198332,74.75077264
20110916,3.48,90.79,28.29,23.49,4.8,1.24,2.25,24.25198332,74.75077264
20110917,0.86,88.66,28.86,22.72,6.14,2.5,1.57,24.25198332,74.75077264
20110918,2.21,88.09,29.03,22.23,6.8,2.6,1.57,24.25198332,74.75077264
20110919,1.9,86.43,29.54,22.13,7.4,1.8,3.18,24.25198332,74.75077264
20110920,4.37,86.92,28.83,21.81,7.02,1.89,3.29,24.25198332,74.75077264
20110921,3.27,85.18,29.01,21.35,7.66,2.04,3.61,24.25198332,74.75077264
20110922,1.77,84.62,28.67,20.71,7.96,1.69,2.66,24.25198332,74.75077264
20110923,0.27,80.7,29.84,20.74,9.1,1.72,4.41,24.25198332,74.75077264
20110924,0.2,81.64,30.14,20.38,9.75,1.13,2.19,24.25198332,74.75077264
20110925,0.01,82.39,29.53,20.39,9.14,0.82,2.64,24.25198332,74.75077264
20110926,0.0,83.81,29.16,20.38,8.78,1.8,3.46,24.25198332,74.75077264
20110927,0.0,84.27,29.03,18.78,10.24,1.56,3.56,24.25198332,74.75077264
20110928,0.0,84.23,29.29,18.5,10.79,1.2,3.28,24.25198332,74.75077264
20110929,0.0,81.57,29.8,18.91,10.9,1.42,4.5,24.25198332,74.75077264
20110930,0.01,79.72,30.21,19.41,10.8,1.52,4.62,24.25198332,74.75077264
20111001,0.0,80.81,29.92,19.27,10.65,2.0,4.06,24.25198332,74.75077264
20111002,0.0,79.47,29.23,17.76,11.47,2.0,3.14,24.25198332,74.75077264
20111003,0.0,82.67,28.58,17.68,10.89,2.18,3.23,24.25198332,74.75077264
20111004,0.0,81.53,28.46,17.09,11.37,1.13,4.04,24.25198332,74.75077264
20111005,0.0,71.6,29.74,17.63,12.11,2.09,4.79,24.25198332,74.75077264
20111006,0.0,67.01,30.63,20.13,10.5,1.04,1.26,24.25198332,74.75077264
20111007,0.0,66.9,30.6,20.2,10.4,2.11,3.0,24.25198332,74.75077264
20111008,0.0,66.8,30.96,20.47,10.49,2.1,2.51,24.25198332,74.75077264
20111009,0.0,63.77,31.22,20.07,11.16,2.19,2.84,24.25198332,74.75077264
20111010,0.0,65.12,31.08,19.36,11.72,1.36,2.54,24.25198332,74.75077264
20111011,0.0,66.98,30.84,20.47,10.37,0.97,2.7,24.25198332,74.75077264
20111012,0.0,65.64,30.47,21.11,9.36,2.25,4.02,24.25198332,74.75077264
20111013,0.0,62.3,31.15,21.53,9.62,1.16,1.91,24.25198332,74.75077264
20111014,0.0,58.08,31.61,22.0,9.62,0.83,1.1,24.25198332,74.75077264
20111015,0.0,62.5,31.18,19.98,11.2,1.84,3.25,24.25198332,74.75077264
20111016,0.0,59.25,32.2,21.45,10.75,1.42,3.67,24.25198332,74.75077264
20111017,0.42,66.4,31.52,19.31,12.21,1.29,3.68,24.25198332,74.75077264
20111018,0.06,62.49,31.59,19.69,11.9,1.6,3.54,24.25198332,74.75077264
20111019,0.0,52.59,30.4,18.97,11.43,2.13,3.63,24.25198332,74.75077264
20111020,0.01,52.17,30.78,18.42,12.36,1.41,2.33,24.25198332,74.75077264
20111021,0.0,57.44,30.87,20.56,10.3,1.06,1.59,24.25198332,74.75077264
20111022,0.0,60.19,30.27,17.19,13.08,1.16,3.01,24.25198332,74.75077264
20111023,0.0,60.13,30.63,16.57,14.05,2.25,4.31,24.25198332,74.75077264
20111024,0.0,53.67,30.53,18.1,12.43,2.0,3.44,24.25198332,74.75077264
20111025,0.0,52.28,30.79,18.53,12.26,1.33,1.36,24.25198332,74.75077264
20111026,0.0,55.88,30.7,16.61,14.09,1.83,3.09,24.25198332,74.75077264
20111027,0.0,54.46,30.69,16.73,13.96,1.94,4.2,24.25198332,74.75077264
20111028,0.0,59.27,29.69,15.53,14.16,1.28,4.21,24.25198332,74.75077264
20111029,0.0,55.64,29.47,14.97,14.49,0.86,3.95,24.25198332,74.75077264
20111030,0.0,52.12,28.99,14.62,14.36,1.13,3.05,24.25198332,74.75077264
20111031,0.0,53.49,28.82,14.67,14.16,0.97,2.83,24.25198332,74.75077264
20111101,0.0,53.96,29.61,15.27,14.34,0.86,2.18,24.25198332,74.75077264
20111102,0.0,51.42,29.94,14.65,15.29,1.63,2.71,24.25198332,74.75077264
20111103,0.0,51.62,29.88,15.17,14.71,1.6,3.2,24.25198332,74.75077264
20111104,0.0,52.81,30.15,16.85,13.3,0.9,1.88,24.25198332,74.75077264
20111105,0.0,52.66,31.26,17.32,13.94,1.43,2.86,24.25198332,74.75077264
20111106,0.0,52.02,31.44,17.36,14.08,1.21,2.13,24.25198332,74.75077264
20111107,0.0,48.63,31.86,17.83,14.03,1.85,2.05,24.25198332,74.75077264
20111108,0.0,52.54,31.44,18.83,12.61,2.33,4.46,24.25198332,74.75077264
20111109,0.0,52.83,30.99,17.05,13.94,1.75,3.19,24.25198332,74.75077264
20111110,0.0,48.19,31.41,17.59,13.82,1.1,1.68,24.25198332,74.75077264
20111111,0.0,49.99,31.92,17.26,14.66,1.66,3.69,24.25198332,74.75077264
20111112,0.0,57.36,31.37,16.64,14.73,2.09,4.14,24.25198332,74.75077264
20111113,0.0,53.66,31.48,16.65,14.83,1.73,4.23,24.25198332,74.75077264
20111114,0.0,51.31,31.0,15.86,15.14,2.14,4.52,24.25198332,74.75077264
20111115,0.0,46.95,30.97,15.27,15.7,1.88,3.91,24.25198332,74.75077264
20111116,0.0,41.11,31.1,16.9,14.2,1.93,3.05,24.25198332,74.75077264
20111117,0.0,41.45,31.23,15.98,15.25,1.17,1.4,24.25198332,74.75077264
20111118,0.0,41.4,31.73,16.13,15.6,1.06,1.66,24.25198332,74.75077264
20111119,0.0,42.4,32.01,16.67,15.34,1.53,2.47,24.25198332,74.75077264
20111120,0.0,45.98,31.77,15.68,16.09,1.49,3.66,24.25198332,74.75077264
20111121,0.0,50.27,31.05,14.53,16.52,2.71,4.47,24.25198332,74.75077264
20111122,0.0,53.71,29.47,14.13,15.34,1.98,3.88,24.25198332,74.75077264
20111123,0.0,58.0,27.99,12.93,15.06,2.28,3.74,24.25198332,74.75077264
20111124,0.0,65.29,28.0,13.3,14.7,3.32,5.83,24.25198332,74.75077264
20111125,0.0,62.36,28.0,13.35,14.64,1.98,5.49,24.25198332,74.75077264
20111126,0.0,58.98,28.68,13.58,15.1,2.09,5.19,24.25198332,74.75077264
20111127,0.0,61.44,28.77,14.46,14.31,2.76,5.93,24.25198332,74.75077264
20111128,0.0,59.96,28.89,15.66,13.24,1.2,4.47,24.25198332,74.75077264
20111129,0.0,53.21,29.09,15.0,14.08,1.58,3.92,24.25198332,74.75077264
20111130,0.0,45.58,30.62,13.79,16.83,1.89,4.64,24.25198332,74.75077264
20111201,0.0,40.8,29.62,13.96,15.65,1.73,4.44,24.25198332,74.75077264
20111202,0.0,41.37,29.06,12.39,16.66,1.23,4.44,24.25198332,74.75077264
20111203,0.0,43.2,30.59,13.68,16.91,2.62,5.41,24.25198332,74.75077264
20111204,0.0,45.47,31.52,16.28,15.24,1.77,2.09,24.25198332,74.75077264
20111205,0.0,45.55,30.93,16.5,14.42,2.0,2.28,24.25198332,74.75077264
20111206,0.0,44.5,31.07,16.71,14.36,3.56,4.26,24.25198332,74.75077264
20111207,0.0,37.32,30.58,14.82,15.76,2.72,3.88,24.25198332,74.75077264
20111208,0.0,39.5,30.76,13.25,17.51,2.71,5.02,24.25198332,74.75077264
20111209,0.0,42.03,28.51,12.2,16.31,3.22,6.69,24.25198332,74.75077264
20111210,0.0,36.25,27.37,11.49,15.88,1.26,4.86,24.25198332,74.75077264
20111211,0.0,29.16,25.93,7.78,18.16,1.19,3.71,24.25198332,74.75077264
20111212,0.0,33.02,26.75,8.03,18.71,1.89,4.03,24.25198332,74.75077264
20111213,0.0,38.44,26.52,7.8,18.72,1.35,4.49,24.25198332,74.75077264
20111214,0.0,35.63,27.95,8.72,19.23,2.63,6.09,24.25198332,74.75077264
20111215,0.0,33.86,27.97,9.2,18.77,3.26,7.06,24.25198332,74.75077264
20111216,0.0,32.52,27.94,9.05,18.89,3.66,7.7,24.25198332,74.75077264
20111217,0.0,33.2,28.68,9.2,19.48,2.72,5.84,24.25198332,74.75077264
20111218,0.0,36.8,28.06,9.6,18.45,1.85,4.67,24.25198332,74.75077264
20111219,0.0,36.19,27.43,9.31,18.12,2.56,4.38,24.25198332,74.75077264
20111220,0.0,23.68,27.81,10.99,16.82,2.62,5.13,24.25198332,74.75077264
20111221,0.0,32.46,26.61,8.66,17.94,4.0,7.06,24.25198332,74.75077264
20111222,0.0,43.31,27.06,9.8,17.26,3.79,7.61,24.25198332,74.75077264
20111223,0.0,45.32,27.28,10.48,16.8,3.94,7.65,24.25198332,74.75077264
20111224,0.0,38.98,28.77,9.92,18.85,2.8,5.84,24.25198332,74.75077264
20111225,0.0,34.93,28.42,10.36,18.05,2.81,3.3,24.25198332,74.75077264
20111226,0.0,31.02,28.12,9.81,18.31,1.24,1.74,24.25198332,74.75077264
20111227,0.0,35.92,26.92,8.81,18.11,4.42,8.02,24.25198332,74.75077264
20111228,0.0,42.15,26.23,8.8,17.43,3.3,5.5,24.25198332,74.75077264
20111229,0.0,38.08,24.97,8.65,16.32,1.61,4.83,24.25198332,74.75077264
20111230,0.0,37.45,25.62,8.84,16.79,3.82,7.66,24.25198332,74.75077264
20111231,0.63,47.84,25.3,9.66,15.64,1.58,3.68,24.25198332,74.75077264
20120101,0.62,65.97,23.06,11.26,11.8,2.49,4.78,24.25198332,74.75077264
20120102,0.01,53.93,24.07,9.39,14.69,1.48,4.89,24.25198332,74.75077264
20120103,0.0,48.63,25.72,8.74,16.98,3.82,7.44,24.25198332,74.75077264
20120104,0.0,38.73,27.29,8.99,18.3,2.85,5.56,24.25198332,74.75077264
20120105,0.0,48.46,25.76,11.75,14.01,4.66,5.55,24.25198332,74.75077264
20120106,0.0,49.7,26.32,13.41,12.91,5.66,6.59,24.25198332,74.75077264
20120107,0.0,33.96,24.7,9.34,15.36,3.58,6.17,24.25198332,74.75077264
20120108,0.0,27.97,23.16,6.51,16.65,3.23,7.0,24.25198332,74.75077264
20120109,0.0,24.77,22.97,5.0,17.97,1.96,5.05,24.25198332,74.75077264
20120110,0.0,31.73,22.99,5.83,17.16,1.93,5.88,24.25198332,74.75077264
20120111,0.0,28.79,23.83,5.46,18.36,1.24,4.87,24.25198332,74.75077264
20120112,0.0,29.61,24.81,7.08,17.73,1.31,4.56,24.25198332,74.75077264
20120113,0.0,22.39,26.28,7.53,18.76,3.25,6.51,24.25198332,74.75077264
20120114,0.0,19.19,27.1,8.64,18.47,1.86,2.76,24.25198332,74.75077264
20120115,0.0,29.45,27.79,12.39,15.4,5.65,7.72,24.25198332,74.75077264
20120116,0.0,54.64,26.17,11.02,15.16,6.13,5.92,24.25198332,74.75077264
20120117,0.0,42.33,24.59,9.65,14.94,1.75,2.76,24.25198332,74.75077264
20120118,0.0,31.61,22.91,6.44,16.47,3.6,5.82,24.25198332,74.75077264
20120119,0.0,30.06,22.18,5.86,16.32,2.25,4.17,24.25198332,74.75077264
20120120,0.0,32.37,21.9,5.65,16.25,3.0,5.39,24.25198332,74.75077264
20120121,0.0,28.31,24.49,5.79,18.7,3.8,7.0,24.25198332,74.75077264
20120122,0.0,31.61,26.27,7.16,19.11,2.46,4.73,24.25198332,74.75077264
20120123,0.0,28.53,26.48,9.44,17.05,2.6,4.05,24.25198332,74.75077264
20120124,0.0,32.22,26.07,9.51,16.55,2.99,6.18,24.25198332,74.75077264
20120125,0.0,34.42,26.8,9.12,17.69,2.36,5.54,24.25198332,74.75077264
20120126,0.0,37.16,26.09,10.89,15.2,2.12,6.28,24.25198332,74.75077264
20120127,0.0,42.99,25.99,9.62,16.36,3.95,6.65,24.25198332,74.75077264
20120128,0.0,41.8,25.44,9.39,16.05,4.54,8.09,24.25198332,74.75077264
20120129,0.0,40.14,24.05,9.61,14.43,3.24,2.8,24.25198332,74.75077264
20120130,0.0,34.79,25.51,8.73,16.78,3.62,7.05,24.25198332,74.75077264
20120131,0.0,26.14,25.4,9.32,16.08,2.08,6.23,24.25198332,74.75077264
20120201,0.0,20.53,25.0,6.55,18.45,1.43,5.17,24.25198332,74.75077264
20120202,0.0,19.08,27.77,8.16,19.61,3.38,7.13,24.25198332,74.75077264
20120203,0.0,21.9,29.62,9.48,20.14,1.73,3.58,24.25198332,74.75077264
20120204,0.0,28.22,27.59,13.7,13.9,7.92,9.44,24.25198332,74.75077264
20120205,0.0,43.86,27.2,12.19,15.0,2.01,3.65,24.25198332,74.75077264
20120206,0.0,31.3,27.82,9.77,18.05,3.38,3.95,24.25198332,74.75077264
20120207,0.0,25.16,26.54,8.75,17.79,4.16,7.26,24.25198332,74.75077264
20120208,0.0,13.6,22.28,4.48,17.8,2.49,5.58,24.25198332,74.75077264
20120209,0.0,13.21,23.29,3.52,19.77,1.71,5.05,24.25198332,74.75077264
20120210,0.0,11.75,25.96,5.15,20.81,1.3,5.15,24.25198332,74.75077264
20120211,0.0,14.71,29.23,7.65,21.58,3.55,7.06,24.25198332,74.75077264
20120212,0.0,19.74,29.46,9.75,19.72,3.92,4.92,24.25198332,74.75077264
20120213,0.0,40.15,29.12,12.87,16.25,3.92,4.17,24.25198332,74.75077264
20120214,0.0,29.26,28.4,11.15,17.25,4.42,6.89,24.25198332,74.75077264
20120215,0.0,25.36,28.0,10.94,17.07,3.77,7.22,24.25198332,74.75077264
20120216,0.0,30.63,25.04,8.37,16.67,3.72,4.23,24.25198332,74.75077264
20120217,0.0,28.31,27.38,9.67,17.72,4.86,5.58,24.25198332,74.75077264
20120218,0.0,23.42,30.01,10.34,19.67,3.88,6.96,24.25198332,74.75077264
20120219,0.0,21.65,31.75,11.69,20.06,3.55,7.0,24.25198332,74.75077264
20120220,0.0,20.51,33.83,14.63,19.2,4.65,7.04,24.25198332,74.75077264
20120221,0.0,23.35,33.13,14.29,18.85,5.04,4.33,24.25198332,74.75077264
20120222,0.0,30.85,32.78,15.63,17.15,6.13,7.23,24.25198332,74.75077264
20120223,0.0,19.65,32.25,13.09,19.16,4.81,7.34,24.25198332,74.75077264
20120224,0.0,14.07,30.94,10.95,19.99,3.97,5.55,24.25198332,74.75077264
20120225,0.0,11.83,31.89,9.95,21.93,4.63,5.94,24.25198332,74.75077264
20120226,0.0,13.25,32.34,10.55,21.8,4.5,7.08,24.25198332,74.75077264
20120227,0.0,12.1,33.29,14.17,19.11,2.25,3.63,24.25198332,74.75077264
20120228,0.0,14.17,31.35,12.65,18.7,4.33,7.26,24.25198332,74.75077264
20120229,0.0,14.53,31.62,12.36,19.27,3.03,6.45,24.25198332,74.75077264
20120301,0.0,20.64,31.28,12.8,18.47,2.61,4.95,24.25198332,74.75077264
20120302,0.0,24.41,31.97,14.09,17.88,1.58,4.68,24.25198332,74.75077264
20120303,0.0,27.33,33.34,15.21,18.13,1.72,5.09,24.25198332,74.75077264
20120304,0.0,29.01,34.84,16.0,18.84,3.98,3.37,24.25198332,74.75077264
20120305,0.0,23.59,34.89,16.19,18.7,5.49,5.48,24.25198332,74.75077264
20120306,0.0,22.53,31.63,15.38,16.24,7.23,7.68,24.25198332,74.75077264
20120307,0.0,13.77,30.94,12.91,18.03,3.27,6.99,24.25198332,74.75077264
20120308,0.0,7.85,29.94,10.88,19.06,5.19,7.36,24.25198332,74.75077264
20120309,0.0,8.03,27.91,8.5,19.41,1.79,6.11,24.25198332,74.75077264
20120310,0.0,9.67,29.35,9.51,19.84,2.95,7.3,24.25198332,74.75077264
20120311,0.0,11.76,32.77,10.7,22.07,3.09,5.05,24.25198332,74.75077264
20120312,0.0,12.12,32.78,14.06,18.72,7.57,9.67,24.25198332,74.75077264
20120313,0.0,19.32,31.0,13.28,17.72,2.69,4.16,24.25198332,74.75077264
20120314,0.0,13.29,32.56,12.15,20.41,3.18,6.9,24.25198332,74.75077264
20120315,0.0,12.74,35.63,14.57,21.06,2.61,4.85,24.25198332,74.75077264
20120316,0.0,14.28,37.66,16.53,21.13,4.47,7.19,24.25198332,74.75077264
20120317,0.0,17.23,37.23,17.82,19.41,4.4,5.97,24.25198332,74.75077264
20120318,0.0,19.61,37.07,18.49,18.58,3.2,4.92,24.25198332,74.75077264
20120319,0.0,15.74,38.83,18.66,20.17,2.4,5.79,24.25198332,74.75077264
20120320,0.0,11.59,38.82,18.45,20.37,1.8,4.48,24.25198332,74.75077264
20120321,0.0,5.98,33.86,14.8,19.06,2.87,7.82,24.25198332,74.75077264
20120322,0.0,7.28,35.14,13.17,21.97,2.7,6.89,24.25198332,74.75077264
20120323,0.0,6.72,37.65,14.47,23.17,3.48,6.71,24.25198332,74.75077264
20120324,0.0,5.72,37.95,15.71,22.24,2.57,4.55,24.25198332,74.75077264
20120325,0.0,6.75,37.91,18.9,19.01,2.79,4.7,24.25198332,74.75077264
20120326,0.0,11.42,38.52,17.88,20.64,3.52,5.98,24.25198332,74.75077264
20120327,0.0,18.72,38.64,22.31,16.33,6.2,8.01,24.25198332,74.75077264
20120328,0.0,18.53,38.84,20.87,17.97,2.32,6.03,24.25198332,74.75077264
20120329,0.0,18.77,38.09,20.61,17.48,2.29,5.61,24.25198332,74.75077264
20120330,0.0,16.53,38.46,19.45,19.02,3.1,6.73,24.25198332,74.75077264
20120331,0.0,16.86,40.02,23.99,16.02,1.88,3.61,24.25198332,74.75077264
20120401,0.0,18.06,40.78,24.19,16.59,2.21,3.72,24.25198332,74.75077264
20120402,0.0,15.08,41.13,23.83,17.3,4.27,8.46,24.25198332,74.75077264
20120403,0.0,15.65,40.74,24.54,16.2,5.21,8.4,24.25198332,74.75077264
20120404,0.44,18.28,40.13,23.88,16.25,1.55,3.94,24.25198332,74.75077264
20120405,0.78,19.14,40.0,25.36,14.65,3.35,6.45,24.25198332,74.75077264
20120406,1.2,19.83,39.65,23.11,16.53,1.7,3.99,24.25198332,74.75077264
20120407,0.0,16.72,39.81,22.61,17.2,2.5,5.35,24.25198332,74.75077264
20120408,0.0,18.43,40.41,23.34,17.07,3.41,7.0,24.25198332,74.75077264
20120409,0.0,16.48,41.39,25.17,16.23,6.99,8.7,24.25198332,74.75077264
20120410,0.0,19.2,41.75,23.04,18.71,2.99,6.02,24.25198332,74.75077264
20120411,1.79,20.84,39.8,23.91,15.89,4.23,4.68,24.25198332,74.75077264
20120412,0.3,24.38,37.43,24.3,13.13,4.5,4.87,24.25198332,74.75077264
20120413,1.62,26.69,37.12,22.43,14.69,4.11,2.63,24.25198332,74.75077264
20120414,0.51,28.37,36.84,21.77,15.06,3.85,3.83,24.25198332,74.75077264
20120415,0.11,31.11,37.98,21.75,16.23,3.33,5.86,24.25198332,74.75077264
20120416,0.0,25.6,38.22,21.99,16.22,3.32,6.71,24.25198332,74.75077264
20120417,0.0,25.36,37.21,23.66,13.55,2.74,4.89,24.25198332,74.75077264
20120418,0.08,29.76,35.68,23.68,12.0,4.09,5.53,24.25198332,74.75077264
20120419,0.0,26.72,36.31,23.81,12.5,2.66,5.04,24.25198332,74.75077264
20120420,1.49,34.27,35.4,23.83,11.57,3.28,5.9,24.25198332,74.75077264
20120421,0.07,31.33,37.0,22.32,14.68,3.54,5.77,24.25198332,74.75077264
20120422,0.0,27.98,37.52,21.99,15.53,6.32,8.02,24.25198332,74.75077264
20120423,0.0,22.66,38.13,21.64,16.49,3.33,6.95,24.25198332,74.75077264
20120424,0.0,25.31,38.13,22.43,15.69,2.88,5.96,24.25198332,74.75077264
20120425,0.0,24.31,37.98,22.79,15.19,3.32,6.21,24.25198332,74.75077264
20120426,0.0,20.81,39.84,24.18,15.66,4.19,6.72,24.25198332,74.75077264
20120427,0.0,22.06,38.12,23.27,14.84,1.98,5.14,24.25198332,74.75077264
20120428,0.0,19.28,39.65,23.44,16.21,5.54,7.88,24.25198332,74.75077264
20120429,0.0,17.85,39.68,23.54,16.14,4.61,3.86,24.25198332,74.75077264
20120430,0.0,15.04,39.28,22.41,16.86,6.18,6.3,24.25198332,74.75077264
20120501,0.0,10.52,39.26,22.23,17.03,3.74,6.94,24.25198332,74.75077264
20120502,0.0,11.57,39.69,21.58,18.11,4.03,6.33,24.25198332,74.75077264
20120503,1.12,14.54,40.89,23.02,17.87,3.33,5.25,24.25198332,74.75077264
20120504,1.22,27.26,39.65,23.86,15.79,3.62,2.48,24.25198332,74.75077264
20120505,4.07,30.9,40.0,23.77,16.23,3.49,4.9,24.25198332,74.75077264
20120506,2.25,38.38,39.3,23.53,15.76,3.5,4.14,24.25198332,74.75077264
20120507,2.59,41.11,39.8,23.75,16.05,5.25,8.16,24.25198332,74.75077264
20120508,2.62,37.53,39.74,24.79,14.95,3.73,6.97,24.25198332,74.75077264
20120509,1.85,37.84,40.12,25.66,14.46,2.72,4.55,24.25198332,74.75077264
20120510,1.14,30.92,41.06,27.21,13.85,2.64,4.52,24.25198332,74.75077264
20120511,0.07,30.59,40.16,26.06,14.09,3.93,5.62,24.25198332,74.75077264
20120512,0.0,31.96,40.17,25.76,14.41,3.65,3.59,24.25198332,74.75077264
20120513,0.0,34.42,38.05,25.56,12.49,4.06,5.22,24.25198332,74.75077264
20120514,0.0,30.57,39.47,25.63,13.83,1.44,2.81,24.25198332,74.75077264
20120515,0.0,24.9,40.85,26.0,14.85,3.29,4.93,24.25198332,74.75077264
20120516,0.0,23.0,41.1,25.68,15.41,2.49,4.2,24.25198332,74.75077264
20120517,0.0,24.4,41.1,24.65,16.45,2.77,2.83,24.25198332,74.75077264
20120518,0.72,27.05,42.39,26.25,16.14,2.71,5.69,24.25198332,74.75077264
20120519,0.19,26.35,41.98,27.29,14.69,3.46,5.87,24.25198332,74.75077264
20120520,0.21,19.39,42.98,27.38,15.6,4.31,7.42,24.25198332,74.75077264
20120521,0.23,20.72,42.64,27.57,15.08,2.81,3.79,24.25198332,74.75077264
20120522,0.03,25.11,42.2,27.09,15.12,3.7,4.53,24.25198332,74.75077264
20120523,0.05,23.18,42.68,27.02,15.66,2.49,4.55,24.25198332,74.75077264
20120524,0.0,23.33,43.37,26.9,16.47,2.46,4.54,24.25198332,74.75077264
20120525,0.0,23.97,42.48,27.8,14.68,4.19,2.52,24.25198332,74.75077264
20120526,0.0,21.64,42.22,27.4,14.82,3.32,3.56,24.25198332,74.75077264
20120527,0.0,25.23,41.99,27.45,14.54,2.13,4.09,24.25198332,74.75077264
20120528,0.0,22.36,42.98,27.91,15.06,2.2,3.23,24.25198332,74.75077264
20120529,0.0,20.73,43.59,27.32,16.27,1.81,4.21,24.25198332,74.75077264
20120530,0.0,21.84,44.08,27.66,16.42,2.24,4.93,24.25198332,74.75077264
20120531,0.0,27.98,43.67,27.18,16.48,3.62,6.06,24.25198332,74.75077264
20120601,0.0,32.4,42.82,26.69,16.14,3.22,3.22,24.25198332,74.75077264
20120602,0.0,35.52,40.93,26.83,14.1,3.88,3.42,24.25198332,74.75077264
20120603,0.0,35.23,39.67,26.69,12.98,3.32,3.22,24.25198332,74.75077264
20120604,0.29,38.3,39.7,25.78,13.92,5.78,5.25,24.25198332,74.75077264
20120605,2.3,35.0,41.37,27.53,13.85,4.64,3.66,24.25198332,74.75077264
20120606,1.45,31.57,39.94,27.49,12.45,4.72,7.3,24.25198332,74.75077264
20120607,5.2,47.95,34.43,26.82,7.61,5.32,5.57,24.25198332,74.75077264
20120608,0.3,41.0,39.22,25.68,13.54,5.63,6.5,24.25198332,74.75077264
20120609,1.61,41.89,39.24,26.15,13.09,3.26,3.55,24.25198332,74.75077264
20120610,0.01,44.53,38.91,26.44,12.47,3.49,4.85,24.25198332,74.75077264
20120611,0.94,48.64,38.06,26.06,12.0,5.61,5.97,24.25198332,74.75077264
20120612,0.32,42.04,39.1,28.04,11.06,3.51,4.36,24.25198332,74.75077264
20120613,0.13,36.1,41.32,28.2,13.12,4.06,4.47,24.25198332,74.75077264
20120614,0.39,39.99,40.01,29.68,10.33,2.81,3.85,24.25198332,74.75077264
20120615,2.7,46.27,38.31,29.29,9.01,4.53,5.43,24.25198332,74.75077264
20120616,2.91,57.2,36.64,27.93,8.71,1.53,2.37,24.25198332,74.75077264
20120617,0.58,56.93,36.23,26.24,9.99,4.06,3.94,24.25198332,74.75077264
20120618,1.38,50.6,38.52,25.94,12.58,3.65,4.95,24.25198332,74.75077264
20120619,0.08,46.96,39.08,26.09,12.99,3.84,4.96,24.25198332,74.75077264
20120620,0.0,46.73,38.57,26.02,12.55,2.86,3.23,24.25198332,74.75077264
20120621,0.0,46.6,39.58,26.28,13.3,2.56,3.32,24.25198332,74.75077264
20120622,0.1,44.53,40.06,26.3,13.77,4.63,6.78,24.25198332,74.75077264
20120623,0.08,45.03,39.29,26.84,12.46,4.06,4.86,24.25198332,74.75077264
20120624,0.0,45.8,39.73,26.62,13.11,3.0,4.71,24.25198332,74.75077264
20120625,0.0,45.15,39.62,27.26,12.37,2.12,3.45,24.25198332,74.75077264
20120626,0.0,45.3,38.6,26.55,12.05,2.55,2.4,24.25198332,74.75077264
20120627,0.0,43.32,39.32,26.49,12.83,3.27,3.37,24.25198332,74.75077264
20120628,0.05,40.38,40.56,27.32,13.24,3.8,5.5,24.25198332,74.75077264
20120629,0.1,39.57,41.05,28.47,12.58,4.24,5.85,24.25198332,74.75077264
20120630,0.01,40.84,40.56,27.74,12.82,4.62,6.37,24.25198332,74.75077264
20120701,10.35,49.18,39.26,27.81,11.44,5.39,7.52,24.25198332,74.75077264
20120702,17.5,63.05,36.49,25.79,10.7,3.49,5.72,24.25198332,74.75077264
20120703,5.71,58.51,39.89,26.06,13.83,4.3,6.74,24.25198332,74.75077264
20120704,8.54,72.11,33.82,25.46,8.36,3.04,4.26,24.25198332,74.75077264
20120705,9.4,73.88,32.84,24.83,8.02,1.94,2.9,24.25198332,74.75077264
20120706,15.25,74.87,32.67,24.58,8.09,2.01,2.49,24.25198332,74.75077264
20120707,3.72,78.48,30.4,24.73,5.68,3.38,3.6,24.25198332,74.75077264
20120708,1.65,71.1,33.84,24.46,9.38,4.29,4.74,24.25198332,74.75077264
20120709,20.63,81.63,30.33,24.97,5.36,5.0,4.7,24.25198332,74.75077264
20120710,87.75,90.7,28.4,25.18,3.22,2.59,1.81,24.25198332,74.75077264
20120711,11.63,83.1,31.74,24.64,7.1,1.79,2.82,24.25198332,74.75077264
20120712,0.22,79.74,32.02,24.36,7.66,2.07,2.24,24.25198332,74.75077264
20120713,0.09,80.81,30.85,24.84,6.02,2.4,2.74,24.25198332,74.75077264
20120714,0.36,75.88,32.61,24.06,8.55,4.19,2.97,24.25198332,74.75077264
20120715,0.13,76.07,32.57,24.07,8.5,3.17,2.3,24.25198332,74.75077264
20120716,0.73,74.63,32.68,23.87,8.81,3.75,3.84,24.25198332,74.75077264
20120717,0.17,76.03,32.76,23.93,8.83,2.83,5.09,24.25198332,74.75077264
20120718,0.0,73.94,33.96,24.32,9.64,3.56,4.7,24.25198332,74.75077264
20120719,0.0,73.63,33.73,23.97,9.76,4.53,3.58,24.25198332,74.75077264
20120720,0.0,73.91,32.93,24.19,8.74,4.37,6.14,24.25198332,74.75077264
20120721,7.14,73.85,33.34,24.85,8.49,4.26,5.18,24.25198332,74.75077264
20120722,4.58,72.35,33.58,24.95,8.63,2.08,3.28,24.25198332,74.75077264
20120723,2.25,75.29,33.39,24.35,9.04,2.01,2.07,24.25198332,74.75077264
20120724,0.85,79.46,29.36,23.86,5.5,4.11,2.98,24.25198332,74.75077264
20120725,0.08,73.41,32.68,23.79,8.9,4.97,4.57,24.25198332,74.75077264
20120726,2.53,73.25,32.83,23.91,8.91,4.01,3.19,24.25198332,74.75077264
20120727,8.71,78.18,30.91,24.38,6.53,3.77,3.64,24.25198332,74.75077264
20120728,30.2,81.09,31.1,24.06,7.04,2.17,2.48,24.25198332,74.75077264
20120729,6.44,82.24,29.6,23.49,6.11,2.55,3.34,24.25198332,74.75077264
20120730,3.01,81.01,28.62,22.97,5.66,4.26,3.54,24.25198332,74.75077264
20120731,4.77,80.27,30.63,22.74,7.89,2.81,1.69,24.25198332,74.75077264
20120801,0.79,77.51,31.93,23.18,8.75,3.29,4.4,24.25198332,74.75077264
20120802,0.03,74.48,31.5,23.68,7.82,3.06,2.31,24.25198332,74.75077264
20120803,0.0,73.62,31.95,23.17,8.78,4.27,2.88,24.25198332,74.75077264
20120804,0.0,72.24,32.94,23.63,9.31,4.25,2.89,24.25198332,74.75077264
20120805,0.67,72.29,33.0,23.7,9.3,3.14,4.82,24.25198332,74.75077264
20120806,8.6,72.6,32.96,24.23,8.73,5.21,6.19,24.25198332,74.75077264
20120807,17.04,81.31,29.86,24.32,5.55,2.71,3.2,24.25198332,74.75077264
20120808,12.4,86.81,28.9,23.63,5.27,3.46,3.7,24.25198332,74.75077264
20120809,15.35,87.53,28.35,23.82,4.53,3.91,4.08,24.25198332,74.75077264
20120810,19.17,84.94,29.74,23.12,6.62,3.58,4.99,24.25198332,74.75077264
20120811,33.89,91.45,27.11,23.63,3.48,4.41,4.58,24.25198332,74.75077264
20120812,32.61,92.42,27.92,23.71,4.21,2.35,1.04,24.25198332,74.75077264
20120813,12.66,91.93,27.88,23.79,4.09,1.76,2.79,24.25198332,74.75077264
20120814,10.41,89.66,28.66,23.27,5.39,1.74,1.02,24.25198332,74.75077264
20120815,10.95,87.63,29.14,22.56,6.58,2.44,2.45,24.25198332,74.75077264
20120816,4.07,86.0,29.7,22.82,6.88,2.7,1.51,24.25198332,74.75077264
20120817,0.72,84.43,29.46,22.68,6.78,2.39,1.25,24.25198332,74.75077264
20120818,0.26,83.44,30.5,22.48,8.01,2.28,3.0,24.25198332,74.75077264
20120819,0.06,84.09,30.21,23.0,7.21,2.14,3.17,24.25198332,74.75077264
20120820,5.74,85.79,30.68,23.35,7.33,2.57,3.78,24.25198332,74.75077264
20120821,10.04,88.81,29.35,23.53,5.82,1.96,2.43,24.25198332,74.75077264
20120822,4.54,90.97,26.1,23.07,3.02,3.02,3.15,24.25198332,74.75077264
20120823,0.46,86.12,29.2,22.96,6.24,3.29,2.02,24.25198332,74.75077264
20120824,1.72,84.78,29.62,22.88,6.74,3.02,1.49,24.25198332,74.75077264
20120825,1.78,84.67,30.07,22.83,7.24,2.01,1.77,24.25198332,74.75077264
20120826,34.56,88.25,29.0,22.8,6.19,2.72,3.01,24.25198332,74.75077264
20120827,34.01,91.3,27.35,23.73,3.62,3.07,3.12,24.25198332,74.75077264
20120828,15.09,84.27,30.34,23.08,7.27,2.5,4.44,24.25198332,74.75077264
20120829,5.89,87.84,29.73,24.2,5.53,2.26,2.55,24.25198332,74.75077264
20120830,0.98,87.56,30.15,24.24,5.9,2.07,4.6,24.25198332,74.75077264
20120831,2.55,85.36,31.02,24.3,6.72,3.19,4.51,24.25198332,74.75077264
20120901,6.89,86.23,30.43,24.34,6.09,1.86,4.3,24.25198332,74.75077264
20120902,8.53,87.26,30.71,24.29,6.41,1.44,2.07,24.25198332,74.75077264
20120903,13.95,92.68,28.38,24.26,4.12,2.22,4.01,24.25198332,74.75077264
20120904,10.15,86.9,29.5,23.57,5.92,1.89,2.11,24.25198332,74.75077264
20120905,15.14,90.62,28.45,23.67,4.78,2.26,2.14,24.25198332,74.75077264
20120906,35.85,88.96,30.95,23.33,7.62,1.79,2.92,24.25198332,74.75077264
20120907,24.98,89.97,28.9,22.9,5.99,3.48,2.75,24.25198332,74.75077264
20120908,8.69,89.71,29.11,23.01,6.09,3.09,2.37,24.25198332,74.75077264
20120909,1.58,86.37,30.05,22.94,7.11,4.15,5.26,24.25198332,74.75077264
20120910,5.77,84.61,29.64,22.5,7.13,4.9,7.11,24.25198332,74.75077264
20120911,26.6,89.32,28.54,23.68,4.86,3.25,4.32,24.25198332,74.75077264
20120912,25.94,93.58,27.49,23.73,3.76,2.58,4.14,24.25198332,74.75077264
20120913,3.54,89.73,28.99,23.23,5.75,2.83,2.06,24.25198332,74.75077264
20120914,1.09,89.13,29.36,22.97,6.39,1.87,2.33,24.25198332,74.75077264
20120915,0.81,89.28,27.83,23.38,4.45,2.93,1.61,24.25198332,74.75077264
20120916,0.35,86.76,28.91,22.64,6.27,2.51,3.44,24.25198332,74.75077264
20120917,2.26,87.28,28.69,22.02,6.68,2.07,1.27,24.25198332,74.75077264
20120918,0.33,85.44,28.2,21.14,7.07,2.25,2.31,24.25198332,74.75077264
20120919,0.37,82.5,28.91,21.46,7.45,1.51,2.89,24.25198332,74.75077264
20120920,8.77,80.25,29.7,21.71,7.98,1.48,1.74,24.25198332,74.75077264
20120921,0.59,78.41,29.88,22.78,7.1,2.09,3.26,24.25198332,74.75077264
20120922,12.88,71.04,30.64,22.09,8.56,1.52,2.7,24.25198332,74.75077264
20120923,2.96,71.89,30.14,22.72,7.42,1.07,1.85,24.25198332,74.75077264
20120924,0.07,74.89,29.95,21.52,8.43,1.49,3.05,24.25198332,74.75077264
20120925,1.75,80.72,28.65,20.1,8.55,1.56,0.76,24.25198332,74.75077264
20120926,1.33,73.68,28.68,18.83,9.85,1.23,2.65,24.25198332,74.75077264
20120927,0.48,72.87,29.07,19.3,9.78,1.59,2.9,24.25198332,74.75077264
20120928,0.01,74.49,29.74,19.17,10.56,1.49,2.02,24.25198332,74.75077264
20120929,0.0,74.01,30.18,20.18,10.0,1.94,3.09,24.25198332,74.75077264
20120930,0.0,73.35,30.48,20.0,10.48,3.1,3.4,24.25198332,74.75077264
20121001,0.0,68.79,31.05,19.01,12.05,1.28,3.37,24.25198332,74.75077264
20121002,0.0,67.68,31.57,19.31,12.26,1.02,3.4,24.25198332,74.75077264
20121003,0.0,62.83,31.46,20.32,11.14,1.7,3.45,24.25198332,74.75077264
20121004,0.0,60.41,31.54,21.59,9.94,1.71,2.86,24.25198332,74.75077264
20121005,0.0,59.72,31.19,20.16,11.03,1.82,3.51,24.25198332,74.75077264
20121006,0.0,64.55,31.4,19.98,11.42,1.06,2.41,24.25198332,74.75077264
20121007,0.0,68.58,30.82,19.95,10.88,0.77,2.01,24.25198332,74.75077264
20121008,0.0,69.47,30.29,19.61,10.68,0.88,2.33,24.25198332,74.75077264
20121009,0.16,67.66,31.14,19.57,11.56,1.26,3.33,24.25198332,74.75077264
20121010,0.06,64.49,30.88,19.89,10.99,2.83,6.0,24.25198332,74.75077264
20121011,0.0,58.62,30.23,18.67,11.56,1.63,4.45,24.25198332,74.75077264
20121012,0.0,51.21,30.97,19.82,11.16,1.27,1.44,24.25198332,74.75077264
20121013,0.0,50.67,31.4,19.57,11.83,0.54,0.9,24.25198332,74.75077264
20121014,0.0,56.58,31.14,18.22,12.92,1.67,2.9,24.25198332,74.75077264
20121015,0.0,60.32,30.59,20.93,9.65,0.89,1.81,24.25198332,74.75077264
20121016,0.0,59.26,30.35,18.35,12.0,1.7,3.42,24.25198332,74.75077264
20121017,0.0,56.13,30.52,18.36,12.16,1.15,1.78,24.25198332,74.75077264
20121018,0.0,56.9,30.68,18.52,12.16,1.32,1.88,24.25198332,74.75077264
20121019,0.0,61.42,31.02,19.61,11.41,2.1,4.2,24.25198332,74.75077264
20121020,0.0,65.37,30.79,19.24,11.55,2.18,4.83,24.25198332,74.75077264
20121021,0.0,66.29,30.22,19.1,11.12,1.86,4.47,24.25198332,74.75077264
20121022,0.0,67.57,29.71,20.11,9.6,1.8,3.44,24.25198332,74.75077264
20121023,0.0,62.7,30.3,18.41,11.89,1.95,2.84,24.25198332,74.75077264
20121024,0.0,61.74,29.22,17.34,11.88,2.09,6.03,24.25198332,74.75077264
20121025,0.0,59.63,28.49,14.45,14.04,2.19,5.71,24.25198332,74.75077264
20121026,0.0,56.55,28.57,13.45,15.12,2.25,6.63,24.25198332,74.75077264
20121027,0.0,57.16,28.84,12.88,15.96,1.83,5.59,24.25198332,74.75077264
20121028,0.0,55.49,29.44,13.15,16.29,2.74,6.14,24.25198332,74.75077264
20121029,0.0,53.06,29.67,13.99,15.69,2.37,4.72,24.25198332,74.75077264
20121030,0.0,55.99,29.03,13.88,15.15,1.69,3.36,24.25198332,74.75077264
20121031,0.0,59.46,28.56,13.58,14.98,2.12,4.75,24.25198332,74.75077264
20121101,0.0,58.28,27.99,13.6,14.39,3.0,4.42,24.25198332,74.75077264
20121102,0.0,58.09,27.72,13.41,14.31,2.52,3.59,24.25198332,74.75077264
20121103,0.0,56.52,26.83,12.43,14.4,1.96,3.95,24.25198332,74.75077264
20121104,0.0,53.85,26.86,11.53,15.33,1.33,4.28,24.25198332,74.75077264
20121105,0.0,56.91,26.79,13.3,13.49,1.25,4.1,24.25198332,74.75077264
20121106,0.0,54.37,27.48,13.09,14.38,1.53,2.08,24.25198332,74.75077264
20121107,0.0,46.1,27.43,13.29,14.14,1.46,3.48,24.25198332,74.75077264
20121108,0.0,42.53,28.72,14.39,14.33,1.6,2.85,24.25198332,74.75077264
20121109,0.0,44.8,29.11,14.93,14.18,2.63,4.52,24.25198332,74.75077264
20121110,0.0,46.48,28.96,13.55,15.41,2.17,3.98,24.25198332,74.75077264
20121111,0.0,48.74,29.8,13.86,15.94,2.92,5.54,24.25198332,74.75077264
20121112,0.0,51.29,29.95,14.57,15.39,2.33,5.03,24.25198332,74.75077264
20121113,0.0,53.83,29.56,14.95,14.61,3.17,7.09,24.25198332,74.75077264
20121114,0.0,53.65,29.36,13.72,15.64,2.15,5.9,24.25198332,74.75077264
20121115,0.0,46.3,28.63,13.05,15.58,1.52,4.43,24.25198332,74.75077264
20121116,0.0,43.18,28.18,11.02,17.16,2.05,5.35,24.25198332,74.75077264
20121117,0.0,42.64,27.8,11.32,16.47,1.64,4.14,24.25198332,74.75077264
20121118,0.0,43.45,28.34,12.15,16.19,2.29,4.63,24.25198332,74.75077264
20121119,0.0,49.77,28.25,11.13,17.11,1.67,4.81,24.25198332,74.75077264
20121120,0.0,51.99,27.34,11.45,15.9,2.39,3.14,24.25198332,74.75077264
20121121,0.0,49.84,27.23,11.02,16.21,3.55,6.41,24.25198332,74.75077264
20121122,0.0,49.74,28.04,10.87,17.17,3.48,6.26,24.25198332,74.75077264
20121123,0.0,48.91,28.42,11.66,16.76,2.72,4.42,24.25198332,74.75077264
20121124,0.0,46.79,28.1,11.43,16.66,2.25,4.99,24.25198332,74.75077264
20121125,0.0,48.42,28.5,11.61,16.89,2.67,6.06,24.25198332,74.75077264
20121126,0.0,50.12,28.37,11.11,17.26,3.31,7.4,24.25198332,74.75077264
20121127,0.0,48.17,28.47,11.48,17.0,2.9,6.81,24.25198332,74.75077264
20121128,0.0,42.32,28.91,11.1,17.81,2.39,5.46,24.25198332,74.75077264
20121129,0.0,45.95,29.07,12.23,16.83,2.76,6.83,24.25198332,74.75077264
20121130,0.0,49.86,26.96,10.87,16.1,2.57,4.24,24.25198332,74.75077264
20121201,0.0,43.38,26.1,9.01,17.09,2.72,6.11,24.25198332,74.75077264
20121202,0.0,44.35,27.25,9.67,17.58,2.9,6.49,24.25198332,74.75077264
20121203,0.0,47.23,28.39,10.84,17.55,3.55,7.36,24.25198332,74.75077264
20121204,0.0,48.03,28.87,11.59,17.29,2.5,6.1,24.25198332,74.75077264
20121205,0.0,50.21,26.7,13.66,13.05,1.36,4.83,24.25198332,74.75077264
20121206,0.0,46.09,28.91,12.61,16.29,1.69,4.62,24.25198332,74.75077264
20121207,0.0,45.87,30.71,13.36,17.35,2.17,5.15,24.25198332,74.75077264
20121208,0.0,47.95,30.66,14.35,16.31,3.11,4.34,24.25198332,74.75077264
20121209,0.0,40.47,29.3,14.25,15.05,2.19,2.65,24.25198332,74.75077264
20121210,0.0,44.57,28.21,13.48,14.73,3.68,4.23,24.25198332,74.75077264
20121211,0.0,42.79,27.78,12.71,15.07,3.19,5.14,24.25198332,74.75077264
20121212,0.0,41.4,27.11,10.12,16.99,3.39,6.53,24.25198332,74.75077264
20121213,0.0,42.92,26.71,9.69,17.02,2.27,3.78,24.25198332,74.75077264
20121214,0.0,44.78,27.1,13.14,13.97,2.93,3.37,24.25198332,74.75077264
20121215,0.0,52.12,27.54,12.66,14.88,3.02,4.93,24.25198332,74.75077264
20121216,0.0,54.08,28.5,12.09,16.41,4.21,7.88,24.25198332,74.75077264
20121217,0.0,54.27,26.71,12.04,14.67,3.77,6.19,24.25198332,74.75077264
20121218,0.0,51.15,27.14,11.91,15.22,1.25,4.51,24.25198332,74.75077264
20121219,0.0,44.85,27.02,11.15,15.87,1.42,4.4,24.25198332,74.75077264
20121220,0.0,29.93,26.0,9.94,16.06,1.42,4.84,24.25198332,74.75077264
20121221,0.0,23.89,26.81,7.53,19.28,2.14,6.52,24.25198332,74.75077264
20121222,0.0,26.7,27.89,8.24,19.64,2.06,6.12,24.25198332,74.75077264
20121223,0.0,26.59,27.96,8.96,19.0,3.13,7.16,24.25198332,74.75077264
20121224,0.0,27.35,27.48,8.87,18.61,3.33,7.24,24.25198332,74.75077264
20121225,0.0,28.25,25.74,7.61,18.13,1.23,3.96,24.25198332,74.75077264
20121226,0.0,28.61,26.08,7.62,18.46,1.46,5.24,24.25198332,74.75077264
20121227,0.0,26.75,27.26,7.89,19.38,3.27,7.0,24.25198332,74.75077264
20121228,0.0,26.82,27.97,8.56,19.4,2.46,2.84,24.25198332,74.75077264
20121229,0.0,41.54,26.76,8.66,18.1,2.68,5.68,24.25198332,74.75077264
20121230,0.0,40.21,25.92,8.5,17.42,4.26,7.9,24.25198332,74.75077264
20121231,0.0,44.16,24.71,8.94,15.77,3.17,6.14,24.25198332,74.75077264
20130101,0.0,39.65,26.99,8.94,18.05,3.15,5.68,24.25198332,74.75077264
20130102,0.0,37.55,23.01,7.04,15.97,2.62,5.61,24.25198332,74.75077264
20130103,0.0,27.62,23.3,4.04,19.26,2.38,6.62,24.25198332,74.75077264
20130104,0.0,27.02,25.02,5.13,19.89,4.13,7.46,24.25198332,74.75077264
20130105,0.0,27.51,23.6,4.87,18.73,3.84,7.91,24.25198332,74.75077264
20130106,0.0,25.36,22.12,4.46,17.66,3.24,6.84,24.25198332,74.75077264
20130107,0.0,22.13,22.31,3.73,18.58,1.45,3.94,24.25198332,74.75077264
20130108,0.0,20.91,24.09,4.06,20.03,1.73,3.59,24.25198332,74.75077264
20130109,0.0,20.72,25.43,6.04,19.39,1.96,5.66,24.25198332,74.75077264
20130110,0.0,24.81,26.61,7.6,19.01,1.24,4.12,24.25198332,74.75077264
20130111,0.0,25.83,28.26,9.46,18.8,1.67,3.7,24.25198332,74.75077264
20130112,0.0,26.07,29.65,11.75,17.9,2.21,2.76,24.25198332,74.75077264
20130113,0.0,43.46,30.25,12.83,17.42,4.16,5.04,24.25198332,74.75077264
20130114,0.0,39.13,28.24,11.16,17.08,4.08,6.11,24.25198332,74.75077264
20130115,0.0,34.81,29.04,12.67,16.37,4.34,4.99,24.25198332,74.75077264
20130116,0.0,36.78,26.77,12.68,14.09,2.3,5.47,24.25198332,74.75077264
20130117,0.14,37.77,29.29,12.79,16.5,4.16,5.31,24.25198332,74.75077264
20130118,0.49,48.23,23.21,9.72,13.49,3.55,3.45,24.25198332,74.75077264
20130119,0.0,36.99,22.36,6.75,15.62,3.21,6.84,24.25198332,74.75077264
20130120,0.0,27.25,22.22,5.05,17.17,2.86,5.58,24.25198332,74.75077264
20130121,0.0,22.49,23.21,4.24,18.97,3.08,5.99,24.25198332,74.75077264
20130122,0.0,20.97,23.82,5.76,18.06,3.23,6.32,24.25198332,74.75077264
20130123,0.0,19.99,25.08,6.93,18.15,2.82,5.48,24.25198332,74.75077264
20130124,0.0,19.32,25.09,6.9,18.2,1.42,4.29,24.25198332,74.75077264
20130125,0.0,23.21,24.14,6.47,17.66,2.55,5.23,24.25198332,74.75077264
20130126,0.0,20.77,25.39,6.26,19.13,1.7,5.44,24.25198332,74.75077264
20130127,0.0,20.28,26.51,8.94,17.58,3.13,6.97,24.25198332,74.75077264
20130128,0.0,19.18,27.61,9.32,18.3,2.44,5.92,24.25198332,74.75077264
20130129,0.0,17.32,27.43,9.72,17.72,2.4,5.67,24.25198332,74.75077264
20130130,0.0,25.41,26.39,9.26,17.13,3.45,6.12,24.25198332,74.75077264
20130131,0.0,29.97,25.7,12.96,12.74,1.67,4.37,24.25198332,74.75077264
20130201,0.0,39.24,29.58,11.27,18.31,4.49,6.34,24.25198332,74.75077264
20130202,0.0,30.55,30.15,13.89,16.26,3.68,7.01,24.25198332,74.75077264
20130203,0.0,31.27,30.42,13.5,16.92,5.73,7.4,24.25198332,74.75077264
20130204,1.0,44.57,25.65,15.84,9.81,4.43,3.27,24.25198332,74.75077264
20130205,1.61,48.51,26.05,14.43,11.62,5.57,5.07,24.25198332,74.75077264
20130206,0.0,31.81,26.34,10.05,16.29,4.75,7.72,24.25198332,74.75077264
20130207,0.0,31.62,25.3,8.31,16.99,2.98,5.24,24.25198332,74.75077264
20130208,0.0,26.26,25.5,7.33,18.17,2.42,6.06,24.25198332,74.75077264
20130209,0.0,23.18,27.91,6.91,21.0,3.78,6.98,24.25198332,74.75077264
20130210,0.0,31.13,30.65,10.88,19.78,4.24,7.19,24.25198332,74.75077264
20130211,0.97,34.53,30.6,12.76,17.84,5.08,7.28,24.25198332,74.75077264
20130212,1.28,47.94,30.09,14.74,15.35,4.71,7.12,24.25198332,74.75077264
20130213,0.05,50.96,31.06,14.68,16.38,3.93,6.23,24.25198332,74.75077264
20130214,1.27,42.24,31.61,16.36,15.25,3.63,3.89,24.25198332,74.75077264
20130215,2.32,46.04,30.08,17.18,12.9,7.91,9.24,24.25198332,74.75077264
20130216,1.16,48.75,22.92,12.48,10.44,8.32,9.11,24.25198332,74.75077264
20130217,0.0,47.34,24.84,9.29,15.55,1.82,5.14,24.25198332,74.75077264
20130218,0.0,40.75,26.46,9.33,17.13,2.44,6.11,24.25198332,74.75077264
20130219,0.0,35.06,28.18,11.19,16.99,3.86,7.45,24.25198332,74.75077264
20130220,0.0,35.5,28.39,11.21,17.18,3.28,5.88,24.25198332,74.75077264
20130221,0.0,32.91,31.7,12.09,19.61,4.58,6.95,24.25198332,74.75077264
20130222,0.33,30.6,33.28,14.57,18.71,2.95,5.92,24.25198332,74.75077264
20130223,0.07,34.25,31.2,15.43,15.77,3.15,6.32,24.25198332,74.75077264
20130224,0.02,40.86,27.76,12.39,15.37,3.73,5.76,24.25198332,74.75077264
20130225,0.0,34.03,30.32,11.82,18.49,5.0,7.65,24.25198332,74.75077264
20130226,0.0,27.87,33.55,12.23,21.32,4.05,4.73,24.25198332,74.75077264
20130227,0.0,24.18,31.06,13.73,17.33,2.15,3.4,24.25198332,74.75077264
20130228,0.0,20.04,30.05,11.54,18.51,2.27,6.73,24.25198332,74.75077264
20130301,0.0,17.59,31.14,9.94,21.2,1.48,4.88,24.25198332,74.75077264
20130302,0.0,15.66,33.28,10.83,22.45,2.03,6.01,24.25198332,74.75077264
20130303,0.0,12.93,33.87,11.96,21.9,2.31,5.93,24.25198332,74.75077264
20130304,0.0,10.71,34.64,13.28,21.36,2.36,3.99,24.25198332,74.75077264
20130305,0.0,13.43,34.81,13.46,21.35,2.96,6.79,24.25198332,74.75077264
20130306,0.0,16.09,34.53,14.66,19.87,2.96,6.64,24.25198332,74.75077264
20130307,0.0,14.65,34.87,14.36,20.5,2.47,4.82,24.25198332,74.75077264
20130308,0.0,14.04,35.51,15.46,20.05,2.71,3.79,24.25198332,74.75077264
20130309,0.0,14.4,36.1,19.36,16.75,4.9,7.88,24.25198332,74.75077264
20130310,0.0,19.7,35.1,16.92,18.18,4.1,4.25,24.25198332,74.75077264
20130311,0.0,16.23,34.37,15.9,18.47,2.38,4.41,24.25198332,74.75077264
20130312,0.0,12.95,35.77,19.18,16.59,3.49,4.3,24.25198332,74.75077264
20130313,0.0,15.02,35.75,16.72,19.04,4.78,7.41,24.25198332,74.75077264
20130314,0.0,22.84,33.73,16.62,17.11,1.86,4.79,24.25198332,74.75077264
20130315,0.0,23.67,33.17,16.37,16.79,4.92,7.1,24.25198332,74.75077264
20130316,3.46,40.27,33.1,17.49,15.61,2.91,4.58,24.25198332,74.75077264
20130317,0.08,39.77,32.88,16.26,16.61,3.13,5.16,24.25198332,74.75077264
20130318,0.0,19.75,34.62,18.4,16.22,1.64,2.81,24.25198332,74.75077264
20130319,0.0,19.35,35.93,19.69,16.24,3.25,4.21,24.25198332,74.75077264
20130320,0.0,18.68,36.65,19.39,17.26,4.31,8.9,24.25198332,74.75077264
20130321,0.05,16.29,35.94,16.89,19.05,2.95,7.37,24.25198332,74.75077264
20130322,0.0,19.78,33.67,18.51,15.16,4.1,5.54,24.25198332,74.75077264
20130323,0.0,24.24,36.04,18.05,18.0,3.59,5.82,24.25198332,74.75077264
20130324,0.01,24.8,35.18,18.83,16.35,2.63,5.55,24.25198332,74.75077264
20130325,0.0,18.42,35.06,16.37,18.69,2.57,6.45,24.25198332,74.75077264
20130326,0.0,23.74,34.66,17.31,17.35,3.88,6.73,24.25198332,74.75077264
20130327,0.0,20.24,34.89,19.34,15.55,4.73,5.75,24.25198332,74.75077264
20130328,0.17,27.57,34.48,18.93,15.55,6.11,7.64,24.25198332,74.75077264
20130329,0.0,29.39,33.44,18.03,15.41,3.16,4.22,24.25198332,74.75077264
20130330,0.0,28.73,34.39,17.57,16.82,3.01,6.77,24.25198332,74.75077264
20130331,0.0,23.48,36.06,20.22,15.84,3.84,7.02,24.25198332,74.75077264
20130401,0.0,18.94,37.77,18.78,18.98,2.12,5.02,24.25198332,74.75077264
20130402,0.01,18.94,38.39,20.56,17.83,5.03,8.09,24.25198332,74.75077264
20130403,0.01,24.39,35.94,20.15,15.78,2.64,6.21,24.25198332,74.75077264
20130404,0.0,23.94,35.99,19.85,16.14,2.14,5.58,24.25198332,74.75077264
20130405,0.0,15.83,37.31,19.6,17.71,3.19,6.47,24.25198332,74.75077264
20130406,0.0,11.64,39.51,18.69,20.82,3.19,7.18,24.25198332,74.75077264
20130407,0.0,14.37,39.03,19.59,19.44,2.94,7.0,24.25198332,74.75077264
20130408,0.0,15.93,38.61,20.34,18.27,3.04,6.61,24.25198332,74.75077264
20130409,0.03,24.09,38.91,20.57,18.34,2.68,5.75,24.25198332,74.75077264
20130410,0.0,28.02,37.52,23.2,14.32,3.61,6.46,24.25198332,74.75077264
20130411,0.0,20.18,36.58,20.44,16.14,3.12,3.58,24.25198332,74.75077264
20130412,0.0,20.05,37.6,20.33,17.27,1.92,4.37,24.25198332,74.75077264
20130413,0.0,21.18,39.22,21.25,17.98,2.49,5.64,24.25198332,74.75077264
20130414,0.0,18.61,39.52,22.02,17.51,2.72,6.63,24.25198332,74.75077264
20130415,0.0,15.41,40.2,21.79,18.41,3.91,7.07,24.25198332,74.75077264
20130416,0.0,19.29,39.32,22.24,17.08,4.71,3.56,24.25198332,74.75077264
20130417,0.0,26.64,38.42,21.98,16.44,3.36,2.38,24.25198332,74.75077264
20130418,0.28,36.09,34.94,22.65,12.29,3.2,2.51,24.25198332,74.75077264
20130419,0.4,27.91,37.38,20.97,16.41,1.9,5.05,24.25198332,74.75077264
20130420,2.03,29.13,35.94,22.03,13.91,2.68,5.21,24.25198332,74.75077264
20130421,3.57,35.38,35.83,21.21,14.62,2.15,4.43,24.25198332,74.75077264
20130422,0.03,34.02,36.52,22.71,13.81,2.65,5.06,24.25198332,74.75077264
20130423,0.0,31.25,37.0,22.89,14.11,2.56,5.27,24.25198332,74.75077264
20130424,0.0,28.42,37.02,25.03,11.99,4.3,5.84,24.25198332,74.75077264
20130425,0.17,26.92,39.6,25.51,14.09,2.1,5.32,24.25198332,74.75077264
20130426,0.01,24.77,40.24,24.97,15.27,3.12,5.56,24.25198332,74.75077264
20130427,0.0,22.17,40.31,23.97,16.34,3.62,7.19,24.25198332,74.75077264
20130428,0.0,21.54,40.91,24.68,16.23,3.34,6.82,24.25198332,74.75077264
20130429,0.0,20.24,41.8,24.87,16.93,4.68,7.77,24.25198332,74.75077264
20130430,0.0,22.15,41.75,25.81,15.93,3.38,6.37,24.25198332,74.75077264
20130501,0.0,13.2,41.96,24.9,17.06,2.34,6.3,24.25198332,74.75077264
20130502,0.0,7.86,41.05,22.73,18.31,4.06,5.62,24.25198332,74.75077264
20130503,0.0,11.04,41.13,22.4,18.72,4.83,4.66,24.25198332,74.75077264
20130504,0.0,24.19,41.47,24.7,16.78,2.93,2.28,24.25198332,74.75077264
20130505,0.0,20.3,41.26,25.1,16.16,1.68,3.44,24.25198332,74.75077264
20130506,0.0,22.65,40.73,23.32,17.42,2.2,4.55,24.25198332,74.75077264
20130507,0.0,19.05,42.77,25.23,17.54,3.22,6.9,24.25198332,74.75077264
20130508,0.0,19.37,42.28,26.63,15.64,4.15,4.73,24.25198332,74.75077264
20130509,0.0,15.55,40.84,24.89,15.96,5.06,4.46,24.25198332,74.75077264
20130510,0.0,20.44,39.96,25.14,14.82,4.25,2.43,24.25198332,74.75077264
20130511,0.01,22.45,39.26,25.29,13.96,4.69,3.39,24.25198332,74.75077264
20130512,0.19,25.7,39.06,26.83,12.23,3.32,2.2,24.25198332,74.75077264
20130513,0.06,23.14,40.13,25.6,14.53,1.61,4.25,24.25198332,74.75077264
20130514,0.01,20.33,41.79,26.85,14.93,3.9,7.12,24.25198332,74.75077264
20130515,0.0,17.76,43.61,27.15,16.47,1.69,3.0,24.25198332,74.75077264
20130516,0.0,16.32,44.57,27.28,17.29,4.86,4.65,24.25198332,74.75077264
20130517,0.0,22.38,44.22,27.22,17.0,2.66,3.05,24.25198332,74.75077264
20130518,0.0,18.67,44.56,26.92,17.64,3.11,4.5,24.25198332,74.75077264
20130519,0.0,14.38,45.18,26.98,18.2,3.17,5.32,24.25198332,74.75077264
20130520,0.0,15.13,44.66,28.28,16.38,3.9,4.34,24.25198332,74.75077264
20130521,0.0,14.64,44.89,28.7,16.19,4.9,3.23,24.25198332,74.75077264
20130522,0.0,13.89,42.8,27.72,15.08,4.42,2.7,24.25198332,74.75077264
20130523,0.0,21.59,42.7,25.98,16.72,2.98,2.26,24.25198332,74.75077264
20130524,0.0,26.58,42.99,27.63,15.36,2.56,3.74,24.25198332,74.75077264
20130525,0.0,31.37,41.33,27.35,13.98,3.14,4.19,24.25198332,74.75077264
20130526,0.0,39.49,37.8,27.04,10.76,3.25,3.27,24.25198332,74.75077264
20130527,0.0,34.53,40.5,27.16,13.34,4.24,6.44,24.25198332,74.75077264
20130528,0.0,31.43,41.08,29.13,11.95,3.28,4.17,24.25198332,74.75077264
20130529,0.01,26.92,41.66,27.88,13.78,3.37,3.0,24.25198332,74.75077264
20130530,5.51,22.5,43.47,27.59,15.88,3.43,5.5,24.25198332,74.75077264
20130531,0.75,24.4,43.27,27.15,16.12,2.33,2.37,24.25198332,74.75077264
20130601,0.0,23.78,42.84,28.62,14.22,2.66,4.28,24.25198332,74.75077264
20130602,0.0,30.22,42.16,28.45,13.72,7.86,9.22,24.25198332,74.75077264
20130603,0.1,29.89,42.13,28.94,13.19,4.89,5.55,24.25198332,74.75077264
20130604,6.36,38.16,41.95,28.83,13.12,4.03,5.52,24.25198332,74.75077264
20130605,2.11,44.64,40.77,27.36,13.42,3.15,4.6,24.25198332,74.75077264
20130606,2.36,43.81,42.53,28.43,14.11,2.69,2.77,24.25198332,74.75077264
20130607,1.38,50.48,37.95,27.54,10.4,4.08,5.73,24.25198332,74.75077264
20130608,18.3,62.69,35.5,27.14,8.35,3.91,5.44,24.25198332,74.75077264
20130609,9.7,70.89,33.03,25.94,7.09,2.97,4.43,24.25198332,74.75077264
20130610,2.37,71.72,33.89,25.6,8.29,3.26,4.82,24.25198332,74.75077264
20130611,6.06,75.56,31.16,25.48,5.68,4.91,6.4,24.25198332,74.75077264
20130612,9.99,75.47,32.5,24.82,7.68,1.99,2.56,24.25198332,74.75077264
20130613,2.15,64.2,35.68,24.7,10.98,3.02,4.97,24.25198332,74.75077264
20130614,3.19,59.98,36.79,26.27,10.52,4.53,4.82,24.25198332,74.75077264
20130615,1.86,57.88,37.65,26.74,10.92,4.34,4.82,24.25198332,74.75077264
20130616,12.97,65.49,35.97,26.51,9.46,4.98,6.13,24.25198332,74.75077264
20130617,7.79,80.71,30.03,25.34,4.7,3.11,3.48,24.25198332,74.75077264
20130618,2.34,76.29,30.29,25.07,5.22,3.9,3.74,24.25198332,74.75077264
20130619,3.29,63.0,34.72,24.31,10.41,3.94,5.83,24.25198332,74.75077264
20130620,1.42,59.06,37.03,24.16,12.87,3.98,5.61,24.25198332,74.75077264
20130621,0.58,61.23,37.43,25.26,12.17,3.04,4.61,24.25198332,74.75077264
20130622,1.28,62.43,37.34,25.48,11.86,4.07,5.96,24.25198332,74.75077264
20130623,0.75,62.12,35.75,26.04,9.72,4.78,6.74,24.25198332,74.75077264
20130624,1.66,69.19,34.06,25.53,8.52,4.15,5.64,24.25198332,74.75077264
20130625,12.13,75.73,32.65,25.45,7.2,5.73,6.9,24.25198332,74.75077264
20130626,15.59,86.37,28.89,24.92,3.97,2.55,3.87,24.25198332,74.75077264
20130627,1.41,76.02,32.03,24.78,7.26,3.2,3.0,24.25198332,74.75077264
20130628,0.14,69.01,35.65,24.67,10.97,3.06,4.68,24.25198332,74.75077264
20130629,0.02,69.43,34.52,24.97,9.55,1.86,1.8,24.25198332,74.75077264
20130630,0.01,66.71,35.4,24.95,10.45,2.21,3.53,24.25198332,74.75077264
20130701,4.77,71.9,33.64,25.43,8.21,2.7,4.03,24.25198332,74.75077264
20130702,8.39,76.86,30.97,25.38,5.59,3.48,3.22,24.25198332,74.75077264
20130703,40.8,78.83,31.37,24.8,6.57,4.14,3.96,24.25198332,74.75077264
20130704,15.48,78.1,32.76,25.46,7.3,4.37,6.01,24.25198332,74.75077264
20130705,24.65,82.66,31.9,24.7,7.2,5.29,6.68,24.25198332,74.75077264
20130706,10.18,85.04,30.42,24.52,5.9,2.47,2.71,24.25198332,74.75077264
20130707,7.45,86.65,29.99,24.77,5.22,1.78,0.88,24.25198332,74.75077264
20130708,1.67,82.3,30.83,24.46,6.37,3.8,4.69,24.25198332,74.75077264
20130709,2.14,85.38,29.27,24.6,4.67,3.04,3.5,24.25198332,74.75077264
20130710,5.23,79.94,30.11,24.01,6.1,3.35,4.34,24.25198332,74.75077264
20130711,23.7,79.4,30.53,23.7,6.84,3.46,5.16,24.25198332,74.75077264
20130712,15.87,79.86,30.67,24.6,6.07,3.82,4.11,24.25198332,74.75077264
20130713,8.4,83.01,30.78,24.79,5.99,1.81,3.39,24.25198332,74.75077264
20130714,2.2,83.45,31.03,24.7,6.33,2.94,3.25,24.25198332,74.75077264
20130715,9.76,84.17,30.75,24.13,6.63,4.06,4.44,24.25198332,74.75077264
20130716,7.45,79.66,31.68,24.33,7.36,3.02,4.12,24.25198332,74.75077264
20130717,41.31,83.86,30.98,24.93,6.04,2.85,4.56,24.25198332,74.75077264
20130718,5.87,86.73,30.35,25.02,5.33,2.64,2.09,24.25198332,74.75077264
20130719,6.68,86.19,30.27,24.6,5.66,4.75,4.84,24.25198332,74.75077264
20130720,3.1,84.03,29.87,24.44,5.43,2.89,4.7,24.25198332,74.75077264
20130721,8.45,85.19,30.01,24.41,5.6,3.81,4.09,24.25198332,74.75077264
20130722,26.73,85.71,30.56,24.62,5.94,2.62,3.28,24.25198332,74.75077264
20130723,12.89,84.7,31.04,25.06,5.98,4.57,4.5,24.25198332,74.75077264
20130724,10.9,83.65,31.96,24.82,7.14,2.5,2.6,24.25198332,74.75077264
20130725,19.96,86.61,29.56,24.38,5.18,2.61,4.6,24.25198332,74.75077264
20130726,31.23,91.22,28.47,24.27,4.21,5.04,6.91,24.25198332,74.75077264
20130727,23.04,92.48,27.97,24.22,3.75,4.3,3.75,24.25198332,74.75077264
20130728,31.99,90.94,28.71,24.23,4.47,2.1,2.43,24.25198332,74.75077264
20130729,11.4,91.08,28.11,23.66,4.45,2.77,4.7,24.25198332,74.75077264
20130730,5.28,87.43,30.0,22.75,7.25,4.22,5.2,24.25198332,74.75077264
20130731,10.82,92.19,27.86,23.66,4.21,2.71,2.8,24.25198332,74.75077264
20130801,35.09,91.78,28.75,24.15,4.6,2.84,2.01,24.25198332,74.75077264
20130802,14.22,87.69,30.39,24.54,5.85,5.6,6.27,24.25198332,74.75077264
20130803,4.12,93.01,26.28,23.56,2.72,6.28,7.09,24.25198332,74.75077264
20130804,0.04,86.25,29.18,22.79,6.38,1.95,2.13,24.25198332,74.75077264
20130805,2.41,88.57,28.99,23.49,5.5,2.12,2.27,24.25198332,74.75077264
20130806,3.69,91.4,27.88,23.75,4.13,3.07,3.1,24.25198332,74.75077264
20130807,2.42,88.29,28.64,23.25,5.39,2.52,3.61,24.25198332,74.75077264
20130808,3.15,88.43,29.99,23.44,6.55,2.06,2.76,24.25198332,74.75077264
20130809,15.74,90.95,27.81,23.83,3.98,2.03,1.73,24.25198332,74.75077264
20130810,8.64,89.96,28.46,23.43,5.03,1.61,1.26,24.25198332,74.75077264
20130811,1.9,88.34,29.5,23.66,5.84,3.71,2.67,24.25198332,74.75077264
20130812,6.31,89.07,29.42,24.07,5.34,1.51,3.11,24.25198332,74.75077264
20130813,13.17,91.91,28.26,24.37,3.89,4.31,6.04,24.25198332,74.75077264
20130814,8.62,92.84,26.93,23.6,3.33,3.6,3.33,24.25198332,74.75077264
20130815,0.89,87.84,29.08,23.17,5.91,3.46,3.96,24.25198332,74.75077264
20130816,0.76,89.86,28.68,23.2,5.48,3.48,2.82,24.25198332,74.75077264
20130817,2.91,90.03,28.67,23.51,5.16,1.34,1.58,24.25198332,74.75077264
20130818,1.37,88.28,29.34,23.29,6.05,1.96,1.85,24.25198332,74.75077264
20130819,9.66,87.99,29.41,23.1,6.31,2.81,1.91,24.25198332,74.75077264
20130820,12.62,89.47,28.26,22.62,5.64,3.8,3.62,24.25198332,74.75077264
20130821,3.33,89.86,28.27,23.1,5.17,3.91,4.8,24.25198332,74.75077264
20130822,4.45,87.0,29.59,22.77,6.82,2.66,2.54,24.25198332,74.75077264
20130823,21.15,90.14,28.36,23.24,5.12,3.52,3.13,24.25198332,74.75077264
20130824,6.38,88.71,30.47,23.7,6.78,1.98,2.56,24.25198332,74.75077264
20130825,1.22,85.96,31.69,24.48,7.21,2.44,4.88,24.25198332,74.75077264
20130826,0.01,87.35,30.21,23.74,6.47,2.51,3.44,24.25198332,74.75077264
20130827,0.0,85.62,29.55,22.81,6.74,2.73,1.48,24.25198332,74.75077264
20130828,0.04,85.97,29.58,22.55,7.02,1.73,1.78,24.25198332,74.75077264
20130829,0.2,87.28,29.46,22.41,7.05,1.96,3.41,24.25198332,74.75077264
20130830,0.04,85.82,29.76,22.55,7.2,1.67,3.17,24.25198332,74.75077264
20130831,1.36,83.95,30.74,22.64,8.09,2.49,5.14,24.25198332,74.75077264
20130901,0.26,84.04,30.61,22.85,7.76,2.31,3.73,24.25198332,74.75077264
20130902,0.0,82.32,30.9,22.74,8.16,2.82,3.99,24.25198332,74.75077264
20130903,0.0,83.69,30.26,22.77,7.49,1.96,4.38,24.25198332,74.75077264
20130904,0.0,83.86,29.68,22.38,7.3,1.81,3.44,24.25198332,74.75077264
20130905,0.0,83.96,29.47,21.98,7.49,2.1,2.05,24.25198332,74.75077264
20130906,0.22,83.2,29.37,20.96,8.41,3.1,3.65,24.25198332,74.75077264
20130907,0.54,80.69,30.46,21.48,8.98,3.31,6.08,24.25198332,74.75077264
20130908,0.07,78.56,30.67,22.48,8.18,2.09,2.12,24.25198332,74.75077264
20130909,0.0,71.6,30.62,21.77,8.86,1.61,1.85,24.25198332,74.75077264
20130910,0.01,72.32,31.49,21.08,10.41,2.11,3.27,24.25198332,74.75077264
20130911,1.38,75.8,31.61,21.42,10.19,2.11,2.65,24.25198332,74.75077264
20130912,0.28,76.36,31.4,22.81,8.58,1.64,1.79,24.25198332,74.75077264
20130913,0.0,77.45,31.75,24.01,7.74,2.04,2.23,24.25198332,74.75077264
20130914,0.01,74.02,32.08,24.07,8.01,2.11,2.49,24.25198332,74.75077264
20130915,0.02,75.04,33.41,22.9,10.51,1.53,2.69,24.25198332,74.75077264
20130916,0.01,77.56,31.82,23.01,8.81,2.07,3.21,24.25198332,74.75077264
20130917,0.0,77.81,31.55,23.45,8.11,3.68,5.55,24.25198332,74.75077264
20130918,0.0,75.25,32.28,21.91,10.37,1.94,2.86,24.25198332,74.75077264
20130919,0.0,70.46,33.44,21.8,11.64,2.69,4.56,24.25198332,74.75077264
20130920,7.24,70.33,32.15,20.7,11.45,3.47,4.9,24.25198332,74.75077264
20130921,20.74,89.29,28.47,23.44,5.02,3.7,2.84,24.25198332,74.75077264
20130922,11.21,91.44,27.75,23.84,3.91,2.48,4.3,24.25198332,74.75077264
20130923,16.66,86.82,30.11,22.96,7.15,1.22,1.79,24.25198332,74.75077264
20130924,8.23,87.3,30.07,23.36,6.72,2.67,1.94,24.25198332,74.75077264
20130925,7.0,92.71,26.12,22.39,3.72,3.18,3.33,24.25198332,74.75077264
20130926,0.49,87.08,28.07,21.16,6.91,2.4,1.83,24.25198332,74.75077264
20130927,0.12,83.88,29.5,21.64,7.87,1.75,2.06,24.25198332,74.75077264
20130928,8.95,85.84,29.2,22.09,7.11,3.45,2.22,24.25198332,74.75077264
20130929,4.44,87.22,29.02,22.35,6.68,2.11,2.17,24.25198332,74.75077264
20130930,19.64,87.91,29.01,22.48,6.53,2.19,2.8,24.25198332,74.75077264
20131001,2.7,86.13,29.15,22.4,6.75,3.97,4.39,24.25198332,74.75077264
20131002,0.28,84.38,29.9,22.41,7.49,1.71,2.5,24.25198332,74.75077264
20131003,0.71,84.53,29.98,22.18,7.8,3.01,1.89,24.25198332,74.75077264
20131004,1.58,82.87,29.03,21.47,7.56,4.27,3.88,24.25198332,74.75077264
20131005,1.87,81.11,29.7,20.97,8.73,2.43,2.46,24.25198332,74.75077264
20131006,4.65,79.42,29.94,21.31,8.64,1.64,1.72,24.25198332,74.75077264
20131007,0.48,78.59,30.54,22.17,8.36,2.3,2.75,24.25198332,74.75077264
20131008,42.63,84.59,29.13,22.29,6.85,3.41,5.57,24.25198332,74.75077264
20131009,9.07,86.13,27.83,22.09,5.74,1.99,1.85,24.25198332,74.75077264
20131010,0.56,85.3,28.95,22.12,6.83,1.08,2.47,24.25198332,74.75077264
20131011,0.06,83.17,29.4,20.44,8.96,1.91,2.15,24.25198332,74.75077264
20131012,1.58,81.74,28.92,20.38,8.54,2.81,3.08,24.25198332,74.75077264
20131013,3.46,80.7,29.38,19.55,9.83,2.1,2.61,24.25198332,74.75077264
20131014,0.0,75.74,30.32,21.18,9.14,2.18,2.73,24.25198332,74.75077264
20131015,0.0,66.69,30.73,19.41,11.32,2.6,4.64,24.25198332,74.75077264
20131016,0.0,62.28,30.77,19.22,11.56,1.94,2.92,24.25198332,74.75077264
20131017,0.0,59.43,31.56,19.7,11.86,1.92,3.25,24.25198332,74.75077264
20131018,0.0,66.6,30.92,18.76,12.16,1.01,2.48,24.25198332,74.75077264
20131019,0.0,59.56,31.65,18.99,12.66,2.26,2.81,24.25198332,74.75077264
20131020,0.0,49.23,31.22,19.14,12.08,1.2,2.1,24.25198332,74.75077264
20131021,0.0,47.85,30.5,17.97,12.53,1.51,2.51,24.25198332,74.75077264
20131022,0.0,54.77,29.44,16.6,12.85,0.94,2.24,24.25198332,74.75077264
20131023,0.0,63.63,29.09,15.14,13.95,1.86,4.74,24.25198332,74.75077264
20131024,0.0,74.44,28.11,15.43,12.68,2.79,3.98,24.25198332,74.75077264
20131025,0.0,82.45,28.74,19.44,9.29,2.73,1.76,24.25198332,74.75077264
20131026,0.0,74.42,28.86,18.42,10.44,3.16,2.64,24.25198332,74.75077264
20131027,0.0,61.92,28.33,16.83,11.5,0.85,1.81,24.25198332,74.75077264
20131028,0.0,51.94,29.45,16.26,13.19,1.72,2.6,24.25198332,74.75077264
20131029,0.0,58.43,29.81,16.31,13.5,1.73,4.45,24.25198332,74.75077264
20131030,0.0,62.0,28.68,15.7,12.98,1.4,4.02,24.25198332,74.75077264
20131031,0.0,58.17,28.41,16.0,12.42,1.12,2.2,24.25198332,74.75077264
20131101,0.0,59.64,28.74,16.86,11.88,2.09,2.12,24.25198332,74.75077264
20131102,0.0,60.28,29.3,17.26,12.03,1.05,1.96,24.25198332,74.75077264
20131103,0.0,63.66,28.85,17.91,10.93,2.25,5.19,24.25198332,74.75077264
20131104,0.0,66.3,28.32,15.42,12.9,2.55,5.4,24.25198332,74.75077264
20131105,0.0,65.36,27.75,14.95,12.8,2.01,3.77,24.25198332,74.75077264
20131106,0.2,66.16,28.12,17.5,10.62,2.13,4.24,24.25198332,74.75077264
20131107,0.35,68.3,26.87,17.11,9.76,1.8,2.91,24.25198332,74.75077264
20131108,0.17,63.11,27.04,17.09,9.95,1.94,2.15,24.25198332,74.75077264
20131109,0.0,71.82,26.31,14.14,12.17,2.49,6.17,24.25198332,74.75077264
20131110,0.0,65.85,26.72,14.06,12.66,1.48,4.16,24.25198332,74.75077264
20131111,0.0,61.39,26.73,12.77,13.96,2.4,5.1,24.25198332,74.75077264
20131112,0.0,63.21,26.64,12.8,13.84,2.57,5.61,24.25198332,74.75077264
20131113,0.0,63.19,26.81,12.69,14.12,2.55,6.47,24.25198332,74.75077264
20131114,0.0,60.37,25.95,12.31,13.63,2.07,5.9,24.25198332,74.75077264
20131115,0.0,51.5,25.77,10.46,15.31,1.81,3.25,24.25198332,74.75077264
20131116,0.0,52.51,25.29,9.76,15.52,1.52,4.3,24.25198332,74.75077264
20131117,0.0,57.41,25.86,9.73,16.13,0.99,3.77,24.25198332,74.75077264
20131118,0.0,52.72,27.26,10.31,16.95,2.15,4.28,24.25198332,74.75077264
20131119,0.0,46.02,27.85,11.65,16.2,1.67,3.39,24.25198332,74.75077264
20131120,0.0,42.62,28.54,12.64,15.9,1.8,3.41,24.25198332,74.75077264
20131121,0.0,43.66,28.65,12.51,16.14,1.86,3.34,24.25198332,74.75077264
20131122,0.0,52.69,27.26,11.24,16.01,2.14,3.87,24.25198332,74.75077264
20131123,0.0,51.12,27.36,11.28,16.08,3.72,6.43,24.25198332,74.75077264
20131124,0.0,52.11,27.57,11.66,15.91,3.31,5.63,24.25198332,74.75077264
20131125,0.0,51.44,28.67,13.16,15.52,3.01,5.15,24.25198332,74.75077264
20131126,0.0,41.72,29.07,14.37,14.7,1.1,2.53,24.25198332,74.75077264
20131127,0.0,46.92,28.54,15.23,13.31,1.36,3.2,24.25198332,74.75077264
20131128,0.0,51.12,27.45,14.18,13.27,2.51,3.17,24.25198332,74.75077264
20131129,0.0,52.36,27.05,11.48,15.57,3.24,3.26,24.25198332,74.75077264
20131130,0.0,48.1,28.17,11.83,16.34,1.58,1.65,24.25198332,74.75077264
20131201,0.0,42.18,28.48,12.7,15.78,2.94,5.37,24.25198332,74.75077264
20131202,0.0,48.91,29.13,12.22,16.91,2.04,4.23,24.25198332,74.75077264
20131203,0.0,43.9,27.84,12.83,15.01,3.24,6.71,24.25198332,74.75077264
20131204,1.43,65.03,27.65,13.07,14.59,2.74,6.08,24.25198332,74.75077264
20131205,0.0,52.39,27.45,13.15,14.3,1.06,3.66,24.25198332,74.75077264
20131206,0.0,39.29,27.02,11.49,15.53,1.32,2.74,24.25198332,74.75077264
20131207,0.0,39.31,27.26,11.15,16.11,1.28,2.54,24.25198332,74.75077264
20131208,0.0,38.96,27.56,11.46,16.1,1.98,3.16,24.25198332,74.75077264
20131209,0.0,41.54,27.11,10.77,16.33,2.7,4.53,24.25198332,74.75077264
20131210,0.0,46.84,27.13,9.59,17.54,2.0,4.03,24.25198332,74.75077264
20131211,0.0,44.07,27.34,9.88,17.46,3.37,5.46,24.25198332,74.75077264
20131212,0.0,40.76,27.03,11.05,15.98,1.61,2.69,24.25198332,74.75077264
20131213,0.0,39.78,27.84,9.97,17.87,2.05,3.92,24.25198332,74.75077264
20131214,0.0,36.65,28.55,10.5,18.05,1.79,2.93,24.25198332,74.75077264
20131215,0.0,32.9,28.37,13.09,15.28,1.42,2.05,24.25198332,74.75077264
20131216,0.0,32.73,26.85,10.69,16.16,1.13,1.55,24.25198332,74.75077264
20131217,0.0,40.94,26.14,11.23,14.91,1.38,2.13,24.25198332,74.75077264
20131218,0.0,42.67,27.25,12.48,14.77,1.65,2.13,24.25198332,74.75077264
20131219,0.0,38.39,27.08,10.97,16.11,3.18,6.96,24.25198332,74.75077264
20131220,0.0,46.96,24.22,7.25,16.97,1.81,4.82,24.25198332,74.75077264
20131221,0.0,47.39,23.6,7.53,16.06,2.25,4.33,24.25198332,74.75077264
20131222,0.0,40.89,23.93,7.21,16.72,3.11,6.05,24.25198332,74.75077264
20131223,0.0,48.88,23.1,7.23,15.87,2.04,5.38,24.25198332,74.75077264
20131224,0.0,57.79,23.63,9.52,14.12,2.87,5.3,24.25198332,74.75077264
20131225,0.0,62.95,24.87,10.17,14.7,3.01,6.68,24.25198332,74.75077264
20131226,0.87,65.92,22.92,11.43,11.49,2.87,5.83,24.25198332,74.75077264
20131227,0.33,68.65,24.05,11.27,12.78,2.32,4.8,24.25198332,74.75077264
20131228,0.05,64.87,22.87,9.02,13.84,2.71,6.86,24.25198332,74.75077264
20131229,0.17,63.17,23.55,8.06,15.49,4.13,5.77,24.25198332,74.75077264
20131230,3.58,69.22,23.37,11.6,11.76,3.12,3.13,24.25198332,74.75077264
20131231,0.03,52.71,24.14,11.24,12.89,3.62,6.18,24.25198332,74.75077264
20140101,0.0,61.81,22.69,7.38,15.32,2.8,5.47,24.25198332,74.75077264
20140102,0.0,64.78,24.27,9.72,14.54,3.82,6.29,24.25198332,74.75077264
20140103,0.0,63.24,24.79,10.92,13.87,2.51,4.85,24.25198332,74.75077264
20140104,1.6,68.55,23.41,12.45,10.97,2.13,2.6,24.25198332,74.75077264
20140105,0.02,39.31,24.65,8.18,16.47,1.44,3.63,24.25198332,74.75077264
20140106,0.0,45.42,22.98,6.52,16.46,2.33,6.38,24.25198332,74.75077264
20140107,0.0,48.85,23.71,7.34,16.38,3.49,7.25,24.25198332,74.75077264
20140108,0.0,54.0,27.82,8.2,19.63,2.81,3.69,24.25198332,74.75077264
20140109,0.0,40.34,25.84,9.71,16.13,1.71,3.78,24.25198332,74.75077264
20140110,0.0,51.73,24.4,8.01,16.39,2.68,4.83,24.25198332,74.75077264
20140111,0.0,48.78,20.46,6.66,13.8,3.06,3.05,24.25198332,74.75077264
20140112,0.0,43.63,22.33,5.5,16.83,4.22,6.92,24.25198332,74.75077264
20140113,0.0,53.93,25.19,7.12,18.07,3.21,6.09,24.25198332,74.75077264
20140114,0.0,55.7,26.64,10.51,16.14,2.11,3.6,24.25198332,74.75077264
20140115,0.0,40.01,24.96,8.86,16.1,2.73,6.47,24.25198332,74.75077264
20140116,0.0,52.69,24.51,9.59,14.92,3.58,6.88,24.25198332,74.75077264
20140117,0.0,47.51,25.13,8.44,16.69,2.67,4.05,24.25198332,74.75077264
20140118,0.0,39.27,23.82,6.43,17.39,2.17,5.3,24.25198332,74.75077264
20140119,0.0,46.13,23.5,6.6,16.9,2.6,6.23,24.25198332,74.75077264
20140120,0.06,53.15,27.63,8.76,18.87,3.41,5.13,24.25198332,74.75077264
20140121,13.82,75.05,21.95,15.66,6.3,4.08,4.95,24.25198332,74.75077264
20140122,6.15,74.98,22.91,12.49,10.42,1.69,3.21,24.25198332,74.75077264
20140123,1.95,69.63,23.14,9.42,13.71,2.77,3.99,24.25198332,74.75077264
20140124,0.11,67.59,23.65,10.45,13.21,2.35,5.66,24.25198332,74.75077264
20140125,0.0,60.03,24.21,9.6,14.61,2.61,5.93,24.25198332,74.75077264
20140126,0.0,52.02,25.08,9.13,15.95,2.56,6.63,24.25198332,74.75077264
20140127,0.0,44.3,25.4,8.24,17.16,2.08,3.08,24.25198332,74.75077264
20140128,0.0,38.46,25.34,8.8,16.54,2.27,4.98,24.25198332,74.75077264
20140129,0.0,37.63,26.81,8.44,18.37,2.87,5.86,24.25198332,74.75077264
20140130,0.0,41.82,25.99,9.18,16.81,1.49,4.85,24.25198332,74.75077264
20140131,0.0,43.89,25.43,9.09,16.34,2.18,5.61,24.25198332,74.75077264
20140201,0.0,43.71,27.29,8.7,18.6,4.56,7.33,24.25198332,74.75077264
20140202,0.0,46.22,27.79,11.19,16.6,2.71,5.38,24.25198332,74.75077264
20140203,0.0,45.37,28.73,13.1,15.63,4.51,5.08,24.25198332,74.75077264
20140204,0.0,41.23,28.8,11.72,17.09,1.57,3.63,24.25198332,74.75077264
20140205,0.0,41.11,30.77,13.39,17.38,3.25,5.26,24.25198332,74.75077264
20140206,0.0,40.12,31.49,13.03,18.46,2.66,4.57,24.25198332,74.75077264
20140207,0.0,40.73,30.25,13.66,16.6,6.42,7.54,24.25198332,74.75077264
20140208,0.0,28.62,27.69,10.81,16.88,4.63,6.57,24.25198332,74.75077264
20140209,0.0,31.18,24.84,7.6,17.24,1.63,4.83,24.25198332,74.75077264
20140210,0.0,25.58,25.04,7.34,17.69,4.22,5.14,24.25198332,74.75077264
20140211,0.0,32.78,24.97,9.86,15.12,3.62,7.55,24.25198332,74.75077264
20140212,0.0,36.35,27.0,9.21,17.8,4.13,4.88,24.25198332,74.75077264
20140213,0.05,44.79,26.21,10.05,16.15,5.42,6.67,24.25198332,74.75077264
20140214,0.0,42.11,25.27,10.73,14.55,5.47,5.64,24.25198332,74.75077264
20140215,0.29,40.39,24.25,10.3,13.96,2.42,4.63,24.25198332,74.75077264
20140216,0.13,41.33,23.68,10.65,13.03,2.6,5.16,24.25198332,74.75077264
20140217,0.0,34.24,25.65,8.97,16.69,0.97,3.34,24.25198332,74.75077264
20140218,0.0,20.46,27.97,9.76,18.21,2.49,5.61,24.25198332,74.75077264
20140219,0.0,24.57,29.68,8.84,20.84,1.99,3.55,24.25198332,74.75077264
20140220,0.0,28.25,30.15,12.23,17.92,4.57,5.31,24.25198332,74.75077264
20140221,0.06,43.46,27.04,17.52,9.52,3.72,5.31,24.25198332,74.75077264
20140222,0.0,32.18,28.65,13.3,15.35,1.77,4.56,24.25198332,74.75077264
20140223,0.01,50.63,26.93,12.44,14.49,3.14,6.5,24.25198332,74.75077264
20140224,0.06,51.33,28.19,12.35,15.84,4.48,7.26,24.25198332,74.75077264
20140225,3.26,53.49,29.27,15.81,13.46,4.12,5.76,24.25198332,74.75077264
20140226,7.13,59.65,29.11,17.05,12.06,3.92,3.55,24.25198332,74.75077264
20140227,2.64,43.74,29.05,14.74,14.31,5.48,6.52,24.25198332,74.75077264
20140228,0.83,44.59,28.14,11.95,16.18,4.0,5.04,24.25198332,74.75077264
20140301,0.02,49.66,25.84,11.03,14.81,2.29,4.22,24.25198332,74.75077264
20140302,0.0,41.69,26.02,9.87,16.15,2.15,3.51,24.25198332,74.75077264
20140303,0.0,34.88,26.53,10.4,16.13,2.74,5.06,24.25198332,74.75077264
20140304,0.0,33.61,29.19,12.25,16.95,3.9,7.35,24.25198332,74.75077264
20140305,0.0,38.88,29.99,11.52,18.47,3.89,6.62,24.25198332,74.75077264
20140306,0.0,37.72,30.84,14.81,16.03,2.74,6.08,24.25198332,74.75077264
20140307,0.0,39.22,30.9,14.22,16.68,1.9,5.53,24.25198332,74.75077264
20140308,0.0,32.51,31.73,14.71,17.02,1.88,5.14,24.25198332,74.75077264
20140309,0.03,41.21,31.32,14.84,16.48,1.59,4.66,24.25198332,74.75077264
20140310,0.53,43.3,31.26,17.05,14.21,4.02,5.43,24.25198332,74.75077264
20140311,0.0,32.29,32.75,18.26,14.49,4.72,4.78,24.25198332,74.75077264
20140312,0.0,18.97,31.89,14.28,17.62,3.76,7.04,24.25198332,74.75077264
20140313,0.0,27.67,33.25,14.89,18.37,4.52,6.89,24.25198332,74.75077264
20140314,0.0,27.11,34.33,15.23,19.1,3.49,6.08,24.25198332,74.75077264
20140315,0.0,24.53,35.79,15.79,20.0,4.11,6.07,24.25198332,74.75077264
20140316,0.0,21.79,37.33,17.16,20.17,1.45,2.5,24.25198332,74.75077264
20140317,0.0,20.04,36.96,19.11,17.85,4.91,6.68,24.25198332,74.75077264
20140318,0.0,28.82,35.15,19.53,15.63,2.7,3.86,24.25198332,74.75077264
20140319,0.0,15.87,35.49,15.04,20.45,4.85,8.04,24.25198332,74.75077264
20140320,0.0,14.14,36.15,15.18,20.96,2.82,5.92,24.25198332,74.75077264
20140321,0.0,13.38,35.0,16.68,18.32,4.4,5.92,24.25198332,74.75077264
20140322,0.0,24.5,36.09,17.79,18.31,1.3,3.53,24.25198332,74.75077264
20140323,0.01,23.9,37.3,19.27,18.03,2.72,6.51,24.25198332,74.75077264
20140324,0.01,24.19,37.2,20.37,16.83,5.8,8.22,24.25198332,74.75077264
20140325,0.1,22.24,35.94,18.75,17.2,2.47,6.19,24.25198332,74.75077264
20140326,0.0,24.18,36.27,18.77,17.51,2.06,4.42,24.25198332,74.75077264
20140327,0.0,24.26,37.93,20.13,17.8,2.52,3.53,24.25198332,74.75077264
20140328,0.0,22.36,38.56,20.38,18.17,6.83,7.62,24.25198332,74.75077264
20140329,0.0,22.68,37.84,19.6,18.25,3.32,4.99,24.25198332,74.75077264
20140330,0.0,25.61,37.41,20.21,17.19,2.83,3.9,24.25198332,74.75077264
20140331,0.0,24.05,37.27,19.86,17.41,2.62,4.46,24.25198332,74.75077264
20140401,0.0,19.56,37.65,19.81,17.84,4.83,7.95,24.25198332,74.75077264
20140402,0.0,24.23,36.94,20.59,16.35,4.41,3.14,24.25198332,74.75077264
20140403,0.0,23.15,37.16,20.51,16.66,2.31,5.75,24.25198332,74.75077264
20140404,0.0,16.6,39.07,20.97,18.09,2.4,4.65,24.25198332,74.75077264
20140405,0.0,16.21,40.11,22.03,18.08,6.53,9.16,24.25198332,74.75077264
20140406,0.0,15.93,39.85,21.45,18.4,5.0,5.4,24.25198332,74.75077264
20140407,0.0,22.69,38.74,22.73,16.01,4.42,5.22,24.25198332,74.75077264
20140408,0.0,19.02,36.89,19.14,17.75,1.83,4.22,24.25198332,74.75077264
20140409,0.0,12.7,37.64,17.71,19.93,3.69,5.62,24.25198332,74.75077264
20140410,0.0,10.69,37.57,17.49,20.08,2.76,6.6,24.25198332,74.75077264
20140411,0.0,10.16,39.02,18.28,20.74,2.47,6.72,24.25198332,74.75077264
20140412,0.0,12.07,39.38,20.15,19.23,3.25,7.34,24.25198332,74.75077264
20140413,0.0,14.76,40.34,20.97,19.37,3.64,7.97,24.25198332,74.75077264
20140414,0.0,18.09,40.06,22.25,17.81,2.5,6.27,24.25198332,74.75077264
20140415,0.0,18.87,41.06,23.14,17.92,2.04,4.14,24.25198332,74.75077264
20140416,0.04,15.05,41.79,23.53,18.26,3.19,5.72,24.25198332,74.75077264
20140417,0.1,22.2,40.75,24.07,16.68,2.97,4.14,24.25198332,74.75077264
20140418,0.19,27.38,38.79,24.39,14.4,5.06,8.08,24.25198332,74.75077264
20140419,0.0,31.86,35.83,23.33,12.5,3.77,5.63,24.25198332,74.75077264
20140420,0.07,27.14,37.91,23.58,14.33,2.34,4.12,24.25198332,74.75077264
20140421,0.35,23.0,37.94,22.85,15.1,1.87,4.63,24.25198332,74.75077264
20140422,0.62,21.47,39.81,23.49,16.32,2.86,5.17,24.25198332,74.75077264
20140423,1.05,22.8,38.87,23.13,15.74,2.26,5.5,24.25198332,74.75077264
20140424,0.0,19.75,39.94,22.5,17.44,2.18,4.05,24.25198332,74.75077264
20140425,0.0,19.35,41.15,24.14,17.02,2.41,6.19,24.25198332,74.75077264
20140426,0.0,17.82,42.17,24.84,17.33,3.29,6.3,24.25198332,74.75077264
20140427,0.0,17.86,41.93,25.97,15.95,2.47,4.95,24.25198332,74.75077264
20140428,0.0,13.34,42.52,24.48,18.03,3.41,7.45,24.25198332,74.75077264
20140429,0.0,14.21,43.49,25.17,18.32,2.75,6.68,24.25198332,74.75077264
20140430,0.0,15.06,43.54,26.71,16.82,2.86,6.28,24.25198332,74.75077264
20140501,0.0,14.57,42.68,25.49,17.19,3.76,4.77,24.25198332,74.75077264
20140502,0.0,18.54,41.94,25.3,16.64,4.21,4.12,24.25198332,74.75077264
20140503,0.0,22.02,40.29,23.56,16.73,5.09,6.31,24.25198332,74.75077264
20140504,0.0,24.16,39.6,25.28,14.32,4.1,5.98,24.25198332,74.75077264
20140505,0.0,26.77,40.24,25.36,14.88,3.48,4.11,24.25198332,74.75077264
20140506,0.1,21.62,41.08,26.66,14.42,3.77,4.86,24.25198332,74.75077264
20140507,0.07,19.54,41.91,26.51,15.4,1.98,4.73,24.25198332,74.75077264
20140508,0.03,15.64,43.07,27.03,16.04,3.34,6.61,24.25198332,74.75077264
20140509,0.0,16.6,41.94,26.09,15.84,5.68,6.24,24.25198332,74.75077264
20140510,0.0,22.27,39.74,25.47,14.26,4.5,4.81,24.25198332,74.75077264
20140511,0.25,28.67,39.04,24.88,14.16,3.67,3.01,24.25198332,74.75077264
20140512,0.35,31.23,38.62,25.43,13.19,4.47,3.86,24.25198332,74.75077264
20140513,1.01,32.14,36.92,25.07,11.85,2.78,2.27,24.25198332,74.75077264
20140514,0.05,31.74,38.74,24.67,14.07,2.49,3.98,24.25198332,74.75077264
20140515,0.01,34.47,38.06,25.62,12.44,3.16,2.39,24.25198332,74.75077264
20140516,1.1,39.31,35.17,24.26,10.91,3.4,3.1,24.25198332,74.75077264
20140517,0.56,35.42,39.07,25.75,13.32,1.84,3.51,24.25198332,74.75077264
20140518,0.0,30.0,40.49,26.25,14.24,3.95,6.37,24.25198332,74.75077264
20140519,0.0,22.84,41.43,28.11,13.32,4.84,7.67,24.25198332,74.75077264
20140520,0.0,18.47,42.24,27.13,15.11,3.32,4.75,24.25198332,74.75077264
20140521,0.0,18.53,42.2,25.6,16.6,2.27,4.69,24.25198332,74.75077264
20140522,0.0,19.89,43.03,27.12,15.91,3.37,4.29,24.25198332,74.75077264
20140523,0.0,20.01,42.85,27.13,15.72,2.38,3.28,24.25198332,74.75077264
20140524,0.02,21.01,43.21,26.38,16.83,2.95,4.33,24.25198332,74.75077264
20140525,0.08,22.0,42.81,27.97,14.84,2.77,4.71,24.25198332,74.75077264
20140526,0.23,20.86,43.34,28.95,14.39,2.49,4.8,24.25198332,74.75077264
20140527,0.0,19.05,43.16,28.95,14.21,2.73,3.9,24.25198332,74.75077264
20140528,0.0,16.38,44.95,29.56,15.39,4.13,6.65,24.25198332,74.75077264
20140529,0.0,19.41,44.94,28.82,16.11,4.09,3.01,24.25198332,74.75077264
20140530,0.0,21.85,43.9,27.7,16.2,3.26,2.59,24.25198332,74.75077264
20140531,0.0,27.21,43.35,28.03,15.32,2.31,3.19,24.25198332,74.75077264
20140601,4.15,26.66,43.71,28.4,15.31,2.83,5.94,24.25198332,74.75077264
20140602,0.9,25.76,43.54,28.82,14.72,2.12,4.34,24.25198332,74.75077264
20140603,0.0,22.08,44.34,28.89,15.45,2.13,3.92,24.25198332,74.75077264
20140604,0.0,21.0,45.16,29.73,15.43,2.27,5.03,24.25198332,74.75077264
20140605,0.04,20.75,44.87,30.99,13.88,5.45,4.41,24.25198332,74.75077264
20140606,0.01,23.03,42.81,29.66,13.14,3.92,4.7,24.25198332,74.75077264
20140607,0.0,18.65,44.64,28.91,15.73,5.59,8.75,24.25198332,74.75077264
20140608,0.0,20.29,44.3,28.33,15.97,2.5,3.68,24.25198332,74.75077264
20140609,0.0,24.66,44.55,27.97,16.58,2.34,2.88,24.25198332,74.75077264
20140610,0.0,27.13,43.75,27.47,16.28,3.91,5.38,24.25198332,74.75077264
20140611,2.32,39.55,40.94,28.58,12.36,3.95,5.26,24.25198332,74.75077264
20140612,0.41,40.83,39.67,26.32,13.35,4.47,6.28,24.25198332,74.75077264
20140613,0.0,40.58,39.74,26.41,13.33,3.27,3.86,24.25198332,74.75077264
20140614,0.0,44.08,39.49,26.99,12.5,3.14,4.41,24.25198332,74.75077264
20140615,0.0,47.44,39.81,26.86,12.95,3.14,4.12,24.25198332,74.75077264
20140616,0.0,44.91,40.54,26.93,13.61,5.37,7.42,24.25198332,74.75077264
20140617,0.33,49.99,39.61,27.4,12.21,4.22,5.95,24.25198332,74.75077264
20140618,0.06,47.59,38.99,26.78,12.21,3.25,4.26,24.25198332,74.75077264
20140619,0.02,43.85,40.47,27.21,13.27,4.38,6.32,24.25198332,74.75077264
20140620,0.0,44.66,39.45,27.61,11.83,3.05,4.89,24.25198332,74.75077264
20140621,0.0,43.91,39.64,27.73,11.91,2.77,3.13,24.25198332,74.75077264
20140622,0.0,44.31,39.61,26.77,12.84,2.47,3.18,24.25198332,74.75077264
20140623,1.15,44.1,39.16,26.56,12.6,2.75,2.85,24.25198332,74.75077264
20140624,0.27,42.64,39.75,25.97,13.78,3.56,4.37,24.25198332,74.75077264
20140625,0.0,42.57,39.09,26.18,12.91,3.24,4.81,24.25198332,74.75077264
20140626,0.0,40.2,39.24,26.58,12.66,3.74,5.3,24.25198332,74.75077264
20140627,2.12,38.61,39.28,27.39,11.89,3.26,3.82,24.25198332,74.75077264
20140628,0.6,36.08,40.43,27.34,13.1,2.46,3.98,24.25198332,74.75077264
20140629,0.0,37.86,39.42,26.17,13.26,3.08,3.04,24.25198332,74.75077264
20140630,0.0,40.69,39.54,25.31,14.23,2.24,2.47,24.25198332,74.75077264
20140701,0.0,39.5,39.44,26.56,12.88,3.1,3.8,24.25198332,74.75077264
20140702,0.04,43.27,38.53,26.98,11.55,1.61,2.17,24.25198332,74.75077264
20140703,0.0,45.1,37.79,26.94,10.86,2.29,1.8,24.25198332,74.75077264
20140704,0.0,42.66,38.83,26.84,11.99,2.48,2.2,24.25198332,74.75077264
20140705,0.27,37.91,39.75,27.25,12.5,2.63,2.79,24.25198332,74.75077264
20140706,0.15,36.27,40.52,27.5,13.01,4.12,3.41,24.25198332,74.75077264
20140707,0.0,36.01,40.86,28.33,12.53,2.39,2.38,24.25198332,74.75077264
20140708,0.42,36.59,40.51,28.0,12.52,2.57,3.78,24.25198332,74.75077264
20140709,1.82,41.66,39.47,27.62,11.85,2.18,3.95,24.25198332,74.75077264
20140710,2.18,50.21,38.39,26.94,11.46,4.0,5.83,24.25198332,74.75077264
20140711,2.83,50.2,38.53,26.37,12.16,4.45,5.17,24.25198332,74.75077264
20140712,5.15,61.43,33.42,26.82,6.6,3.39,4.92,24.25198332,74.75077264
20140713,4.44,67.37,33.41,25.72,7.69,3.16,3.95,24.25198332,74.75077264
20140714,5.82,69.25,32.92,25.22,7.7,2.51,4.31,24.25198332,74.75077264
20140715,12.96,67.91,34.61,25.45,9.16,4.65,6.54,24.25198332,74.75077264
20140716,20.01,74.92,32.11,25.19,6.93,3.85,4.52,24.25198332,74.75077264
20140717,10.69,77.26,32.13,25.02,7.12,3.79,5.45,24.25198332,74.75077264
20140718,8.18,79.78,31.77,25.37,6.41,2.13,2.03,24.25198332,74.75077264
20140719,2.66,70.15,33.78,24.84,8.94,2.47,2.66,24.25198332,74.75077264
20140720,1.09,65.98,34.21,24.03,10.18,3.95,3.66,24.25198332,74.75077264
20140721,0.66,61.29,34.97,23.74,11.23,3.46,2.22,24.25198332,74.75077264
20140722,10.46,72.15,31.3,23.71,7.59,4.6,4.84,24.25198332,74.75077264
20140723,31.19,81.52,30.9,24.57,6.33,3.33,3.19,24.25198332,74.75077264
20140724,9.19,82.46,31.94,23.6,8.34,6.39,7.8,24.25198332,74.75077264
20140725,7.83,83.11,29.19,23.16,6.03,3.48,4.14,24.25198332,74.75077264
20140726,38.15,84.88,29.98,23.71,6.27,1.65,2.51,24.25198332,74.75077264
20140727,22.25,86.57,30.25,24.33,5.92,1.83,2.55,24.25198332,74.75077264
20140728,34.16,89.32,28.85,24.44,4.41,1.56,2.17,24.25198332,74.75077264
20140729,22.74,90.98,28.35,24.57,3.78,1.5,1.59,24.25198332,74.75077264
20140730,9.2,87.48,29.55,24.28,5.27,2.99,4.99,24.25198332,74.75077264
20140731,4.29,86.27,30.33,24.5,5.83,1.73,3.72,24.25198332,74.75077264
20140801,4.93,88.14,28.74,24.33,4.41,2.32,2.49,24.25198332,74.75077264
20140802,1.48,83.59,30.89,23.81,7.08,3.17,3.63,24.25198332,74.75077264
20140803,2.24,88.26,29.59,23.62,5.97,3.19,3.01,24.25198332,74.75077264
20140804,6.86,88.58,28.25,23.96,4.29,4.21,3.99,24.25198332,74.75077264
20140805,16.4,89.41,27.49,23.94,3.55,1.5,1.23,24.25198332,74.75077264
20140806,55.45,92.94,26.79,23.68,3.11,1.73,1.99,24.25198332,74.75077264
20140807,15.78,90.43,28.12,23.68,4.45,3.22,3.05,24.25198332,74.75077264
20140808,6.53,89.41,27.94,23.64,4.3,3.1,2.47,24.25198332,74.75077264
20140809,1.38,87.92,28.82,23.39,5.43,4.23,3.75,24.25198332,74.75077264
20140810,13.04,88.03,29.41,23.32,6.09,3.46,3.12,24.25198332,74.75077264
20140811,20.81,90.88,28.52,23.86,4.66,1.66,2.02,24.25198332,74.75077264
20140812,16.37,88.33,29.28,23.28,6.0,2.88,2.6,24.25198332,74.75077264
20140813,7.07,86.91,28.99,23.03,5.96,3.54,3.71,24.25198332,74.75077264
20140814,0.14,85.84,29.41,22.5,6.91,3.93,3.55,24.25198332,74.75077264
20140815,0.08,86.22,29.22,22.63,6.6,4.22,4.01,24.25198332,74.75077264
20140816,0.48,84.28,29.47,22.43,7.03,3.2,1.92,24.25198332,74.75077264
20140817,4.47,84.25,29.16,22.09,7.07,3.54,5.0,24.25198332,74.75077264
20140818,0.44,82.07,29.9,22.19,7.71,2.96,4.05,24.25198332,74.75077264
20140819,0.13,80.01,31.22,22.8,8.42,3.36,4.6,24.25198332,74.75077264
20140820,0.0,80.27,31.72,22.67,9.05,2.56,4.66,24.25198332,74.75077264
20140821,0.0,78.05,31.47,22.89,8.58,3.17,5.34,24.25198332,74.75077264
20140822,0.17,78.58,32.03,23.22,8.81,2.05,3.98,24.25198332,74.75077264
20140823,8.64,81.41,31.1,24.28,6.83,2.83,3.23,24.25198332,74.75077264
20140824,1.41,88.69,28.28,24.11,4.18,1.77,3.48,24.25198332,74.75077264
20140825,0.07,85.91,29.67,23.41,6.26,2.61,1.47,24.25198332,74.75077264
20140826,0.04,82.97,30.78,22.75,8.03,1.67,3.5,24.25198332,74.75077264
20140827,1.35,82.2,30.27,22.28,7.99,1.99,4.01,24.25198332,74.75077264
20140828,2.59,78.9,31.02,22.27,8.75,3.33,5.56,24.25198332,74.75077264
20140829,1.28,79.13,31.01,22.6,8.41,2.49,2.56,24.25198332,74.75077264
20140830,4.74,84.97,29.55,23.3,6.25,2.48,2.3,24.25198332,74.75077264
20140831,9.46,85.95,30.4,23.36,7.03,1.63,1.69,24.25198332,74.75077264
20140901,4.96,88.24,28.97,24.43,4.54,2.76,1.95,24.25198332,74.75077264
20140902,13.52,88.3,29.04,23.3,5.74,4.05,4.97,24.25198332,74.75077264
20140903,12.72,92.02,27.9,24.0,3.91,5.06,6.91,24.25198332,74.75077264
20140904,10.26,90.6,28.26,23.19,5.07,3.18,2.66,24.25198332,74.75077264
20140905,1.91,85.96,29.49,23.03,6.46,3.68,3.02,24.25198332,74.75077264
20140906,0.22,83.45,29.33,21.46,7.87,2.61,2.95,24.25198332,74.75077264
20140907,26.65,85.78,28.89,21.26,7.64,1.87,2.16,24.25198332,74.75077264
20140908,21.77,88.24,29.66,22.64,7.03,3.47,2.91,24.25198332,74.75077264
20140909,33.96,89.52,28.92,23.59,5.33,2.4,2.61,24.25198332,74.75077264
20140910,18.13,89.32,28.63,22.98,5.65,1.2,2.19,24.25198332,74.75077264
20140911,22.19,88.81,28.78,23.09,5.69,2.59,3.32,24.25198332,74.75077264
20140912,7.77,89.69,28.64,22.7,5.94,2.8,2.59,24.25198332,74.75077264
20140913,1.21,85.06,29.49,22.37,7.11,3.04,2.95,24.25198332,74.75077264
20140914,0.74,85.66,29.22,21.83,7.39,2.3,2.85,24.25198332,74.75077264
20140915,0.04,82.77,29.64,21.1,8.54,2.62,2.78,24.25198332,74.75077264
20140916,0.0,83.24,29.97,21.11,8.87,1.04,3.23,24.25198332,74.75077264
20140917,1.58,84.4,29.76,21.02,8.74,2.43,2.45,24.25198332,74.75077264
20140918,0.05,80.77,30.07,19.9,10.17,2.36,3.56,24.25198332,74.75077264
20140919,0.0,82.02,30.42,19.46,10.97,2.31,2.47,24.25198332,74.75077264
20140920,0.0,79.17,30.21,20.49,9.71,2.71,3.53,24.25198332,74.75077264
20140921,0.0,81.15,29.71,19.32,10.4,2.31,2.89,24.25198332,74.75077264
20140922,0.0,84.87,29.81,19.39,10.42,1.69,2.28,24.25198332,74.75077264
20140923,0.0,85.16,29.7,20.08,9.62,2.41,1.68,24.25198332,74.75077264
20140924,0.0,85.38,29.18,19.39,9.79,2.03,2.18,24.25198332,74.75077264
20140925,0.0,82.35,29.36,19.25,10.11,1.22,3.13,24.25198332,74.75077264
20140926,1.13,80.82,29.62,19.9,9.71,2.02,1.92,24.25198332,74.75077264
20140927,0.12,77.43,29.86,19.42,10.44,1.94,3.25,24.25198332,74.75077264
20140928,0.0,73.01,30.44,20.44,10.0,1.65,2.24,24.25198332,74.75077264
20140929,0.0,74.47,30.88,20.95,9.93,1.34,1.95,24.25198332,74.75077264
20140930,0.01,74.23,30.88,21.09,9.79,1.04,2.02,24.25198332,74.75077264
20141001,0.0,72.27,30.82,20.46,10.36,1.37,1.94,24.25198332,74.75077264
20141002,0.0,69.48,31.46,20.73,10.73,2.34,3.2,24.25198332,74.75077264
20141003,0.49,69.49,31.72,20.38,11.34,1.39,2.28,24.25198332,74.75077264
20141004,0.65,69.58,31.91,19.94,11.97,2.22,3.2,24.25198332,74.75077264
20141005,0.0,64.71,31.62,19.37,12.25,2.29,3.84,24.25198332,74.75077264
20141006,0.0,63.15,31.38,19.22,12.16,1.54,2.29,24.25198332,74.75077264
20141007,0.61,63.19,31.62,18.75,12.87,3.14,4.69,24.25198332,74.75077264
20141008,0.2,66.67,31.54,21.21,10.32,2.82,3.99,24.25198332,74.75077264
20141009,0.07,72.75,31.03,20.79,10.24,1.61,2.1,24.25198332,74.75077264
20141010,0.39,64.11,31.52,20.86,10.66,1.44,2.64,24.25198332,74.75077264
20141011,0.0,51.89,32.57,20.04,12.53,1.35,1.71,24.25198332,74.75077264
20141012,0.0,52.56,32.32,19.08,13.24,3.11,7.17,24.25198332,74.75077264
20141013,0.0,60.55,30.63,15.88,14.75,2.41,3.26,24.25198332,74.75077264
20141014,0.0,70.82,30.41,19.84,10.57,2.78,6.0,24.25198332,74.75077264
20141015,0.04,65.32,30.71,18.71,12.0,2.51,3.9,24.25198332,74.75077264
20141016,0.0,64.55,30.62,18.81,11.82,1.85,3.44,24.25198332,74.75077264
20141017,0.0,60.44,30.77,17.98,12.79,2.3,3.62,24.25198332,74.75077264
20141018,0.1,57.48,30.66,18.75,11.91,1.85,3.05,24.25198332,74.75077264
20141019,0.57,63.06,30.85,18.91,11.94,1.99,3.25,24.25198332,74.75077264
20141020,0.17,58.69,31.51,19.55,11.97,2.23,3.83,24.25198332,74.75077264
20141021,0.0,51.37,32.02,18.25,13.77,1.35,1.45,24.25198332,74.75077264
20141022,0.0,44.79,32.23,19.24,12.99,1.15,1.94,24.25198332,74.75077264
20141023,0.0,46.81,32.62,18.65,13.97,1.65,2.53,24.25198332,74.75077264
20141024,0.0,46.05,32.46,21.53,10.94,1.24,1.98,24.25198332,74.75077264
20141025,0.0,50.63,32.33,19.31,13.02,1.33,2.89,24.25198332,74.75077264
20141026,0.0,60.08,30.75,18.87,11.88,1.41,2.37,24.25198332,74.75077264
20141027,0.0,54.15,30.17,17.19,12.97,1.41,1.82,24.25198332,74.75077264
20141028,0.0,50.8,31.66,17.64,14.02,1.75,2.92,24.25198332,74.75077264
20141029,0.0,51.0,31.47,18.49,12.98,1.33,2.39,24.25198332,74.75077264
20141030,0.0,55.92,31.53,20.34,11.19,2.18,5.13,24.25198332,74.75077264
20141031,0.0,63.51,28.99,18.69,10.3,2.59,4.41,24.25198332,74.75077264
20141101,0.0,60.67,30.75,19.05,11.7,2.55,5.63,24.25198332,74.75077264
20141102,0.0,54.24,31.37,17.56,13.81,2.44,5.01,24.25198332,74.75077264
20141103,0.0,54.64,31.58,17.76,13.82,1.13,2.29,24.25198332,74.75077264
20141104,0.0,52.96,31.73,18.38,13.36,3.25,6.28,24.25198332,74.75077264
20141105,0.0,49.81,31.78,17.47,14.31,2.81,3.82,24.25198332,74.75077264
20141106,0.0,46.13,31.69,16.25,15.44,1.67,2.32,24.25198332,74.75077264
20141107,0.0,44.48,31.61,16.21,15.39,1.35,2.32,24.25198332,74.75077264
20141108,0.0,43.03,31.6,16.68,14.91,1.03,1.7,24.25198332,74.75077264
20141109,0.0,45.81,31.07,17.27,13.79,1.04,1.6,24.25198332,74.75077264
20141110,0.0,46.27,30.6,15.41,15.18,2.23,4.1,24.25198332,74.75077264
20141111,0.0,48.48,30.61,15.93,14.68,1.67,3.16,24.25198332,74.75077264
20141112,0.0,52.97,31.06,15.55,15.52,2.18,5.21,24.25198332,74.75077264
20141113,0.26,61.83,31.02,18.06,12.96,2.96,6.04,24.25198332,74.75077264
20141114,0.14,67.38,30.54,19.37,11.18,2.82,5.78,24.25198332,74.75077264
20141115,0.09,68.25,29.44,19.95,9.49,1.75,3.33,24.25198332,74.75077264
20141116,0.0,71.5,28.64,19.97,8.67,2.02,4.73,24.25198332,74.75077264
20141117,0.0,58.6,30.14,17.52,12.62,1.58,4.53,24.25198332,74.75077264
20141118,0.0,44.32,30.12,14.68,15.44,3.06,5.36,24.25198332,74.75077264
20141119,0.0,39.29,30.36,13.57,16.79,2.84,5.24,24.25198332,74.75077264
20141120,0.0,39.08,30.85,14.5,16.34,1.2,2.61,24.25198332,74.75077264
20141121,0.0,38.13,30.64,15.74,14.9,2.05,2.17,24.25198332,74.75077264
20141122,0.0,35.7,30.04,15.81,14.23,1.97,2.05,24.25198332,74.75077264
20141123,0.0,35.83,30.4,15.66,14.74,1.82,2.82,24.25198332,74.75077264
20141124,0.0,40.87,30.55,13.08,17.48,1.91,3.67,24.25198332,74.75077264
20141125,0.0,41.06,30.69,13.14,17.55,1.85,3.24,24.25198332,74.75077264
20141126,0.0,34.48,30.94,14.72,16.22,1.89,2.18,24.25198332,74.75077264
20141127,0.0,30.4,31.02,14.32,16.7,1.94,2.02,24.25198332,74.75077264
20141128,0.0,33.73,32.04,13.82,18.22,0.96,2.08,24.25198332,74.75077264
20141129,0.0,35.69,31.03,16.28,14.75,2.07,3.81,24.25198332,74.75077264
20141130,0.0,40.21,30.84,14.33,16.51,1.81,3.81,24.25198332,74.75077264
20141201,0.0,36.35,30.08,15.02,15.06,1.05,1.42,24.25198332,74.75077264
20141202,0.0,35.55,29.99,13.34,16.65,1.82,3.17,24.25198332,74.75077264
20141203,0.0,32.9,29.82,13.51,16.3,1.1,2.73,24.25198332,74.75077264
20141204,0.0,31.47,29.89,13.29,16.6,1.6,3.71,24.25198332,74.75077264
20141205,0.0,32.64,29.37,13.19,16.18,1.39,3.91,24.25198332,74.75077264
20141206,0.0,32.41,28.18,12.75,15.43,1.27,4.24,24.25198332,74.75077264
20141207,0.0,26.32,29.35,13.38,15.97,1.76,4.6,24.25198332,74.75077264
20141208,0.0,24.87,29.05,13.04,16.01,2.89,5.38,24.25198332,74.75077264
20141209,0.0,28.63,29.99,12.03,17.96,1.83,4.09,24.25198332,74.75077264
20141210,0.0,32.96,28.58,11.34,17.24,3.79,7.68,24.25198332,74.75077264
20141211,0.01,36.3,28.39,12.44,15.95,4.44,5.47,24.25198332,74.75077264
20141212,6.39,61.77,28.35,14.83,13.52,3.46,5.02,24.25198332,74.75077264
20141213,1.57,61.34,26.1,11.98,14.12,5.69,5.7,24.25198332,74.75077264
20141214,0.02,50.54,23.43,8.91,14.52,1.43,4.44,24.25198332,74.75077264
20141215,0.0,44.65,22.64,6.36,16.28,1.53,4.4,24.25198332,74.75077264
20141216,0.0,43.9,22.83,6.45,16.38,1.6,3.69,24.25198332,74.75077264
20141217,0.0,42.73,23.28,5.43,17.85,1.61,3.1,24.25198332,74.75077264
20141218,0.0,38.64,24.01,6.1,17.91,1.43,2.78,24.25198332,74.75077264
20141219,0.0,38.9,22.14,7.53,14.61,2.03,3.95,24.25198332,74.75077264
20141220,0.0,35.8,22.88,9.59,13.29,1.43,3.44,24.25198332,74.75077264
20141221,0.0,29.62,25.77,6.51,19.26,3.66,7.97,24.25198332,74.75077264
20141222,0.0,32.28,27.33,6.98,20.35,3.39,6.24,24.25198332,74.75077264
20141223,0.0,30.63,26.59,9.3,17.29,3.19,5.69,24.25198332,74.75077264
20141224,0.0,38.54,25.44,7.79,17.65,3.28,7.07,24.25198332,74.75077264
20141225,0.0,37.71,25.07,7.78,17.29,3.29,7.25,24.25198332,74.75077264
20141226,0.0,29.44,24.62,7.14,17.48,2.18,3.46,24.25198332,74.75077264
20141227,0.0,27.6,23.92,6.33,17.59,2.8,6.74,24.25198332,74.75077264
20141228,0.0,28.61,23.55,5.49,18.06,2.03,5.95,24.25198332,74.75077264
20141229,0.0,29.34,23.75,5.66,18.09,2.41,6.69,24.25198332,74.75077264
20141230,0.0,32.32,24.73,5.9,18.83,2.92,6.65,24.25198332,74.75077264
20141231,0.16,48.86,24.44,8.07,16.37,2.36,3.93,24.25198332,74.75077264
20150101,7.41,80.68,18.68,11.41,7.27,4.14,3.83,24.25198332,74.75077264
20150102,0.48,79.33,21.46,10.63,10.83,2.91,4.33,24.25198332,74.75077264
20150103,0.24,64.74,24.02,10.51,13.51,2.59,5.46,24.25198332,74.75077264
20150104,0.0,60.07,23.86,8.62,15.24,1.27,4.76,24.25198332,74.75077264
20150105,0.0,39.6,25.16,7.54,17.62,2.93,5.75,24.25198332,74.75077264
20150106,0.0,33.16,26.54,10.39,16.15,3.8,5.12,24.25198332,74.75077264
20150107,0.0,36.11,26.53,9.95,16.58,2.72,5.07,24.25198332,74.75077264
20150108,0.0,36.8,25.03,7.82,17.21,2.31,5.64,24.25198332,74.75077264
20150109,0.0,32.33,26.12,6.92,19.2,3.26,6.44,24.25198332,74.75077264
20150110,0.0,29.15,27.21,8.86,18.35,2.7,2.95,24.25198332,74.75077264
20150111,0.0,30.18,28.83,8.9,19.93,1.96,3.96,24.25198332,74.75077264
20150112,0.0,33.01,28.88,9.96,18.91,2.49,5.27,24.25198332,74.75077264
20150113,0.0,31.5,27.82,8.93,18.89,2.58,3.75,24.25198332,74.75077264
20150114,0.0,37.32,26.41,12.28,14.13,3.49,6.11,24.25198332,74.75077264
20150115,0.0,39.4,23.29,7.7,15.58,3.8,6.89,24.25198332,74.75077264
20150116,0.0,34.61,24.04,7.25,16.79,2.97,7.25,24.25198332,74.75077264
20150117,0.0,30.53,23.88,5.77,18.11,3.89,7.54,24.25198332,74.75077264
20150118,0.0,28.8,25.39,6.2,19.18,3.95,7.77,24.25198332,74.75077264
20150119,0.0,31.12,26.51,6.98,19.53,3.06,6.04,24.25198332,74.75077264
20150120,0.0,37.95,26.63,8.97,17.66,3.46,3.06,24.25198332,74.75077264
20150121,3.15,55.21,26.4,11.05,15.35,3.52,3.68,24.25198332,74.75077264
20150122,4.49,72.34,23.14,12.9,10.24,2.72,3.96,24.25198332,74.75077264
20150123,0.04,65.2,22.84,11.85,10.98,2.95,4.67,24.25198332,74.75077264
20150124,0.01,65.87,23.7,9.61,14.08,4.42,7.44,24.25198332,74.75077264
20150125,5.43,79.16,19.59,11.2,8.39,1.87,4.01,24.25198332,74.75077264
20150126,0.07,67.72,23.38,10.39,13.0,2.5,4.79,24.25198332,74.75077264
20150127,0.01,65.98,22.62,9.6,13.03,3.92,6.71,24.25198332,74.75077264
20150128,0.0,55.71,22.55,7.42,15.13,4.56,7.15,24.25198332,74.75077264
20150129,0.0,41.56,24.15,6.32,17.83,2.19,5.31,24.25198332,74.75077264
20150130,0.0,35.49,24.17,5.8,18.37,1.77,5.15,24.25198332,74.75077264
20150131,0.0,28.79,27.74,7.54,20.2,2.46,5.37,24.25198332,74.75077264
20150201,0.0,33.37,28.44,8.31,20.13,3.75,4.38,24.25198332,74.75077264
20150202,0.0,34.91,28.5,12.14,16.36,6.24,7.35,24.25198332,74.75077264
20150203,0.0,40.34,28.62,12.24,16.38,2.72,5.94,24.25198332,74.75077264
20150204,0.0,41.37,26.79,9.71,17.08,4.45,7.12,24.25198332,74.75077264
20150205,0.0,37.59,27.83,9.34,18.49,3.48,5.72,24.25198332,74.75077264
20150206,0.0,41.46,29.12,11.55,17.57,2.37,3.28,24.25198332,74.75077264
20150207,0.01,29.11,29.3,11.62,17.69,3.74,4.96,24.25198332,74.75077264
20150208,0.58,34.93,28.88,12.61,16.27,4.7,7.5,24.25198332,74.75077264
20150209,0.1,53.66,27.42,12.43,14.99,2.85,5.12,24.25198332,74.75077264
20150210,0.0,43.2,28.09,11.27,16.82,2.9,5.5,24.25198332,74.75077264
20150211,0.3,41.64,28.53,12.86,15.66,3.02,6.03,24.25198332,74.75077264
20150212,0.0,32.37,29.39,11.18,18.2,3.49,7.03,24.25198332,74.75077264
20150213,0.0,23.95,31.54,11.03,20.51,2.8,4.88,24.25198332,74.75077264
20150214,0.0,23.03,32.62,14.74,17.88,3.31,5.17,24.25198332,74.75077264
20150215,0.0,24.66,33.61,14.31,19.3,2.01,5.04,24.25198332,74.75077264
20150216,0.0,26.97,33.57,14.17,19.4,3.42,4.8,24.25198332,74.75077264
20150217,0.0,25.11,33.23,15.26,17.96,2.96,4.79,24.25198332,74.75077264
20150218,0.0,26.99,32.54,14.19,18.36,2.14,5.6,24.25198332,74.75077264
20150219,0.0,27.62,32.86,15.87,16.98,4.13,4.4,24.25198332,74.75077264
20150220,0.0,26.68,32.93,17.01,15.92,2.16,3.22,24.25198332,74.75077264
20150221,0.0,24.77,33.54,15.63,17.9,2.06,4.72,24.25198332,74.75077264
20150222,0.0,22.75,35.38,15.33,20.06,3.08,5.36,24.25198332,74.75077264
20150223,0.0,20.94,35.15,16.81,18.34,1.78,2.19,24.25198332,74.75077264
20150224,0.0,25.36,33.71,18.23,15.48,3.9,5.28,24.25198332,74.75077264
20150225,0.0,30.58,31.53,17.23,14.3,6.69,6.71,24.25198332,74.75077264
20150226,0.0,13.47,29.7,12.26,17.43,4.18,6.98,24.25198332,74.75077264
20150227,0.0,15.07,29.52,10.17,19.35,3.24,6.41,24.25198332,74.75077264
20150228,0.02,21.95,29.35,12.69,16.67,5.17,6.32,24.25198332,74.75077264
20150301,9.54,59.99,27.12,14.62,12.5,7.23,6.15,24.25198332,74.75077264
20150302,1.76,58.61,26.12,13.75,12.36,3.15,3.33,24.25198332,74.75077264
20150303,0.0,45.22,25.57,11.06,14.52,1.9,4.71,24.25198332,74.75077264
20150304,0.0,39.26,27.32,11.37,15.95,1.68,3.71,24.25198332,74.75077264
20150305,0.0,38.02,29.49,13.23,16.26,3.21,4.9,24.25198332,74.75077264
20150306,0.0,37.3,30.56,13.4,17.16,2.68,4.26,24.25198332,74.75077264
20150307,0.0,38.31,31.43,14.92,16.52,5.16,6.26,24.25198332,74.75077264
20150308,0.0,34.81,31.89,17.16,14.73,5.49,9.13,24.25198332,74.75077264
20150309,0.0,18.25,29.0,11.67,17.34,3.98,5.27,24.25198332,74.75077264
20150310,0.0,27.96,31.08,9.02,22.07,5.12,8.54,24.25198332,74.75077264
20150311,0.15,30.48,34.2,13.97,20.24,5.51,7.33,24.25198332,74.75077264
20150312,1.15,44.46,33.55,18.62,14.93,3.89,3.95,24.25198332,74.75077264
20150313,10.93,48.08,31.59,18.81,12.78,3.75,4.2,24.25198332,74.75077264
20150314,17.89,70.18,26.57,18.28,8.29,4.04,6.28,24.25198332,74.75077264
20150315,7.6,66.59,27.52,16.82,10.71,4.23,4.36,24.25198332,74.75077264
20150316,0.0,46.06,28.98,13.27,15.71,1.81,3.39,24.25198332,74.75077264
20150317,0.0,48.68,29.13,13.51,15.62,2.73,6.02,24.25198332,74.75077264
20150318,0.0,41.97,30.1,12.03,18.07,1.45,4.22,24.25198332,74.75077264
20150319,0.0,38.95,31.67,12.91,18.76,2.19,5.31,24.25198332,74.75077264
20150320,0.0,35.79,34.17,14.46,19.71,3.3,6.21,24.25198332,74.75077264
20150321,0.0,34.35,35.35,16.09,19.26,2.67,4.12,24.25198332,74.75077264
20150322,0.0,34.73,37.09,20.78,16.31,3.4,6.36,24.25198332,74.75077264
20150323,0.0,37.97,36.87,18.9,17.98,1.56,4.19,24.25198332,74.75077264
20150324,0.0,33.85,38.38,20.11,18.27,1.77,4.45,24.25198332,74.75077264
20150325,0.0,32.61,38.75,19.57,19.18,2.72,4.97,24.25198332,74.75077264
20150326,0.0,35.05,37.27,21.09,16.19,3.04,5.19,24.25198332,74.75077264
20150327,0.0,33.25,38.3,22.11,16.19,3.43,5.64,24.25198332,74.75077264
20150328,0.01,31.13,39.6,21.29,18.3,2.97,4.46,24.25198332,74.75077264
20150329,0.1,31.22,35.02,24.03,11.0,4.74,8.0,24.25198332,74.75077264
20150330,0.0,24.51,35.52,21.51,14.01,4.17,4.65,24.25198332,74.75077264
20150331,0.0,20.97,36.29,18.31,17.97,2.7,4.97,24.25198332,74.75077264
20150401,0.0,23.56,37.45,19.44,18.02,5.77,9.25,24.25198332,74.75077264
20150402,0.0,30.17,37.42,19.88,17.53,4.27,4.66,24.25198332,74.75077264
20150403,0.0,33.65,37.01,20.47,16.54,4.03,2.91,24.25198332,74.75077264
20150404,0.18,43.25,33.2,19.38,13.82,5.67,5.29,24.25198332,74.75077264
20150405,0.0,41.96,34.05,20.06,13.99,2.83,3.32,24.25198332,74.75077264
20150406,3.13,41.35,34.58,21.5,13.08,1.68,3.86,24.25198332,74.75077264
20150407,1.14,41.81,35.31,20.37,14.95,3.09,5.67,24.25198332,74.75077264
20150408,0.16,37.37,36.39,20.69,15.7,2.44,5.63,24.25198332,74.75077264
20150409,0.22,32.39,37.6,20.0,17.6,4.24,7.04,24.25198332,74.75077264
20150410,0.0,27.88,39.11,20.63,18.47,3.58,4.22,24.25198332,74.75077264
20150411,0.23,30.57,38.01,23.53,14.48,5.94,6.83,24.25198332,74.75077264
20150412,7.43,49.77,31.92,21.2,10.73,4.32,5.44,24.25198332,74.75077264
20150413,0.78,55.77,30.12,19.08,11.04,4.06,4.75,24.25198332,74.75077264
20150414,0.87,53.13,31.45,18.41,13.05,1.72,4.2,24.25198332,74.75077264
20150415,0.06,47.83,33.73,18.92,14.81,1.03,3.58,24.25198332,74.75077264
20150416,0.0,38.53,37.25,20.97,16.28,4.9,6.68,24.25198332,74.75077264
20150417,0.0,30.67,40.25,21.33,18.92,4.27,7.19,24.25198332,74.75077264
20150418,0.0,24.46,42.21,24.4,17.82,3.54,3.57,24.25198332,74.75077264
20150419,0.0,21.06,42.6,23.64,18.96,2.0,5.45,24.25198332,74.75077264
20150420,0.0,18.54,42.1,24.17,17.93,3.23,3.71,24.25198332,74.75077264
20150421,0.0,17.64,41.9,23.92,17.98,4.46,5.31,24.25198332,74.75077264
20150422,0.0,15.02,41.02,22.85,18.16,4.89,5.55,24.25198332,74.75077264
20150423,0.0,14.95,40.74,21.42,19.32,2.57,5.97,24.25198332,74.75077264
20150424,0.0,17.03,41.31,22.8,18.51,2.67,5.05,24.25198332,74.75077264
20150425,0.0,17.06,42.05,22.63,19.42,3.63,6.55,24.25198332,74.75077264
20150426,0.0,19.45,43.17,23.74,19.43,3.08,3.61,24.25198332,74.75077264
20150427,0.0,18.39,43.68,24.08,19.61,5.41,6.65,24.25198332,74.75077264
20150428,0.0,17.65,42.91,24.37,18.54,3.76,4.53,24.25198332,74.75077264
20150429,0.0,16.46,42.55,25.1,17.45,2.2,4.5,24.25198332,74.75077264
20150430,0.0,17.75,42.38,23.61,18.77,5.09,4.27,24.25198332,74.75077264
20150501,0.0,16.07,41.88,24.34,17.54,2.28,5.16,24.25198332,74.75077264
20150502,0.0,13.6,41.53,24.0,17.53,3.18,6.7,24.25198332,74.75077264
20150503,0.0,12.65,42.07,23.3,18.76,3.99,7.54,24.25198332,74.75077264
20150504,0.0,12.51,42.61,24.54,18.07,2.62,5.12,24.25198332,74.75077264
20150505,0.0,13.33,42.85,25.68,17.18,3.56,7.31,24.25198332,74.75077264
20150506,0.0,12.48,43.06,25.68,17.38,2.51,6.21,24.25198332,74.75077264
20150507,0.0,14.27,43.37,25.74,17.63,2.84,5.78,24.25198332,74.75077264
20150508,0.0,19.71,42.36,26.81,15.55,4.68,4.59,24.25198332,74.75077264
20150509,0.0,19.61,42.15,27.06,15.08,3.3,3.67,24.25198332,74.75077264
20150510,0.02,19.88,41.89,25.79,16.11,6.18,7.07,24.25198332,74.75077264
20150511,0.02,23.66,42.3,26.49,15.81,5.26,5.35,24.25198332,74.75077264
20150512,0.07,27.52,41.43,27.37,14.06,5.83,7.36,24.25198332,74.75077264
20150513,0.1,25.56,41.2,26.81,14.4,3.34,5.82,24.25198332,74.75077264
20150514,0.34,23.66,40.45,26.48,13.98,4.02,6.66,24.25198332,74.75077264
20150515,0.0,19.59,42.49,27.64,14.85,3.01,5.76,24.25198332,74.75077264
20150516,0.0,17.25,44.39,27.58,16.81,5.79,6.88,24.25198332,74.75077264
20150517,0.0,14.42,44.61,27.64,16.97,2.7,4.39,24.25198332,74.75077264
20150518,0.0,14.4,45.44,27.09,18.35,4.41,3.45,24.25198332,74.75077264
20150519,0.0,21.17,45.82,27.72,18.11,4.45,2.92,24.25198332,74.75077264
20150520,0.0,24.22,44.46,27.67,16.79,4.0,3.97,24.25198332,74.75077264
20150521,0.0,26.31,42.99,28.04,14.94,1.74,2.62,24.25198332,74.75077264
20150522,0.0,22.26,43.43,28.09,15.34,4.13,2.27,24.25198332,74.75077264
20150523,0.0,25.27,42.39,27.65,14.74,1.69,2.21,24.25198332,74.75077264
20150524,0.0,35.0,41.52,26.62,14.9,4.05,2.77,24.25198332,74.75077264
20150525,0.0,33.89,41.58,27.85,13.73,3.25,3.0,24.25198332,74.75077264
20150526,0.0,33.76,41.9,26.78,15.12,2.72,2.5,24.25198332,74.75077264
20150527,0.0,30.4,42.59,27.84,14.75,1.37,3.52,24.25198332,74.75077264
20150528,0.04,29.02,42.39,27.54,14.85,4.07,4.98,24.25198332,74.75077264
20150529,0.04,24.25,43.65,28.1,15.55,2.96,5.18,24.25198332,74.75077264
20150530,0.0,20.94,43.8,28.15,15.65,4.17,4.62,24.25198332,74.75077264
20150531,0.0,19.87,44.43,27.61,16.81,1.79,4.27,24.25198332,74.75077264
20150601,0.0,22.5,43.33,27.37,15.96,4.2,5.54,24.25198332,74.75077264
20150602,2.09,36.55,40.73,26.51,14.22,4.76,6.87,24.25198332,74.75077264
20150603,14.66,52.38,35.03,26.77,8.26,4.0,3.2,24.25198332,74.75077264
20150604,0.22,46.59,37.52,24.45,13.07,2.32,3.29,24.25198332,74.75077264
20150605,0.0,37.15,39.58,24.96,14.62,2.91,5.78,24.25198332,74.75077264
20150606,0.0,29.67,41.21,25.48,15.73,1.92,3.07,24.25198332,74.75077264
20150607,0.0,29.35,42.97,26.2,16.76,2.56,5.28,24.25198332,74.75077264
20150608,0.0,32.23,40.74,28.41,12.33,2.64,4.36,24.25198332,74.75077264
20150609,0.02,40.99,38.06,28.31,9.75,3.03,3.48,24.25198332,74.75077264
20150610,1.31,43.82,39.01,27.34,11.67,3.7,4.32,24.25198332,74.75077264
20150611,2.43,49.57,37.05,27.89,9.16,3.9,5.56,24.25198332,74.75077264
20150612,15.21,61.43,35.27,26.75,8.52,3.41,5.06,24.25198332,74.75077264
20150613,4.64,58.7,36.98,25.43,11.54,3.03,4.08,24.25198332,74.75077264
20150614,3.23,60.5,36.58,25.23,11.35,3.57,5.67,24.25198332,74.75077264
20150615,9.08,60.19,36.28,25.62,10.66,4.28,5.83,24.25198332,74.75077264
20150616,4.27,60.67,36.16,25.48,10.68,6.54,8.27,24.25198332,74.75077264
20150617,2.86,58.5,36.96,24.96,12.01,5.4,6.76,24.25198332,74.75077264
20150618,2.33,58.78,36.32,25.92,10.4,4.85,6.64,24.25198332,74.75077264
20150619,2.03,62.32,36.07,25.75,10.33,4.05,6.14,24.25198332,74.75077264
20150620,0.24,62.77,35.58,25.96,9.62,2.46,4.12,24.25198332,74.75077264
20150621,5.31,59.09,36.95,26.94,10.01,3.46,5.98,24.25198332,74.75077264
20150622,8.3,73.19,31.65,25.95,5.69,4.3,5.65,24.25198332,74.75077264
20150623,1.45,70.54,34.76,24.92,9.85,3.49,4.1,24.25198332,74.75077264
20150624,9.59,74.94,32.36,25.14,7.22,4.36,5.42,24.25198332,74.75077264
20150625,6.56,69.54,34.99,24.6,10.38,2.58,3.18,24.25198332,74.75077264
20150626,5.38,65.39,35.42,24.42,11.0,2.63,3.61,24.25198332,74.75077264
20150627,0.0,63.26,36.32,24.72,11.6,2.26,2.89,24.25198332,74.75077264
20150628,0.27,61.46,36.37,24.32,12.05,4.22,4.77,24.25198332,74.75077264
20150629,3.5,62.86,36.48,24.5,11.98,3.12,3.91,24.25198332,74.75077264
20150630,0.84,62.54,35.87,24.88,10.98,1.59,3.42,24.25198332,74.75077264
20150701,0.0,63.32,34.61,24.68,9.93,2.97,2.03,24.25198332,74.75077264
20150702,0.03,61.85,35.12,24.08,11.04,2.13,2.2,24.25198332,74.75077264
20150703,0.01,58.56,36.83,24.12,12.71,1.72,3.03,24.25198332,74.75077264
20150704,0.0,57.51,36.86,24.23,12.63,3.36,3.13,24.25198332,74.75077264
20150705,0.0,59.38,37.08,24.4,12.68,3.76,4.05,24.25198332,74.75077264
20150706,0.0,59.8,36.77,24.32,12.44,2.35,2.47,24.25198332,74.75077264
20150707,0.0,61.32,35.66,24.81,10.85,1.96,3.22,24.25198332,74.75077264
20150708,3.85,59.02,37.1,24.93,12.17,2.39,4.51,24.25198332,74.75077264
20150709,6.66,62.11,35.33,24.59,10.74,3.76,2.73,24.25198332,74.75077264
20150710,7.49,60.86,35.95,24.56,11.39,2.36,2.48,24.25198332,74.75077264
20150711,5.11,61.36,36.36,24.67,11.7,3.58,4.4,24.25198332,74.75077264
20150712,2.64,66.03,33.46,25.06,8.4,3.56,2.74,24.25198332,74.75077264
20150713,1.17,65.31,34.83,24.62,10.21,3.99,3.48,24.25198332,74.75077264
20150714,0.29,57.8,36.83,25.0,11.83,2.93,2.76,24.25198332,74.75077264
20150715,0.04,57.03,37.25,24.78,12.47,2.43,2.31,24.25198332,74.75077264
20150716,0.0,60.24,35.02,25.24,9.78,2.2,3.56,24.25198332,74.75077264
20150717,3.36,67.01,32.57,25.49,7.08,3.23,2.68,24.25198332,74.75077264
20150718,18.98,70.41,33.37,24.99,8.38,2.86,3.07,24.25198332,74.75077264
20150719,26.12,79.35,30.9,24.77,6.13,2.52,3.43,24.25198332,74.75077264
20150720,26.26,84.17,29.17,24.23,4.94,3.03,2.85,24.25198332,74.75077264
20150721,24.96,79.37,31.69,24.08,7.61,1.38,2.75,24.25198332,74.75077264
20150722,6.08,80.88,30.2,24.89,5.31,2.65,4.1,24.25198332,74.75077264
20150723,13.02,80.69,31.58,24.77,6.81,4.14,6.22,24.25198332,74.75077264
20150724,3.49,82.27,30.76,24.17,6.59,2.61,3.46,24.25198332,74.75077264
20150725,29.03,90.29,28.67,25.11,3.57,2.21,2.23,24.25198332,74.75077264
20150726,44.64,91.33,27.24,23.96,3.27,4.54,5.37,24.25198332,74.75077264
20150727,11.98,86.45,29.07,23.44,5.62,4.03,5.09,24.25198332,74.75077264
20150728,42.67,89.16,27.08,23.1,3.98,4.46,5.44,24.25198332,74.75077264
20150729,13.0,89.41,28.58,23.02,5.56,3.02,3.55,24.25198332,74.75077264
20150730,1.68,82.74,30.57,22.63,7.94,2.58,2.09,24.25198332,74.75077264
20150731,0.09,82.65,30.18,22.56,7.61,3.38,2.8,24.25198332,74.75077264
20150801,0.64,83.34,30.08,22.68,7.4,3.82,2.8,24.25198332,74.75077264
20150802,1.01,82.29,30.47,22.84,7.63,3.04,2.13,24.25198332,74.75077264
20150803,1.9,80.13,30.99,22.68,8.32,2.66,2.62,24.25198332,74.75077264
20150804,21.62,83.34,30.27,23.23,7.04,2.9,3.5,24.25198332,74.75077264
20150805,8.36,84.92,30.36,23.01,7.35,1.9,3.5,24.25198332,74.75077264
20150806,0.65,81.71,31.35,23.25,8.1,2.62,3.31,24.25198332,74.75077264
20150807,0.13,87.14,28.56,23.76,4.8,2.47,2.06,24.25198332,74.75077264
20150808,0.17,83.78,30.77,23.67,7.1,2.29,4.09,24.25198332,74.75077264
20150809,24.14,83.0,31.29,23.68,7.61,2.84,4.07,24.25198332,74.75077264
20150810,23.24,86.22,28.72,23.68,5.04,3.72,5.67,24.25198332,74.75077264
20150811,23.58,85.28,30.69,23.59,7.1,2.73,3.46,24.25198332,74.75077264
20150812,37.45,87.51,30.0,24.03,5.97,3.38,4.1,24.25198332,74.75077264
20150813,6.04,86.23,30.7,23.53,7.17,2.58,4.32,24.25198332,74.75077264
20150814,7.35,86.85,30.61,23.98,6.63,3.19,5.14,24.25198332,74.75077264
20150815,36.38,90.85,29.06,23.89,5.17,1.54,1.69,24.25198332,74.75077264
20150816,21.73,89.47,28.9,23.84,5.05,1.49,1.61,24.25198332,74.75077264
20150817,13.09,86.75,30.1,23.15,6.95,2.31,2.59,24.25198332,74.75077264
20150818,2.59,90.15,29.74,23.7,6.04,1.82,1.44,24.25198332,74.75077264
20150819,0.12,86.59,30.5,23.32,7.18,2.25,1.45,24.25198332,74.75077264
20150820,0.0,85.24,29.9,23.02,6.87,2.14,1.89,24.25198332,74.75077264
20150821,0.01,83.66,29.94,22.48,7.46,3.27,2.34,24.25198332,74.75077264
20150822,0.0,84.36,30.47,21.8,8.67,1.91,1.81,24.25198332,74.75077264
20150823,0.0,83.53,30.38,22.31,8.07,1.69,2.95,24.25198332,74.75077264
20150824,0.0,84.16,30.19,22.56,7.63,1.99,2.03,24.25198332,74.75077264
20150825,0.0,82.68,30.24,22.32,7.92,1.42,2.79,24.25198332,74.75077264
20150826,0.0,83.08,30.9,22.08,8.83,1.55,2.98,24.25198332,74.75077264
20150827,0.0,82.81,30.89,21.66,9.24,0.83,3.73,24.25198332,74.75077264
20150828,0.14,80.7,31.1,22.05,9.05,2.6,4.6,24.25198332,74.75077264
20150829,2.85,82.59,31.09,23.04,8.05,2.97,3.97,24.25198332,74.75077264
20150830,1.19,83.63,30.97,23.04,7.93,2.43,3.57,24.25198332,74.75077264
20150831,1.11,83.83,30.73,22.94,7.79,1.78,2.43,24.25198332,74.75077264
20150901,5.79,83.98,30.02,22.44,7.59,2.47,1.8,24.25198332,74.75077264
20150902,5.22,83.34,29.45,21.51,7.94,2.61,2.0,24.25198332,74.75077264
20150903,0.33,78.46,29.58,20.33,9.25,2.62,3.91,24.25198332,74.75077264
20150904,0.0,74.14,30.82,19.95,10.87,1.07,3.65,24.25198332,74.75077264
20150905,0.0,73.83,31.54,20.21,11.33,2.68,5.52,24.25198332,74.75077264
20150906,0.0,75.53,30.7,21.07,9.63,1.29,2.66,24.25198332,74.75077264
20150907,0.0,76.02,29.95,19.84,10.11,1.94,2.82,24.25198332,74.75077264
20150908,0.0,74.64,30.19,19.18,11.01,1.46,3.41,24.25198332,74.75077264
20150909,0.0,71.46,31.02,19.86,11.16,2.7,5.28,24.25198332,74.75077264
20150910,0.0,72.34,32.02,20.1,11.91,2.29,4.0,24.25198332,74.75077264
20150911,0.0,67.71,32.91,22.34,10.57,2.18,4.3,24.25198332,74.75077264
20150912,0.02,65.98,33.32,21.38,11.95,3.38,3.66,24.25198332,74.75077264
20150913,0.05,62.93,33.73,21.69,12.04,3.02,3.62,24.25198332,74.75077264
20150914,0.16,64.59,34.65,21.89,12.76,2.96,3.88,24.25198332,74.75077264
20150915,0.0,67.18,34.43,22.24,12.19,2.33,3.92,24.25198332,74.75077264
20150916,0.0,62.61,34.28,22.31,11.97,3.8,4.87,24.25198332,74.75077264
20150917,1.02,69.18,33.11,22.25,10.86,3.26,3.07,24.25198332,74.75077264
20150918,18.54,83.61,30.57,23.91,6.65,3.47,2.59,24.25198332,74.75077264
20150919,1.78,83.87,31.14,23.99,7.15,3.6,3.47,24.25198332,74.75077264
20150920,1.41,82.07,30.03,22.58,7.45,2.52,1.73,24.25198332,74.75077264
20150921,3.48,83.11,29.85,21.66,8.19,2.86,1.68,24.25198332,74.75077264
20150922,3.43,80.94,30.93,22.46,8.47,3.83,3.2,24.25198332,74.75077264
20150923,0.01,79.46,30.56,20.92,9.64,2.67,1.65,24.25198332,74.75077264
20150924,0.0,75.7,30.32,18.99,11.33,2.68,2.5,24.25198332,74.75077264
20150925,0.0,70.07,30.4,18.72,11.68,2.8,3.22,24.25198332,74.75077264
20150926,0.0,70.95,31.22,18.06,13.16,3.09,5.12,24.25198332,74.75077264
20150927,0.0,67.92,31.74,18.5,13.24,2.26,5.49,24.25198332,74.75077264
20150928,0.01,57.08,33.1,19.07,14.03,2.06,4.89,24.25198332,74.75077264
20150929,0.02,55.98,33.37,20.85,12.52,2.25,3.51,24.25198332,74.75077264
20150930,0.0,56.28,33.56,21.16,12.41,2.77,3.73,24.25198332,74.75077264
20151001,0.0,51.31,33.66,18.91,14.75,3.96,5.24,24.25198332,74.75077264
20151002,0.0,54.37,34.73,20.78,13.95,2.33,4.99,24.25198332,74.75077264
20151003,0.0,50.59,35.4,20.17,15.23,2.18,3.7,24.25198332,74.75077264
20151004,0.0,54.81,34.97,18.91,16.05,2.4,4.43,24.25198332,74.75077264
20151005,0.0,48.14,35.88,19.97,15.91,1.58,3.27,24.25198332,74.75077264
20151006,0.0,42.73,36.28,20.35,15.93,1.34,2.55,24.25198332,74.75077264
20151007,0.0,42.55,36.43,20.74,15.69,2.51,3.35,24.25198332,74.75077264
20151008,0.0,41.0,35.62,19.27,16.35,3.93,5.22,24.25198332,74.75077264
20151009,0.0,43.01,36.16,18.53,17.63,1.36,3.68,24.25198332,74.75077264
20151010,0.0,47.47,35.06,18.77,16.29,1.8,3.0,24.25198332,74.75077264
20151011,0.0,52.45,34.87,18.67,16.2,1.96,3.87,24.25198332,74.75077264
20151012,0.0,44.49,35.6,19.87,15.73,2.04,3.81,24.25198332,74.75077264
20151013,0.0,38.04,35.77,19.04,16.73,1.82,2.8,24.25198332,74.75077264
20151014,0.0,36.71,36.1,18.36,17.73,2.31,3.72,24.25198332,74.75077264
20151015,0.0,40.59,35.27,19.04,16.23,1.21,3.14,24.25198332,74.75077264
20151016,0.03,51.14,35.43,19.9,15.54,1.26,3.38,24.25198332,74.75077264
20151017,0.0,42.99,36.46,20.6,15.86,2.36,4.86,24.25198332,74.75077264
20151018,0.0,38.84,36.67,21.24,15.43,2.18,4.22,24.25198332,74.75077264
20151019,0.0,39.81,37.0,21.39,15.6,1.72,3.62,24.25198332,74.75077264
20151020,0.0,38.46,36.17,22.78,13.39,1.85,3.89,24.25198332,74.75077264
20151021,0.04,37.61,35.61,21.79,13.83,2.95,5.14,24.25198332,74.75077264
20151022,0.0,35.9,35.37,21.06,14.31,3.41,4.99,24.25198332,74.75077264
20151023,0.0,31.52,35.45,19.74,15.7,2.01,2.59,24.25198332,74.75077264
20151024,0.0,30.3,35.27,19.12,16.15,1.22,2.56,24.25198332,74.75077264
20151025,0.15,35.81,35.41,20.32,15.09,3.28,6.76,24.25198332,74.75077264
20151026,0.2,45.64,33.15,20.01,13.14,2.48,5.22,24.25198332,74.75077264
20151027,0.01,41.82,33.96,17.97,15.99,1.56,3.06,24.25198332,74.75077264
20151028,0.4,35.41,32.74,17.91,14.83,5.51,8.9,24.25198332,74.75077264
20151029,0.33,53.69,28.73,15.31,13.41,2.58,4.54,24.25198332,74.75077264
20151030,0.0,51.16,29.36,14.91,14.45,2.5,3.45,24.25198332,74.75077264
20151031,0.0,51.37,29.35,14.36,14.99,2.59,2.8,24.25198332,74.75077264
20151101,0.0,55.8,31.12,15.97,15.15,3.27,2.32,24.25198332,74.75077264
20151102,0.0,52.21,32.09,17.34,14.75,2.28,4.52,24.25198332,74.75077264
20151103,0.0,45.86,32.99,17.81,15.18,2.27,4.03,24.25198332,74.75077264
20151104,0.0,42.21,33.51,19.64,13.86,2.13,4.44,24.25198332,74.75077264
20151105,0.0,36.13,33.92,19.16,14.77,1.28,2.16,24.25198332,74.75077264
20151106,0.0,33.56,33.07,17.39,15.68,3.46,5.4,24.25198332,74.75077264
20151107,0.0,32.17,32.85,16.91,15.94,2.05,3.56,24.25198332,74.75077264
20151108,0.0,30.7,32.96,18.7,14.26,1.78,1.88,24.25198332,74.75077264
20151109,0.0,32.24,33.5,19.77,13.73,3.06,3.54,24.25198332,74.75077264
20151110,0.01,33.06,33.71,18.22,15.5,1.8,3.3,24.25198332,74.75077264
20151111,0.0,36.59,33.95,18.02,15.93,1.78,3.1,24.25198332,74.75077264
20151112,0.0,38.24,34.11,18.32,15.79,2.39,3.68,24.25198332,74.75077264
20151113,0.0,35.24,33.65,18.59,15.06,1.45,2.71,24.25198332,74.75077264
20151114,0.0,29.81,34.01,17.34,16.67,3.08,4.59,24.25198332,74.75077264
20151115,0.0,28.74,33.88,17.38,16.5,2.78,4.69,24.25198332,74.75077264
20151116,0.0,31.6,32.37,15.83,16.55,1.82,4.85,24.25198332,74.75077264
20151117,0.0,33.38,31.2,14.9,16.3,2.98,4.82,24.25198332,74.75077264
20151118,0.0,24.43,30.95,13.04,17.9,1.31,3.85,24.25198332,74.75077264
20151119,0.0,23.56,32.01,13.03,18.98,1.51,4.89,24.25198332,74.75077264
20151120,0.0,23.84,31.56,12.72,18.84,1.46,4.7,24.25198332,74.75077264
20151121,0.0,26.85,31.97,13.29,18.68,2.24,5.65,24.25198332,74.75077264
20151122,0.0,29.96,30.8,15.65,15.15,2.56,6.18,24.25198332,74.75077264
20151123,0.0,35.97,31.43,16.37,15.07,3.22,5.75,24.25198332,74.75077264
20151124,0.0,43.92,30.23,17.76,12.47,1.02,3.68,24.25198332,74.75077264
20151125,0.0,36.55,30.89,18.76,12.14,2.39,3.89,24.25198332,74.75077264
20151126,0.0,34.56,30.43,18.25,12.18,1.85,4.16,24.25198332,74.75077264
20151127,0.0,17.78,27.34,15.4,11.94,1.82,5.22,24.25198332,74.75077264
20151128,0.0,24.99,27.77,13.66,14.11,3.54,7.29,24.25198332,74.75077264
20151129,0.0,33.1,31.09,14.47,16.62,3.34,5.86,24.25198332,74.75077264
20151130,0.0,41.53,32.73,17.96,14.77,3.22,4.69,24.25198332,74.75077264
20151201,0.46,40.62,33.28,19.24,14.04,2.36,4.32,24.25198332,74.75077264
20151202,0.03,31.47,30.33,15.66,14.67,1.96,5.04,24.25198332,74.75077264
20151203,0.0,27.03,28.99,11.69,17.3,1.77,5.34,24.25198332,74.75077264
20151204,0.0,25.69,30.09,11.47,18.62,2.22,5.44,24.25198332,74.75077264
20151205,0.0,22.33,31.61,12.16,19.45,3.25,6.37,24.25198332,74.75077264
20151206,0.0,20.46,31.11,12.77,18.34,3.05,5.51,24.25198332,74.75077264
20151207,0.0,20.02,30.77,12.16,18.6,2.9,5.41,24.25198332,74.75077264
20151208,0.0,18.2,30.79,12.24,18.55,2.59,5.01,24.25198332,74.75077264
20151209,0.0,22.28,30.81,12.6,18.21,4.58,5.25,24.25198332,74.75077264
20151210,0.0,27.63,30.95,16.8,14.15,4.75,6.68,24.25198332,74.75077264
20151211,0.0,29.45,27.93,12.3,15.63,2.03,5.12,24.25198332,74.75077264
20151212,0.0,18.19,26.34,8.36,17.99,2.55,5.63,24.25198332,74.75077264
20151213,0.0,18.78,25.9,7.44,18.46,2.14,6.47,24.25198332,74.75077264
20151214,0.0,23.81,24.64,7.43,17.2,2.34,4.49,24.25198332,74.75077264
20151215,0.0,16.31,26.85,6.46,20.39,2.16,6.01,24.25198332,74.75077264
20151216,0.0,13.63,27.59,7.47,20.12,3.61,7.0,24.25198332,74.75077264
20151217,0.0,16.56,26.22,10.03,16.19,2.63,4.92,24.25198332,74.75077264
20151218,0.0,18.23,25.77,6.77,19.0,1.9,4.25,24.25198332,74.75077264
20151219,0.0,17.35,27.0,7.37,19.64,3.51,6.53,24.25198332,74.75077264
20151220,0.0,20.57,27.43,8.85,18.58,2.41,5.82,24.25198332,74.75077264
20151221,0.0,24.66,24.7,7.52,17.18,2.47,5.04,24.25198332,74.75077264
20151222,0.0,23.26,24.23,6.65,17.59,2.62,6.44,24.25198332,74.75077264
20151223,0.0,24.16,22.71,6.48,16.24,1.78,5.16,24.25198332,74.75077264
20151224,0.0,24.65,22.96,6.3,16.66,2.59,3.54,24.25198332,74.75077264
20151225,0.0,23.58,24.55,5.6,18.94,1.41,4.66,24.25198332,74.75077264
20151226,0.0,16.31,25.73,7.69,18.05,2.17,5.14,24.25198332,74.75077264
20151227,0.0,14.48,28.41,11.62,16.79,1.12,3.28,24.25198332,74.75077264
20151228,0.0,17.42,31.27,14.01,17.27,1.63,3.56,24.25198332,74.75077264
20151229,0.0,21.52,33.03,14.49,18.54,2.52,2.86,24.25198332,74.75077264
20151230,0.0,24.06,32.43,14.85,17.57,1.68,3.22,24.25198332,74.75077264
20151231,0.0,25.37,31.62,15.09,16.53,2.36,5.78,24.25198332,74.75077264
20160101,0.0,28.48,30.66,11.93,18.73,2.46,5.7,24.25198332,74.75077264
20160102,0.0,27.95,29.18,11.87,17.3,2.77,6.29,24.25198332,74.75077264
20160103,0.0,27.5,28.79,11.77,17.03,1.73,4.13,24.25198332,74.75077264
20160104,0.0,22.78,29.57,12.63,16.95,2.3,3.04,24.25198332,74.75077264
20160105,0.0,23.42,30.16,14.59,15.57,2.45,3.54,24.25198332,74.75077264
20160106,0.0,33.32,29.22,13.83,15.39,4.41,5.91,24.25198332,74.75077264
20160107,0.0,33.77,29.69,13.27,16.42,2.86,5.76,24.25198332,74.75077264
20160108,0.0,35.99,28.66,12.88,15.78,2.42,3.44,24.25198332,74.75077264
20160109,0.0,28.1,27.8,10.69,17.11,2.93,5.96,24.25198332,74.75077264
20160110,0.0,19.61,28.83,11.75,17.08,2.57,4.4,24.25198332,74.75077264
20160111,0.0,20.87,28.9,11.14,17.76,1.26,3.2,24.25198332,74.75077264
20160112,0.0,28.82,28.11,12.21,15.9,4.63,5.29,24.25198332,74.75077264
20160113,0.0,33.58,28.06,11.26,16.8,1.65,4.09,24.25198332,74.75077264
20160114,0.0,32.97,27.42,9.33,18.1,2.59,5.11,24.25198332,74.75077264
20160115,0.0,36.75,27.14,10.14,17.0,4.07,6.52,24.25198332,74.75077264
20160116,0.0,34.35,26.49,9.98,16.51,3.95,6.56,24.25198332,74.75077264
20160117,0.0,33.47,26.64,11.26,15.38,3.48,6.23,24.25198332,74.75077264
20160118,0.78,45.49,26.38,12.5,13.89,3.43,6.35,24.25198332,74.75077264
20160119,1.24,61.76,22.56,12.02,10.55,2.91,4.12,24.25198332,74.75077264
20160120,0.0,40.36,23.46,9.67,13.79,2.02,3.7,24.25198332,74.75077264
20160121,0.0,22.8,24.13,7.69,16.43,2.28,4.32,24.25198332,74.75077264
20160122,0.0,19.16,25.23,6.46,18.77,2.13,4.94,24.25198332,74.75077264
20160123,0.0,18.07,26.66,6.87,19.79,3.06,5.64,24.25198332,74.75077264
20160124,0.0,16.76,27.67,7.92,19.75,1.66,3.97,24.25198332,74.75077264
20160125,0.0,13.96,28.59,8.91,19.68,2.18,3.9,24.25198332,74.75077264
20160126,0.0,17.11,29.83,9.23,20.6,1.11,3.17,24.25198332,74.75077264
20160127,0.0,24.69,29.23,10.53,18.71,2.99,3.54,24.25198332,74.75077264
20160128,0.0,30.89,29.93,12.07,17.86,2.34,4.63,24.25198332,74.75077264
20160129,0.0,31.17,32.29,13.51,18.78,2.43,2.26,24.25198332,74.75077264
20160130,0.0,32.56,31.75,15.91,15.84,5.29,6.29,24.25198332,74.75077264
20160131,0.0,37.42,31.18,13.73,17.45,2.68,3.62,24.25198332,74.75077264
20160201,0.0,38.38,29.79,13.41,16.38,2.5,3.46,24.25198332,74.75077264
20160202,0.0,35.65,28.47,12.37,16.09,2.61,5.52,24.25198332,74.75077264
20160203,0.0,26.38,27.68,11.36,16.31,2.48,5.18,24.25198332,74.75077264
20160204,0.0,15.69,28.28,8.98,19.3,1.63,5.45,24.25198332,74.75077264
20160205,0.0,15.03,29.99,9.55,20.44,3.64,7.6,24.25198332,74.75077264
20160206,0.0,20.5,30.59,10.87,19.72,3.48,4.41,24.25198332,74.75077264
20160207,0.0,16.7,28.43,10.91,17.53,2.01,4.02,24.25198332,74.75077264
20160208,0.0,20.11,28.2,9.44,18.76,2.06,4.5,24.25198332,74.75077264
20160209,0.0,20.99,29.08,10.07,19.01,2.65,5.54,24.25198332,74.75077264
20160210,0.0,18.14,29.86,10.42,19.44,2.74,4.64,24.25198332,74.75077264
20160211,0.0,26.22,29.04,12.21,16.83,3.26,2.52,24.25198332,74.75077264
20160212,0.0,23.52,28.4,11.44,16.96,4.13,5.8,24.25198332,74.75077264
20160213,0.0,21.97,28.45,11.92,16.53,3.58,4.25,24.25198332,74.75077264
20160214,0.0,21.68,28.14,9.26,18.88,4.57,7.16,24.25198332,74.75077264
20160215,0.0,28.83,29.13,11.35,17.78,4.03,6.28,24.25198332,74.75077264
20160216,0.0,33.5,29.62,14.49,15.12,3.06,5.32,24.25198332,74.75077264
20160217,0.04,35.83,32.9,15.99,16.91,3.79,4.63,24.25198332,74.75077264
20160218,0.0,25.04,35.26,18.6,16.66,4.69,4.76,24.25198332,74.75077264
20160219,0.0,28.63,35.25,17.49,17.75,2.69,2.78,24.25198332,74.75077264
20160220,0.0,46.99,29.74,20.21,9.52,2.3,4.89,24.25198332,74.75077264
20160221,0.0,27.74,31.9,16.18,15.72,2.68,5.06,24.25198332,74.75077264
20160222,0.0,14.38,32.91,14.15,18.76,3.55,6.95,24.25198332,74.75077264
20160223,0.0,10.02,33.86,13.05,20.81,1.55,3.49,24.25198332,74.75077264
20160224,0.0,10.31,34.11,13.53,20.58,1.98,4.68,24.25198332,74.75077264
20160225,0.0,11.48,33.75,14.29,19.45,2.34,6.24,24.25198332,74.75077264
20160226,0.0,11.91,33.43,16.09,17.34,3.73,5.56,24.25198332,74.75077264
20160227,0.0,13.17,33.78,13.49,20.29,1.72,4.69,24.25198332,74.75077264
20160228,0.0,11.63,34.54,14.32,20.22,1.4,4.75,24.25198332,74.75077264
20160229,0.0,13.55,35.09,15.25,19.84,3.48,6.22,24.25198332,74.75077264
20160301,0.0,15.17,35.64,16.6,19.04,2.85,6.25,24.25198332,74.75077264
20160302,0.0,25.6,36.0,18.59,17.41,2.24,4.66,24.25198332,74.75077264
20160303,0.02,28.73,36.12,19.65,16.47,2.08,2.41,24.25198332,74.75077264
20160304,0.0,25.85,35.53,19.3,16.23,4.0,5.7,24.25198332,74.75077264
20160305,0.01,26.04,34.88,19.87,15.0,6.0,6.79,24.25198332,74.75077264
20160306,0.06,28.97,33.79,17.5,16.29,3.08,6.26,24.25198332,74.75077264
20160307,0.0,31.04,32.59,17.14,15.45,2.89,5.36,24.25198332,74.75077264
20160308,0.0,27.56,33.42,16.24,17.19,3.74,6.87,24.25198332,74.75077264
20160309,0.0,24.34,34.32,17.58,16.74,3.14,4.42,24.25198332,74.75077264
20160310,0.0,24.53,35.92,19.56,16.35,4.49,5.38,24.25198332,74.75077264
20160311,0.0,28.09,37.03,20.03,17.0,5.8,6.29,24.25198332,74.75077264
20160312,0.11,30.78,33.92,19.51,14.41,6.53,7.24,24.25198332,74.75077264
20160313,0.23,31.33,31.33,18.48,12.85,4.11,4.69,24.25198332,74.75077264
20160314,0.0,26.82,32.58,16.85,15.73,2.88,5.95,24.25198332,74.75077264
20160315,0.0,26.43,33.17,18.35,14.83,5.36,8.43,24.25198332,74.75077264
20160316,0.0,27.08,34.17,18.13,16.05,4.85,7.67,24.25198332,74.75077264
20160317,0.0,24.24,35.38,18.92,16.46,4.01,4.16,24.25198332,74.75077264
20160318,0.0,33.45,35.56,21.81,13.75,5.33,4.3,24.25198332,74.75077264
20160319,0.0,25.84,36.66,19.47,17.2,3.78,3.35,24.25198332,74.75077264
20160320,0.0,19.84,36.67,19.78,16.89,2.73,2.49,24.25198332,74.75077264
20160321,0.0,15.82,37.24,19.56,17.68,2.38,5.5,24.25198332,74.75077264
20160322,0.0,14.95,36.94,18.15,18.79,2.43,4.89,24.25198332,74.75077264
20160323,0.0,8.56,38.63,18.22,20.41,3.55,7.36,24.25198332,74.75077264
20160324,0.0,7.43,40.26,20.8,19.45,1.79,2.21,24.25198332,74.75077264
20160325,0.0,11.36,40.33,22.16,18.17,2.97,6.46,24.25198332,74.75077264
20160326,0.0,21.87,38.86,21.88,16.98,4.02,6.55,24.25198332,74.75077264
20160327,0.0,24.39,37.92,21.59,16.33,3.12,6.59,24.25198332,74.75077264
20160328,0.0,13.44,37.75,18.29,19.46,4.37,8.0,24.25198332,74.75077264
20160329,0.0,11.55,38.17,18.9,19.28,3.5,6.66,24.25198332,74.75077264
20160330,0.0,11.54,39.46,21.98,17.48,2.13,5.36,24.25198332,74.75077264
20160331,0.0,12.59,39.7,21.81,17.89,3.98,6.24,24.25198332,74.75077264
20160401,0.0,19.29,40.02,22.0,18.02,1.93,5.09,24.25198332,74.75077264
20160402,0.0,21.71,41.88,24.04,17.84,4.91,8.25,24.25198332,74.75077264
20160403,0.0,23.55,41.09,24.37,16.71,4.82,5.59,24.25198332,74.75077264
20160404,0.0,21.28,38.63,23.87,14.76,3.06,2.82,24.25198332,74.75077264
20160405,0.0,21.8,39.28,22.15,17.13,5.63,6.56,24.25198332,74.75077264
20160406,0.0,23.12,37.95,23.35,14.6,5.46,5.06,24.25198332,74.75077264
20160407,0.0,23.06,36.96,24.02,12.94,3.53,4.64,24.25198332,74.75077264
20160408,0.0,17.43,38.09,19.95,18.14,4.45,6.43,24.25198332,74.75077264
20160409,0.0,18.46,37.87,20.9,16.97,2.2,5.61,24.25198332,74.75077264
20160410,0.0,22.08,37.76,21.81,15.95,2.81,5.25,24.25198332,74.75077264
20160411,0.0,24.91,37.9,23.04,14.86,3.76,2.01,24.25198332,74.75077264
20160412,0.0,19.78,38.96,21.23,17.73,1.51,4.66,24.25198332,74.75077264
20160413,0.0,15.29,39.8,21.72,18.08,2.32,4.6,24.25198332,74.75077264
20160414,0.0,15.96,41.0,22.53,18.47,1.55,5.68,24.25198332,74.75077264
20160415,0.0,15.91,41.82,23.0,18.82,2.47,5.74,24.25198332,74.75077264
20160416,0.0,18.43,40.63,24.7,15.93,4.02,3.07,24.25198332,74.75077264
20160417,0.0,33.14,37.05,22.92,14.13,4.42,2.86,24.25198332,74.75077264
20160418,0.0,24.06,37.27,23.01,14.26,4.07,3.12,24.25198332,74.75077264
20160419,0.0,22.31,40.52,24.4,16.12,4.47,4.67,24.25198332,74.75077264
20160420,0.0,18.71,41.17,24.0,17.17,3.85,4.57,24.25198332,74.75077264
20160421,0.0,15.84,40.9,23.73,17.17,4.54,5.52,24.25198332,74.75077264
20160422,0.0,19.16,38.65,22.23,16.42,4.62,3.86,24.25198332,74.75077264
20160423,0.0,21.2,39.29,22.98,16.31,3.03,2.61,24.25198332,74.75077264
20160424,0.0,28.33,38.11,22.53,15.59,3.03,4.01,24.25198332,74.75077264
20160425,0.0,22.4,38.62,23.08,15.54,2.28,3.66,24.25198332,74.75077264
20160426,0.0,17.69,37.64,25.59,12.05,3.5,6.98,24.25198332,74.75077264
20160427,0.0,15.9,40.29,24.16,16.13,2.48,3.75,24.25198332,74.75077264
20160428,0.0,13.52,42.4,23.63,18.77,2.52,5.67,24.25198332,74.75077264
20160429,0.0,10.25,43.29,24.37,18.92,3.45,4.91,24.25198332,74.75077264
20160430,0.0,13.31,43.58,25.01,18.57,2.12,4.46,24.25198332,74.75077264
20160501,0.0,17.16,42.94,25.69,17.26,2.3,5.9,24.25198332,74.75077264
20160502,0.0,21.63,40.1,27.38,12.71,3.52,2.94,24.25198332,74.75077264
20160503,0.0,21.15,41.89,26.3,15.58,3.66,1.78,24.25198332,74.75077264
20160504,0.0,21.21,40.35,25.98,14.37,5.41,4.49,24.25198332,74.75077264
20160505,0.14,22.88,39.65,24.82,14.82,4.81,7.87,24.25198332,74.75077264
20160506,1.13,24.81,39.18,25.02,14.16,4.47,5.69,24.25198332,74.75077264
20160507,0.01,25.45,39.91,25.86,14.05,3.51,5.53,24.25198332,74.75077264
20160508,2.62,22.41,42.5,27.7,14.79,3.88,4.45,24.25198332,74.75077264
20160509,1.4,23.88,42.54,28.09,14.45,3.83,4.89,24.25198332,74.75077264
20160510,2.29,29.2,41.38,27.37,14.0,6.3,6.87,24.25198332,74.75077264
20160511,0.02,25.39,42.47,26.89,15.58,2.75,5.61,24.25198332,74.75077264
20160512,2.67,24.56,42.86,26.76,16.1,4.06,3.03,24.25198332,74.75077264
20160513,0.0,21.4,43.16,26.28,16.88,3.21,2.73,24.25198332,74.75077264
20160514,0.0,21.1,43.22,25.77,17.45,1.96,3.67,24.25198332,74.75077264
20160515,0.0,21.14,43.81,27.82,15.99,2.12,3.7,24.25198332,74.75077264
20160516,0.2,19.91,44.23,28.18,16.05,2.76,4.87,24.25198332,74.75077264
20160517,0.08,18.69,45.06,29.98,15.08,2.19,1.96,24.25198332,74.75077264
20160518,0.0,15.13,47.22,29.27,17.95,3.19,2.82,24.25198332,74.75077264
20160519,0.0,14.0,47.24,29.73,17.51,3.58,5.87,24.25198332,74.75077264
20160520,0.0,15.37,47.29,30.54,16.76,2.26,4.73,24.25198332,74.75077264
20160521,0.0,25.56,43.79,28.27,15.52,3.79,2.12,24.25198332,74.75077264
20160522,0.0,37.55,41.41,26.75,14.66,4.21,2.46,24.25198332,74.75077264
20160523,0.0,37.07,41.23,26.23,15.0,4.6,2.74,24.25198332,74.75077264
20160524,0.0,36.94,40.67,26.56,14.11,4.1,2.25,24.25198332,74.75077264
20160525,0.0,36.75,41.06,26.83,14.23,3.99,2.69,24.25198332,74.75077264
20160526,0.0,39.62,41.23,27.19,14.04,5.31,3.85,24.25198332,74.75077264
20160527,0.16,40.0,40.91,27.81,13.1,3.79,2.25,24.25198332,74.75077264
20160528,0.19,40.08,40.18,27.54,12.65,3.28,1.68,24.25198332,74.75077264
20160529,0.0,39.18,39.86,27.66,12.2,3.08,1.57,24.25198332,74.75077264
20160530,0.02,37.76,40.05,27.06,12.98,4.53,2.73,24.25198332,74.75077264
20160531,0.0,35.13,40.39,27.66,12.73,4.39,4.45,24.25198332,74.75077264
20160601,0.0,31.03,41.32,27.04,14.29,2.77,5.67,24.25198332,74.75077264
20160602,0.0,28.62,42.22,28.05,14.17,2.71,5.02,24.25198332,74.75077264
20160603,0.0,24.75,43.37,27.73,15.64,3.54,6.97,24.25198332,74.75077264
20160604,0.0,17.29,45.03,30.06,14.97,3.17,6.29,24.25198332,74.75077264
20160605,0.0,12.59,45.71,29.97,15.74,3.7,5.33,24.25198332,74.75077264
20160606,0.0,13.61,45.8,28.69,17.1,2.85,5.61,24.25198332,74.75077264
20160607,0.0,18.29,44.63,28.11,16.52,3.07,4.8,24.25198332,74.75077264
20160608,0.0,20.75,45.07,28.82,16.25,2.18,4.85,24.25198332,74.75077264
20160609,0.01,30.82,42.05,28.94,13.11,2.17,1.83,24.25198332,74.75077264
20160610,0.0,36.42,41.86,27.77,14.09,2.88,2.09,24.25198332,74.75077264
20160611,0.03,38.19,40.37,28.51,11.86,2.92,2.66,24.25198332,74.75077264
20160612,0.07,38.6,41.63,28.18,13.46,2.01,3.58,24.25198332,74.75077264
20160613,0.0,39.7,40.59,28.01,12.59,2.34,3.14,24.25198332,74.75077264
20160614,0.0,43.02,39.09,27.7,11.39,1.88,2.29,24.25198332,74.75077264
20160615,0.0,41.48,40.01,27.62,12.39,3.38,2.16,24.25198332,74.75077264
20160616,0.0,40.14,39.64,27.04,12.6,2.68,4.04,24.25198332,74.75077264
20160617,0.57,33.69,41.0,27.85,13.14,4.11,5.88,24.25198332,74.75077264
20160618,2.47,33.22,41.2,27.85,13.36,4.53,4.27,24.25198332,74.75077264
20160619,3.91,34.25,41.25,29.86,11.39,2.72,2.03,24.25198332,74.75077264
20160620,21.75,50.45,39.46,27.08,12.38,4.64,6.36,24.25198332,74.75077264
20160621,4.26,69.43,33.12,25.44,7.68,4.06,5.12,24.25198332,74.75077264
20160622,2.89,66.92,33.89,26.1,7.79,3.32,3.98,24.25198332,74.75077264
20160623,2.33,69.22,32.93,26.11,6.82,2.79,4.53,24.25198332,74.75077264
20160624,4.59,75.22,31.04,24.91,6.12,5.53,6.41,24.25198332,74.75077264
20160625,2.4,74.84,31.5,25.13,6.38,4.92,6.08,24.25198332,74.75077264
20160626,6.74,63.67,35.52,24.65,10.86,4.63,7.24,24.25198332,74.75077264
20160627,11.2,68.97,33.88,25.61,8.27,3.27,5.4,24.25198332,74.75077264
20160628,3.77,70.73,32.84,25.22,7.62,3.75,5.63,24.25198332,74.75077264
20160629,5.35,67.22,35.92,26.28,9.64,3.77,3.78,24.25198332,74.75077264
20160630,0.23,62.62,37.19,24.82,12.38,4.61,6.89,24.25198332,74.75077264
20160701,1.31,63.58,36.35,25.47,10.89,2.04,3.53,24.25198332,74.75077264
20160702,0.56,68.12,34.52,25.38,9.14,4.41,4.98,24.25198332,74.75077264
20160703,53.55,81.52,32.13,25.61,6.52,2.93,4.77,24.25198332,74.75077264
20160704,15.13,81.0,31.21,25.11,6.1,4.01,2.75,24.25198332,74.75077264
20160705,0.59,71.25,34.57,24.67,9.9,3.44,2.52,24.25198332,74.75077264
20160706,0.07,66.5,35.62,25.28,10.34,3.14,2.73,24.25198332,74.75077264
20160707,0.14,68.21,33.01,24.97,8.04,4.49,3.12,24.25198332,74.75077264
20160708,8.86,71.63,33.0,24.78,8.22,2.99,3.88,24.25198332,74.75077264
20160709,13.78,75.57,31.85,25.17,6.68,3.59,5.8,24.25198332,74.75077264
20160710,21.17,79.26,31.25,24.8,6.44,2.85,3.58,24.25198332,74.75077264
20160711,5.19,77.66,32.33,23.91,8.42,2.39,3.63,24.25198332,74.75077264
20160712,27.88,87.06,28.86,24.39,4.47,1.39,2.8,24.25198332,74.75077264
20160713,18.19,88.51,29.27,24.21,5.05,3.62,5.25,24.25198332,74.75077264
20160714,5.55,83.43,30.23,23.82,6.41,4.73,3.81,24.25198332,74.75077264
20160715,5.3,84.09,30.06,24.06,6.0,4.51,3.94,24.25198332,74.75077264
20160716,5.16,84.17,29.97,24.29,5.68,4.5,3.71,24.25198332,74.75077264
20160717,0.76,81.49,30.31,24.1,6.21,3.44,2.2,24.25198332,74.75077264
20160718,1.62,80.34,30.66,23.58,7.08,2.37,1.98,24.25198332,74.75077264
20160719,0.91,78.38,31.68,23.36,8.32,2.2,1.74,24.25198332,74.75077264
20160720,0.15,77.86,31.78,23.27,8.51,2.45,3.51,24.25198332,74.75077264
20160721,0.0,75.79,32.29,23.61,8.68,2.57,4.81,24.25198332,74.75077264
20160722,0.0,74.72,32.75,23.63,9.12,2.4,3.19,24.25198332,74.75077264
20160723,7.15,76.86,32.01,23.49,8.51,3.74,5.4,24.25198332,74.75077264
20160724,24.21,80.73,31.25,23.7,7.56,1.35,2.71,24.25198332,74.75077264
20160725,4.5,82.52,30.88,24.25,6.63,1.5,3.27,24.25198332,74.75077264
20160726,13.76,85.36,30.06,24.59,5.47,1.6,3.29,24.25198332,74.75077264
20160727,17.24,86.49,29.77,24.1,5.67,1.26,1.85,24.25198332,74.75077264
20160728,7.56,84.64,30.67,23.58,7.09,2.74,1.98,24.25198332,74.75077264
20160729,5.29,84.07,30.71,23.5,7.21,1.27,1.89,24.25198332,74.75077264
20160730,7.66,84.22,30.41,23.34,7.08,1.97,2.91,24.25198332,74.75077264
20160731,16.88,85.07,30.13,24.01,6.12,3.33,3.98,24.25198332,74.75077264
20160801,41.59,90.21,29.29,23.81,5.47,1.52,3.05,24.25198332,74.75077264
20160802,36.59,90.81,28.38,23.81,4.57,1.82,1.12,24.25198332,74.75077264
20160803,44.19,91.16,26.79,23.51,3.28,1.43,2.43,24.25198332,74.75077264
20160804,14.77,89.43,29.35,23.09,6.26,2.03,1.68,24.25198332,74.75077264
20160805,8.88,87.43,28.53,23.86,4.66,4.49,5.03,24.25198332,74.75077264
20160806,19.86,88.4,30.08,23.9,6.19,2.89,4.67,24.25198332,74.75077264
20160807,49.45,92.4,27.66,23.08,4.59,2.32,1.73,24.25198332,74.75077264
20160808,101.41,94.41,26.67,23.93,2.74,3.6,3.13,24.25198332,74.75077264
20160809,33.95,93.99,28.07,23.78,4.3,2.6,2.63,24.25198332,74.75077264
20160810,19.54,89.7,29.69,23.79,5.9,3.94,5.67,24.25198332,74.75077264
20160811,30.55,92.17,27.27,23.59,3.67,3.3,2.85,24.25198332,74.75077264
20160812,6.19,89.9,28.43,23.31,5.11,2.6,1.29,24.25198332,74.75077264
20160813,2.0,89.75,29.57,22.85,6.72,3.27,2.41,24.25198332,74.75077264
20160814,0.57,88.29,29.48,23.04,6.44,3.73,2.82,24.25198332,74.75077264
20160815,0.08,87.43,29.09,22.79,6.3,2.05,1.26,24.25198332,74.75077264
20160816,0.01,86.56,29.32,22.49,6.83,2.86,1.93,24.25198332,74.75077264
20160817,0.0,85.52,29.61,22.4,7.21,3.52,2.61,24.25198332,74.75077264
20160818,4.73,84.79,29.48,22.45,7.03,2.16,3.04,24.25198332,74.75077264
20160819,31.4,91.13,27.2,21.69,5.51,2.58,2.06,24.25198332,74.75077264
20160820,51.17,93.03,26.64,22.5,4.14,2.55,3.17,24.25198332,74.75077264
20160821,28.57,93.38,27.31,22.55,4.76,2.66,2.92,24.25198332,74.75077264
20160822,12.56,90.37,29.48,22.77,6.71,2.55,2.87,24.25198332,74.75077264
20160823,16.49,93.13,27.2,23.45,3.76,4.24,4.15,24.25198332,74.75077264
20160824,4.72,91.68,28.27,23.45,4.81,2.28,3.83,24.25198332,74.75077264
20160825,0.95,89.76,28.57,23.09,5.48,3.32,2.51,24.25198332,74.75077264
20160826,0.24,88.25,30.12,22.65,7.47,1.95,2.43,24.25198332,74.75077264
20160827,16.29,86.9,29.09,23.29,5.8,2.5,2.52,24.25198332,74.75077264
20160828,8.11,85.85,30.05,23.98,6.07,2.28,4.49,24.25198332,74.75077264
20160829,2.77,88.28,30.07,23.77,6.3,2.22,2.25,24.25198332,74.75077264
20160830,11.62,90.38,29.67,23.74,5.93,1.9,1.95,24.25198332,74.75077264
20160831,38.83,91.12,28.88,24.06,4.82,1.81,3.29,24.25198332,74.75077264
20160901,15.8,90.14,28.87,23.6,5.27,1.3,2.9,24.25198332,74.75077264
20160902,6.94,89.09,29.25,22.62,6.63,1.58,1.51,24.25198332,74.75077264
20160903,0.53,88.05,28.1,21.39,6.7,2.31,1.17,24.25198332,74.75077264
20160904,0.0,88.04,28.42,20.72,7.71,2.09,1.61,24.25198332,74.75077264
20160905,0.0,87.3,28.25,21.36,6.89,2.14,1.08,24.25198332,74.75077264
20160906,0.0,86.31,28.01,21.11,6.9,3.31,1.73,24.25198332,74.75077264
20160907,0.0,86.03,28.22,21.08,7.14,3.34,2.23,24.25198332,74.75077264
20160908,0.39,86.16,28.52,20.56,7.96,2.1,1.92,24.25198332,74.75077264
20160909,0.03,85.25,28.86,20.57,8.29,2.45,2.27,24.25198332,74.75077264
20160910,0.0,85.54,28.52,20.19,8.32,2.76,2.22,24.25198332,74.75077264
20160911,0.0,85.15,29.22,20.33,8.89,1.42,2.68,24.25198332,74.75077264
20160912,0.0,83.11,29.83,20.28,9.55,1.58,3.39,24.25198332,74.75077264
20160913,0.05,79.39,30.08,20.9,9.18,1.5,3.7,24.25198332,74.75077264
20160914,0.24,80.54,30.22,21.99,8.22,2.43,2.96,24.25198332,74.75077264
20160915,0.19,82.03,30.76,21.83,8.93,1.94,3.47,24.25198332,74.75077264
20160916,0.77,81.92,30.21,23.41,6.8,3.29,3.73,24.25198332,74.75077264
20160917,1.15,76.16,31.37,22.73,8.64,2.02,3.38,24.25198332,74.75077264
20160918,4.75,75.95,30.74,23.78,6.95,2.04,2.94,24.25198332,74.75077264
20160919,8.64,82.82,30.76,23.09,7.67,2.88,4.76,24.25198332,74.75077264
20160920,0.96,83.93,31.36,22.32,9.04,1.94,2.7,24.25198332,74.75077264
20160921,2.55,78.59,31.81,22.33,9.48,2.98,5.6,24.25198332,74.75077264
20160922,0.24,81.03,30.58,22.6,7.98,2.47,3.57,24.25198332,74.75077264
20160923,0.0,78.88,31.14,21.93,9.21,2.67,3.25,24.25198332,74.75077264
20160924,0.0,78.14,31.33,21.94,9.39,1.96,3.33,24.25198332,74.75077264
20160925,0.94,80.55,31.06,21.61,9.45,2.08,3.44,24.25198332,74.75077264
20160926,0.02,77.53,31.14,20.35,10.78,1.63,3.96,24.25198332,74.75077264
20160927,0.19,77.2,31.44,20.67,10.78,0.92,3.78,24.25198332,74.75077264
20160928,0.06,76.76,31.63,21.44,10.19,1.75,3.59,24.25198332,74.75077264
20160929,0.0,74.93,30.97,20.1,10.87,1.57,3.1,24.25198332,74.75077264
20160930,0.0,76.29,30.18,20.02,10.15,2.98,4.53,24.25198332,74.75077264
20161001,7.75,85.15,29.48,21.99,7.48,2.52,1.98,24.25198332,74.75077264
20161002,5.71,85.06,29.84,23.13,6.71,1.91,2.07,24.25198332,74.75077264
20161003,3.65,84.36,30.26,23.66,6.6,2.54,2.52,24.25198332,74.75077264
20161004,1.26,83.65,30.26,23.47,6.79,1.37,3.11,24.25198332,74.75077264
20161005,15.07,93.32,26.58,23.45,3.14,1.23,0.87,24.25198332,74.75077264
20161006,20.08,88.58,28.88,22.74,6.14,1.69,2.46,24.25198332,74.75077264
20161007,4.89,84.39,29.2,22.3,6.9,3.24,3.81,24.25198332,74.75077264
20161008,0.22,76.48,31.18,21.01,10.18,2.44,3.57,24.25198332,74.75077264
20161009,0.04,78.65,30.83,20.97,9.86,2.16,2.54,24.25198332,74.75077264
20161010,0.0,82.54,29.43,20.07,9.36,2.23,2.14,24.25198332,74.75077264
20161011,0.0,78.54,29.72,19.1,10.61,0.74,3.17,24.25198332,74.75077264
20161012,0.0,72.96,28.29,16.57,11.72,1.55,3.5,24.25198332,74.75077264
20161013,0.0,64.58,29.81,17.02,12.79,2.19,4.27,24.25198332,74.75077264
20161014,0.0,62.68,30.18,17.76,12.42,1.55,3.13,24.25198332,74.75077264
20161015,0.0,57.36,30.41,19.47,10.94,1.72,2.87,24.25198332,74.75077264
20161016,0.0,56.45,31.0,21.46,9.54,1.48,2.26,24.25198332,74.75077264
20161017,0.0,54.75,30.44,19.91,10.53,2.13,2.92,24.25198332,74.75077264
20161018,0.0,56.13,30.42,19.24,11.18,0.78,1.62,24.25198332,74.75077264
20161019,0.0,57.69,30.5,17.26,13.24,1.36,3.0,24.25198332,74.75077264
20161020,0.0,59.82,29.83,17.41,12.41,1.16,1.85,24.25198332,74.75077264
20161021,0.0,58.52,28.92,16.9,12.02,1.49,3.18,24.25198332,74.75077264
20161022,0.0,57.8,28.29,17.56,10.73,1.46,1.74,24.25198332,74.75077264
20161023,0.0,63.38,29.08,17.1,11.98,0.94,2.74,24.25198332,74.75077264
20161024,0.0,66.84,28.34,16.35,11.99,1.89,2.15,24.25198332,74.75077264
20161025,0.0,62.91,28.44,16.03,12.41,2.87,4.64,24.25198332,74.75077264
20161026,0.0,58.45,30.06,16.57,13.49,1.17,2.22,24.25198332,74.75077264
20161027,0.0,55.08,30.57,16.12,14.44,1.7,3.27,24.25198332,74.75077264
20161028,0.0,45.26,30.47,14.87,15.6,1.66,2.77,24.25198332,74.75077264
20161029,0.0,52.0,30.1,15.52,14.58,1.69,3.13,24.25198332,74.75077264
20161030,0.0,49.41,28.81,15.82,12.98,2.12,2.19,24.25198332,74.75077264
20161031,0.0,47.07,29.11,17.13,11.98,1.88,2.08,24.25198332,74.75077264
20161101,0.0,52.76,29.61,14.06,15.55,1.88,2.72,24.25198332,74.75077264
20161102,0.0,56.08,28.05,13.61,14.44,1.84,3.56,24.25198332,74.75077264
20161103,0.0,58.79,27.96,13.14,14.81,1.79,2.8,24.25198332,74.75077264
20161104,0.0,53.13,27.5,13.76,13.75,1.96,2.98,24.25198332,74.75077264
20161105,0.0,45.27,29.9,14.16,15.74,2.17,3.42,24.25198332,74.75077264
20161106,0.0,45.12,29.89,14.87,15.02,1.68,2.39,24.25198332,74.75077264
20161107,0.0,47.19,30.31,14.52,15.79,1.78,3.25,24.25198332,74.75077264
20161108,0.0,40.01,30.6,12.18,18.42,2.6,5.07,24.25198332,74.75077264
20161109,0.0,34.85,29.8,14.78,15.02,1.0,1.5,24.25198332,74.75077264
20161110,0.0,37.83,29.75,14.09,15.66,1.72,2.53,24.25198332,74.75077264
20161111,0.0,39.68,29.93,15.13,14.8,1.48,2.18,24.25198332,74.75077264
20161112,0.0,39.05,29.57,14.13,15.44,1.59,1.8,24.25198332,74.75077264
20161113,0.0,42.73,29.19,13.12,16.08,2.03,3.37,24.25198332,74.75077264
20161114,0.0,46.28,28.87,11.55,17.32,2.1,4.35,24.25198332,74.75077264
20161115,0.0,46.79,27.83,11.27,16.56,2.29,3.93,24.25198332,74.75077264
20161116,0.0,48.6,28.64,12.46,16.18,2.17,4.55,24.25198332,74.75077264
20161117,0.0,46.95,28.21,12.15,16.06,1.47,3.49,24.25198332,74.75077264
20161118,0.0,40.02,29.21,14.11,15.1,1.31,2.36,24.25198332,74.75077264
20161119,0.0,35.91,29.73,14.33,15.4,1.0,1.37,24.25198332,74.75077264
20161120,0.0,37.69,30.06,15.42,14.64,1.83,2.85,24.25198332,74.75077264
20161121,0.0,37.24,30.0,15.62,14.38,1.86,2.88,24.25198332,74.75077264
20161122,0.0,37.24,29.81,14.61,15.2,1.4,2.0,24.25198332,74.75077264
20161123,0.0,40.27,30.17,14.48,15.68,2.76,4.65,24.25198332,74.75077264
20161124,0.0,42.14,29.28,13.1,16.19,1.2,2.86,24.25198332,74.75077264
20161125,0.0,37.74,29.64,13.8,15.85,1.08,2.2,24.25198332,74.75077264
20161126,0.0,39.04,29.68,11.71,17.97,2.25,3.39,24.25198332,74.75077264
20161127,0.0,39.98,30.75,12.43,18.32,1.75,3.53,24.25198332,74.75077264
20161128,0.0,35.68,30.59,13.22,17.37,1.86,3.17,24.25198332,74.75077264
20161129,0.0,34.45,30.87,14.87,16.0,2.48,3.94,24.25198332,74.75077264
20161130,0.0,38.86,30.01,12.99,17.02,1.91,3.32,24.25198332,74.75077264
20161201,0.0,42.29,29.83,14.03,15.81,2.91,5.83,24.25198332,74.75077264
20161202,0.0,52.13,28.03,12.45,15.58,1.36,2.75,24.25198332,74.75077264
20161203,0.0,55.74,27.44,11.72,15.72,3.18,2.42,24.25198332,74.75077264
20161204,0.0,50.32,27.71,10.39,17.32,1.91,4.18,24.25198332,74.75077264
20161205,0.0,45.42,27.31,9.92,17.38,2.71,5.17,24.25198332,74.75077264
20161206,0.0,43.31,28.19,10.64,17.54,2.1,2.29,24.25198332,74.75077264
20161207,0.0,42.32,28.85,11.1,17.75,1.64,2.1,24.25198332,74.75077264
20161208,0.0,38.11,28.77,12.55,16.22,1.77,3.31,24.25198332,74.75077264
20161209,0.0,35.49,28.56,12.81,15.75,2.16,3.54,24.25198332,74.75077264
20161210,0.0,37.38,29.39,13.86,15.53,1.61,2.38,24.25198332,74.75077264
20161211,0.0,42.55,28.89,14.3,14.59,2.49,4.03,24.25198332,74.75077264
20161212,0.0,41.24,28.26,13.85,14.41,2.26,2.99,24.25198332,74.75077264
20161213,0.0,40.19,28.56,11.59,16.98,2.06,3.46,24.25198332,74.75077264
20161214,0.0,43.28,28.78,10.92,17.86,2.19,5.09,24.25198332,74.75077264
20161215,0.0,40.26,28.48,10.68,17.8,3.18,5.22,24.25198332,74.75077264
20161216,0.0,39.19,28.18,10.68,17.5,3.32,7.26,24.25198332,74.75077264
20161217,0.0,37.95,27.63,11.67,15.96,2.09,4.3,24.25198332,74.75077264
20161218,0.0,40.06,27.55,11.34,16.22,2.77,5.64,24.25198332,74.75077264
20161219,0.0,42.19,27.3,10.54,16.76,2.29,5.15,24.25198332,74.75077264
20161220,0.0,36.2,27.99,11.92,16.07,1.2,2.8,24.25198332,74.75077264
20161221,0.0,29.33,28.36,9.97,18.38,2.46,4.37,24.25198332,74.75077264
20161222,0.0,24.5,29.45,11.81,17.64,1.38,2.52,24.25198332,74.75077264
20161223,0.0,22.47,30.78,14.04,16.74,2.17,2.85,24.25198332,74.75077264
20161224,0.0,23.47,29.85,13.53,16.32,1.93,2.12,24.25198332,74.75077264
20161225,0.0,24.41,27.86,10.94,16.92,3.63,5.25,24.25198332,74.75077264
20161226,0.0,30.58,25.35,7.96,17.39,2.59,4.04,24.25198332,74.75077264
20161227,0.0,31.81,26.61,8.93,17.68,1.53,2.76,24.25198332,74.75077264
20161228,0.0,24.11,28.71,9.6,19.11,2.8,4.95,24.25198332,74.75077264
20161229,0.0,24.09,30.26,12.53,17.72,2.49,4.14,24.25198332,74.75077264
20161230,0.0,26.43,30.5,12.68,17.82,2.1,2.74,24.25198332,74.75077264
20161231,0.0,29.92,29.48,12.43,17.05,2.44,2.93,24.25198332,74.75077264
20170101,0.0,31.22,28.48,11.63,16.86,2.74,5.14,24.25198332,74.75077264
20170102,0.0,41.97,24.97,8.92,16.05,2.03,3.69,24.25198332,74.75077264
20170103,0.0,45.53,25.49,8.92,16.57,3.06,4.58,24.25198332,74.75077264
20170104,0.0,31.81,27.94,10.03,17.91,2.51,3.54,24.25198332,74.75077264
20170105,0.0,26.76,27.91,11.97,15.95,2.02,2.01,24.25198332,74.75077264
20170106,0.0,39.77,27.16,11.54,15.62,5.06,5.77,24.25198332,74.75077264
20170107,0.0,51.83,24.52,12.37,12.15,4.51,5.21,24.25198332,74.75077264
20170108,0.0,55.7,24.86,11.62,13.24,3.51,5.95,24.25198332,74.75077264
20170109,0.0,60.02,23.88,10.34,13.55,3.46,6.99,24.25198332,74.75077264
20170110,0.0,45.09,23.92,8.77,15.16,1.86,3.97,24.25198332,74.75077264
20170111,0.0,28.25,23.31,5.95,17.35,2.85,6.3,24.25198332,74.75077264
20170112,0.0,20.69,22.37,4.12,18.26,1.95,5.5,24.25198332,74.75077264
20170113,0.0,19.56,22.67,3.95,18.72,1.66,5.54,24.25198332,74.75077264
20170114,0.0,22.12,25.39,5.74,19.65,4.64,5.69,24.25198332,74.75077264
20170115,0.0,29.34,27.56,8.51,19.05,3.67,7.63,24.25198332,74.75077264
20170116,0.0,36.85,27.04,10.8,16.24,2.51,5.5,24.25198332,74.75077264
20170117,0.0,37.29,25.0,7.87,17.13,3.87,7.09,24.25198332,74.75077264
20170118,0.0,35.52,25.92,8.61,17.31,4.02,7.21,24.25198332,74.75077264
20170119,0.0,38.49,24.16,9.51,14.66,2.71,4.97,24.25198332,74.75077264
20170120,0.0,36.62,26.25,9.4,16.85,4.81,7.1,24.25198332,74.75077264
20170121,0.0,36.7,28.31,11.71,16.61,4.25,6.89,24.25198332,74.75077264
20170122,0.0,37.11,29.85,12.35,17.5,2.34,4.09,24.25198332,74.75077264
20170123,0.0,37.82,30.67,12.89,17.79,3.72,4.78,24.25198332,74.75077264
20170124,0.0,39.18,31.66,13.97,17.69,3.26,4.91,24.25198332,74.75077264
20170125,0.05,38.98,31.24,15.53,15.7,5.43,5.64,24.25198332,74.75077264
20170126,1.91,41.64,29.61,14.38,15.23,7.02,8.09,24.25198332,74.75077264
20170127,0.06,48.91,24.79,10.38,14.41,1.95,2.73,24.25198332,74.75077264
20170128,0.0,40.22,26.02,7.84,18.18,2.3,4.69,24.25198332,74.75077264
20170129,0.0,27.68,29.86,9.4,20.46,3.06,6.06,24.25198332,74.75077264
20170130,0.0,22.28,31.24,10.61,20.63,2.31,5.27,24.25198332,74.75077264
20170131,0.0,23.73,30.57,10.45,20.12,2.58,5.64,24.25198332,74.75077264
20170201,0.0,31.79,30.22,10.6,19.63,2.82,6.33,24.25198332,74.75077264
20170202,0.0,32.15,30.78,11.34,19.44,3.16,6.88,24.25198332,74.75077264
20170203,0.0,28.93,31.66,11.44,20.22,3.19,6.66,24.25198332,74.75077264
20170204,0.0,32.69,31.39,15.5,15.89,4.8,3.97,24.25198332,74.75077264
20170205,0.0,44.21,27.9,11.94,15.95,4.75,5.19,24.25198332,74.75077264
20170206,0.0,20.22,25.76,7.9,17.86,1.49,3.65,24.25198332,74.75077264
20170207,0.0,19.62,27.9,7.53,20.38,3.65,6.13,24.25198332,74.75077264
20170208,0.0,19.91,29.94,10.52,19.42,4.37,6.12,24.25198332,74.75077264
20170209,0.0,19.87,27.15,9.77,17.38,2.26,3.68,24.25198332,74.75077264
20170210,0.0,25.18,26.84,8.64,18.2,4.76,6.85,24.25198332,74.75077264
20170211,0.0,28.34,29.31,10.54,18.77,3.38,5.44,24.25198332,74.75077264
20170212,0.0,37.27,28.84,12.66,16.18,2.45,4.61,24.25198332,74.75077264
20170213,0.0,40.21,28.59,13.27,15.32,3.8,4.52,24.25198332,74.75077264
20170214,0.0,33.78,31.29,13.37,17.92,3.58,6.96,24.25198332,74.75077264
20170215,0.0,32.33,32.34,14.2,18.15,3.76,6.42,24.25198332,74.75077264
20170216,0.0,23.49,33.4,16.54,16.86,1.95,4.3,24.25198332,74.75077264
20170217,0.0,20.99,34.27,17.69,16.58,1.54,3.34,24.25198332,74.75077264
20170218,0.0,23.41,34.9,16.06,18.84,3.27,4.97,24.25198332,74.75077264
20170219,0.0,21.07,34.89,17.58,17.3,3.41,6.36,24.25198332,74.75077264
20170220,0.0,27.56,33.82,16.9,16.92,7.57,7.84,24.25198332,74.75077264
20170221,0.0,15.32,32.33,14.45,17.88,3.45,4.47,24.25198332,74.75077264
20170222,0.0,17.73,31.44,15.48,15.96,4.43,5.1,24.25198332,74.75077264
20170223,0.0,12.22,32.04,11.61,20.43,2.61,4.75,24.25198332,74.75077264
20170224,0.0,13.13,31.89,10.88,21.0,3.14,5.14,24.25198332,74.75077264
20170225,0.0,14.34,33.64,13.57,20.07,1.95,4.62,24.25198332,74.75077264
20170226,0.0,19.3,33.74,14.37,19.37,1.88,3.92,24.25198332,74.75077264
20170227,0.0,16.11,34.84,14.47,20.37,3.17,4.89,24.25198332,74.75077264
20170228,0.0,16.81,35.58,16.92,18.65,2.75,5.9,24.25198332,74.75077264
20170301,0.0,22.44,34.5,15.92,18.58,4.77,6.67,24.25198332,74.75077264
20170302,0.0,28.22,33.86,16.16,17.7,4.29,5.6,24.25198332,74.75077264
20170303,0.0,28.65,31.91,14.56,17.35,3.56,6.48,24.25198332,74.75077264
20170304,0.0,28.26,30.98,14.34,16.64,2.78,4.89,24.25198332,74.75077264
20170305,0.0,19.58,32.12,14.36,17.76,1.74,4.13,24.25198332,74.75077264
20170306,0.0,15.97,32.29,14.2,18.09,2.46,6.19,24.25198332,74.75077264
20170307,0.0,17.56,33.72,15.93,17.78,1.85,4.17,24.25198332,74.75077264
20170308,0.0,30.16,32.33,17.47,14.86,4.5,5.56,24.25198332,74.75077264
20170309,0.01,30.43,32.42,16.25,16.17,5.15,6.95,24.25198332,74.75077264
20170310,0.55,37.02,30.22,17.89,12.33,5.11,6.8,24.25198332,74.75077264
20170311,0.0,11.35,28.86,12.67,16.19,3.38,5.18,24.25198332,74.75077264
20170312,0.0,10.03,28.57,9.64,18.94,1.72,4.8,24.25198332,74.75077264
20170313,0.0,10.79,31.31,10.85,20.45,2.44,4.55,24.25198332,74.75077264
20170314,0.0,12.07,31.5,11.59,19.91,1.98,6.08,24.25198332,74.75077264
20170315,0.0,13.06,33.73,16.0,17.73,3.82,7.63,24.25198332,74.75077264
20170316,0.0,13.97,35.19,16.15,19.04,2.72,6.67,24.25198332,74.75077264
20170317,0.0,20.41,34.11,16.3,17.81,3.63,7.38,24.25198332,74.75077264
20170318,1.22,27.87,34.93,18.68,16.26,6.12,7.02,24.25198332,74.75077264
20170319,1.92,39.41,33.02,19.72,13.3,4.38,5.19,24.25198332,74.75077264
20170320,0.0,30.34,34.23,18.32,15.9,1.76,3.46,24.25198332,74.75077264
20170321,0.0,21.52,36.13,19.69,16.44,1.88,3.47,24.25198332,74.75077264
20170322,0.0,19.0,38.07,19.7,18.37,1.92,2.57,24.25198332,74.75077264
20170323,0.0,20.78,38.66,19.4,19.26,3.94,7.26,24.25198332,74.75077264
20170324,0.0,19.32,38.28,19.36,18.92,2.83,6.79,24.25198332,74.75077264
20170325,0.0,18.85,39.18,19.92,19.27,2.53,3.36,24.25198332,74.75077264
20170326,0.0,16.89,40.26,20.45,19.81,2.41,5.52,24.25198332,74.75077264
20170327,0.0,17.08,41.07,21.37,19.7,2.4,4.13,24.25198332,74.75077264
20170328,0.0,15.37,41.84,23.99,17.85,2.58,6.77,24.25198332,74.75077264
20170329,0.0,13.63,41.44,23.15,18.29,1.84,4.35,24.25198332,74.75077264
20170330,0.0,13.54,40.97,21.69,19.28,2.97,5.44,24.25198332,74.75077264
20170331,0.0,16.61,40.53,22.16,18.37,5.01,5.25,24.25198332,74.75077264
20170401,0.0,13.35,40.0,23.07,16.93,3.75,3.8,24.25198332,74.75077264
20170402,0.0,16.23,40.03,21.18,18.85,2.35,2.99,24.25198332,74.75077264
20170403,0.0,20.82,39.9,20.9,19.0,1.81,5.02,24.25198332,74.75077264
20170404,0.0,31.05,38.88,21.85,17.03,2.27,5.3,24.25198332,74.75077264
20170405,0.0,33.32,38.53,21.88,16.65,2.96,4.21,24.25198332,74.75077264
20170406,0.0,32.49,37.25,22.75,14.49,5.53,3.42,24.25198332,74.75077264
20170407,0.0,16.36,35.69,19.59,16.1,3.34,3.17,24.25198332,74.75077264
20170408,0.0,6.77,37.12,16.9,20.22,3.01,6.64,24.25198332,74.75077264
20170409,0.0,8.19,38.0,17.13,20.87,3.77,7.44,24.25198332,74.75077264
20170410,0.0,9.18,38.25,17.97,20.28,2.66,6.71,24.25198332,74.75077264
20170411,0.0,9.61,40.38,20.34,20.04,2.91,3.89,24.25198332,74.75077264
20170412,0.0,8.65,42.35,20.73,21.63,1.71,4.03,24.25198332,74.75077264
20170413,0.0,8.64,43.12,22.33,20.8,1.79,2.42,24.25198332,74.75077264
20170414,0.0,9.98,43.75,23.54,20.22,1.95,5.62,24.25198332,74.75077264
20170415,0.0,10.73,43.71,25.11,18.59,2.79,4.67,24.25198332,74.75077264
20170416,0.0,13.44,43.75,24.09,19.67,1.86,5.89,24.25198332,74.75077264
20170417,0.0,13.09,44.06,25.4,18.65,3.63,7.55,24.25198332,74.75077264
20170418,0.0,13.19,42.65,24.99,17.67,2.61,4.46,24.25198332,74.75077264
20170419,0.0,18.84,41.42,23.34,18.08,2.83,4.51,24.25198332,74.75077264
20170420,0.0,20.37,42.14,23.25,18.88,2.83,3.41,24.25198332,74.75077264
20170421,0.0,21.76,40.96,23.14,17.82,4.87,3.35,24.25198332,74.75077264
20170422,0.0,33.57,38.21,22.46,15.75,2.57,4.15,24.25198332,74.75077264
20170423,0.0,31.84,37.3,23.15,14.15,2.43,3.48,24.25198332,74.75077264
20170424,0.0,31.19,37.21,22.33,14.88,2.61,3.38,24.25198332,74.75077264
20170425,0.0,30.82,38.1,22.99,15.11,2.74,2.98,24.25198332,74.75077264
20170426,0.0,21.61,37.9,21.94,15.96,2.05,3.91,24.25198332,74.75077264
20170427,0.0,15.09,39.92,21.05,18.87,2.15,6.41,24.25198332,74.75077264
20170428,0.0,17.67,39.95,22.37,17.59,3.82,6.85,24.25198332,74.75077264
20170429,0.87,27.6,39.37,23.9,15.47,3.78,3.7,24.25198332,74.75077264
20170430,0.89,27.06,38.82,23.73,15.09,2.72,3.73,24.25198332,74.75077264
20170501,0.0,22.08,40.44,23.81,16.63,3.0,5.09,24.25198332,74.75077264
20170502,0.0,17.62,41.31,25.21,16.1,4.13,7.97,24.25198332,74.75077264
20170503,0.0,16.96,41.66,25.9,15.76,2.48,4.74,24.25198332,74.75077264
20170504,0.0,20.39,41.01,25.25,15.77,2.85,6.67,24.25198332,74.75077264
20170505,0.0,20.53,41.23,29.13,12.1,2.83,4.19,24.25198332,74.75077264
20170506,0.0,19.16,42.96,26.85,16.1,3.77,5.63,24.25198332,74.75077264
20170507,0.0,15.64,43.61,27.56,16.04,2.35,6.0,24.25198332,74.75077264
20170508,0.29,17.26,43.47,26.64,16.83,1.44,4.92,24.25198332,74.75077264
20170509,0.12,16.21,43.11,27.09,16.02,2.83,5.15,24.25198332,74.75077264
20170510,0.0,21.38,42.36,25.53,16.83,2.8,5.35,24.25198332,74.75077264
20170511,0.0,21.08,42.85,26.81,16.03,4.42,7.3,24.25198332,74.75077264
20170512,0.0,19.74,43.65,28.0,15.64,2.32,4.04,24.25198332,74.75077264
20170513,0.0,18.8,44.48,28.95,15.53,2.34,5.15,24.25198332,74.75077264
20170514,0.0,19.47,43.79,30.02,13.77,2.65,3.12,24.25198332,74.75077264
20170515,0.0,20.78,43.03,27.74,15.29,5.09,4.27,24.25198332,74.75077264
20170516,0.0,24.06,41.31,26.73,14.58,4.88,4.4,24.25198332,74.75077264
20170517,0.0,23.65,41.57,27.32,14.25,4.24,2.39,24.25198332,74.75077264
20170518,0.08,21.84,41.68,26.31,15.37,2.32,2.86,24.25198332,74.75077264
20170519,0.0,22.26,42.39,26.85,15.55,2.67,2.72,24.25198332,74.75077264
20170520,0.0,22.63,42.09,26.77,15.32,4.18,2.97,24.25198332,74.75077264
20170521,1.51,30.36,39.72,26.53,13.19,4.54,3.32,24.25198332,74.75077264
20170522,1.04,33.96,39.74,26.42,13.33,4.09,4.11,24.25198332,74.75077264
20170523,0.0,30.04,41.87,26.4,15.47,3.57,6.02,24.25198332,74.75077264
20170524,0.0,27.51,43.47,28.1,15.37,3.32,3.03,24.25198332,74.75077264
20170525,2.11,25.2,43.58,28.6,14.98,1.76,3.15,24.25198332,74.75077264
20170526,0.38,26.14,43.89,28.05,15.84,3.04,3.33,24.25198332,74.75077264
20170527,0.0,27.35,44.42,27.85,16.57,1.66,3.9,24.25198332,74.75077264
20170528,0.0,37.62,41.95,27.24,14.71,3.63,2.47,24.25198332,74.75077264
20170529,1.63,45.46,40.2,26.24,13.96,4.33,4.58,24.25198332,74.75077264
20170530,6.2,49.28,38.62,26.9,11.72,6.26,6.91,24.25198332,74.75077264
20170531,0.22,44.87,40.82,27.7,13.12,8.18,10.49,24.25198332,74.75077264
20170601,0.3,37.56,41.1,27.64,13.46,4.04,4.23,24.25198332,74.75077264
20170602,0.08,28.96,42.81,28.52,14.3,1.7,1.73,24.25198332,74.75077264
20170603,1.17,28.25,44.07,30.03,14.04,7.82,9.96,24.25198332,74.75077264
20170604,2.4,42.5,41.18,29.79,11.39,5.07,7.1,24.25198332,74.75077264
20170605,0.38,43.71,39.51,29.0,10.51,3.93,5.16,24.25198332,74.75077264
20170606,0.0,41.63,40.4,27.31,13.1,4.08,4.7,24.25198332,74.75077264
20170607,3.0,46.83,38.22,28.37,9.85,4.55,6.36,24.25198332,74.75077264
20170608,8.9,55.9,35.46,28.05,7.41,5.18,6.87,24.25198332,74.75077264
20170609,5.18,58.51,35.94,26.41,9.52,3.94,4.45,24.25198332,74.75077264
20170610,1.98,51.54,38.48,26.11,12.37,2.39,3.79,24.25198332,74.75077264
20170611,0.55,45.17,39.96,27.22,12.73,4.11,5.64,24.25198332,74.75077264
20170612,0.52,50.21,39.53,26.27,13.26,3.92,5.08,24.25198332,74.75077264
20170613,2.9,47.52,40.39,26.29,14.1,4.03,4.71,24.25198332,74.75077264
20170614,2.32,48.04,40.36,27.03,13.33,2.38,4.39,24.25198332,74.75077264
20170615,0.01,41.35,40.97,27.2,13.76,2.74,3.22,24.25198332,74.75077264
20170616,0.0,40.53,40.89,26.49,14.41,2.08,3.05,24.25198332,74.75077264
20170617,0.06,41.74,39.59,27.19,12.4,2.42,1.71,24.25198332,74.75077264
20170618,0.06,41.13,40.11,27.48,12.63,2.2,2.05,24.25198332,74.75077264
20170619,0.01,42.48,39.91,27.85,12.06,3.4,3.83,24.25198332,74.75077264
20170620,1.09,46.85,38.79,27.66,11.13,3.68,3.7,24.25198332,74.75077264
20170621,5.28,52.59,37.42,27.07,10.35,3.49,3.08,24.25198332,74.75077264
20170622,22.86,69.39,33.85,25.83,8.03,6.84,7.77,24.25198332,74.75077264
20170623,7.88,64.67,35.12,25.57,9.55,3.89,3.98,24.25198332,74.75077264
20170624,1.69,62.04,35.73,25.62,10.11,4.02,4.75,24.25198332,74.75077264
20170625,4.57,58.5,36.75,25.46,11.28,2.64,5.17,24.25198332,74.75077264
20170626,17.82,63.39,36.56,25.74,10.82,5.04,6.91,24.25198332,74.75077264
20170627,9.85,76.27,32.16,25.09,7.07,4.58,6.22,24.25198332,74.75077264
20170628,2.44,69.74,34.73,24.61,10.12,3.01,2.94,24.25198332,74.75077264
20170629,2.62,71.94,32.9,25.33,7.58,3.79,3.3,24.25198332,74.75077264
20170630,4.43,71.02,34.36,25.2,9.16,3.62,3.31,24.25198332,74.75077264
20170701,4.16,73.37,32.33,24.94,7.39,3.22,3.39,24.25198332,74.75077264
20170702,6.02,77.74,30.87,24.82,6.04,4.24,4.52,24.25198332,74.75077264
20170703,4.72,76.47,32.42,24.52,7.89,3.96,4.06,24.25198332,74.75077264
20170704,2.0,74.65,31.82,24.4,7.42,3.06,2.64,24.25198332,74.75077264
20170705,0.0,67.0,33.44,23.57,9.87,4.78,3.51,24.25198332,74.75077264
20170706,0.05,63.42,34.97,23.72,11.25,3.22,1.99,24.25198332,74.75077264
20170707,0.33,64.15,34.82,24.24,10.58,2.53,2.26,24.25198332,74.75077264
20170708,0.06,60.27,36.0,24.39,11.61,2.29,4.48,24.25198332,74.75077264
20170709,0.0,62.28,35.4,24.29,11.11,1.5,2.72,24.25198332,74.75077264
20170710,0.24,66.09,33.32,24.77,8.55,2.15,2.19,24.25198332,74.75077264
20170711,1.19,65.64,35.11,24.22,10.88,3.28,2.62,24.25198332,74.75077264
20170712,3.29,66.52,34.69,24.15,10.54,2.18,1.22,24.25198332,74.75077264
20170713,47.1,84.47,28.85,24.44,4.41,2.87,1.84,24.25198332,74.75077264
20170714,46.07,85.73,30.28,24.06,6.22,2.62,2.93,24.25198332,74.75077264
20170715,5.91,83.93,29.73,24.5,5.23,4.78,6.64,24.25198332,74.75077264
20170716,1.25,83.1,29.66,24.28,5.38,2.77,2.44,24.25198332,74.75077264
20170717,0.26,84.07,30.1,24.39,5.71,1.24,1.93,24.25198332,74.75077264
20170718,4.19,80.87,31.79,24.48,7.31,3.18,5.14,24.25198332,74.75077264
20170719,2.45,79.21,31.66,24.56,7.1,1.83,3.09,24.25198332,74.75077264
20170720,25.21,82.99,30.77,24.49,6.28,3.59,6.09,24.25198332,74.75077264
20170721,30.09,87.47,30.27,24.66,5.61,2.2,3.13,24.25198332,74.75077264
20170722,28.14,88.98,29.35,24.92,4.43,3.8,5.05,24.25198332,74.75077264
20170723,29.91,92.34,27.81,24.32,3.49,2.42,2.47,24.25198332,74.75077264
20170724,19.51,90.41,27.24,22.95,4.29,3.44,3.3,24.25198332,74.75077264
20170725,21.18,90.79,28.78,23.47,5.31,3.02,3.2,24.25198332,74.75077264
20170726,14.15,89.5,29.59,23.69,5.9,3.83,5.39,24.25198332,74.75077264
20170727,9.8,82.98,32.0,23.4,8.6,3.46,5.27,24.25198332,74.75077264
20170728,44.26,91.74,28.3,24.19,4.11,4.87,4.87,24.25198332,74.75077264
20170729,18.42,88.07,28.75,23.14,5.61,4.85,4.76,24.25198332,74.75077264
20170730,0.28,85.5,29.49,23.18,6.31,2.92,1.89,24.25198332,74.75077264
20170731,0.37,85.71,29.38,23.33,6.05,3.21,2.09,24.25198332,74.75077264
20170801,0.45,85.58,29.68,23.95,5.73,2.74,1.7,24.25198332,74.75077264
20170802,1.95,85.23,29.75,23.49,6.26,3.3,2.05,24.25198332,74.75077264
20170803,0.63,85.15,29.61,22.82,6.79,2.42,1.52,24.25198332,74.75077264
20170804,0.04,83.64,30.29,22.6,7.69,2.68,1.53,24.25198332,74.75077264
20170805,0.0,83.38,29.65,23.33,6.31,3.12,2.14,24.25198332,74.75077264
20170806,0.0,83.1,30.43,22.62,7.81,2.25,4.38,24.25198332,74.75077264
20170807,5.18,85.49,29.92,23.43,6.5,2.47,2.86,24.25198332,74.75077264
20170808,20.27,91.83,27.39,23.98,3.41,1.83,1.01,24.25198332,74.75077264
20170809,11.13,88.81,28.17,23.15,5.02,2.17,1.45,24.25198332,74.75077264
20170810,3.43,87.18,28.97,23.38,5.59,3.48,2.6,24.25198332,74.75077264
20170811,0.61,85.71,29.69,23.51,6.19,2.81,2.06,24.25198332,74.75077264
20170812,1.0,85.5,30.16,22.89,7.26,2.57,2.15,24.25198332,74.75077264
20170813,0.69,85.04,30.07,22.49,7.57,3.07,2.99,24.25198332,74.75077264
20170814,1.2,83.28,29.8,22.54,7.26,3.29,2.89,24.25198332,74.75077264
20170815,0.38,83.13,29.64,22.85,6.79,2.64,1.5,24.25198332,74.75077264
20170816,0.0,82.88,29.85,22.49,7.36,3.0,1.48,24.25198332,74.75077264
20170817,0.0,82.66,30.07,21.9,8.18,3.17,2.33,24.25198332,74.75077264
20170818,0.08,81.93,30.64,22.34,8.3,2.3,3.84,24.25198332,74.75077264
20170819,12.9,84.69,30.1,22.39,7.71,2.05,3.36,24.25198332,74.75077264
20170820,7.59,84.9,31.31,23.98,7.33,2.64,1.8,24.25198332,74.75077264
20170821,4.06,82.92,31.14,24.11,7.03,3.15,2.14,24.25198332,74.75077264
20170822,3.39,82.62,31.09,23.87,7.22,3.85,5.64,24.25198332,74.75077264
20170823,10.29,85.26,30.34,22.16,8.18,2.8,4.09,24.25198332,74.75077264
20170824,16.58,86.71,30.43,23.54,6.9,2.1,3.22,24.25198332,74.75077264
20170825,12.5,86.1,29.83,23.76,6.07,3.8,4.25,24.25198332,74.75077264
20170826,8.76,85.51,30.06,23.4,6.66,1.89,1.39,24.25198332,74.75077264
20170827,13.85,83.75,30.72,23.57,7.14,4.59,5.34,24.25198332,74.75077264
20170828,10.48,87.4,29.67,23.16,6.51,4.51,5.27,24.25198332,74.75077264
20170829,12.88,88.14,29.23,24.19,5.04,2.59,2.77,24.25198332,74.75077264
20170830,10.29,89.09,29.56,23.24,6.32,3.19,2.81,24.25198332,74.75077264
20170831,1.74,86.89,29.21,22.23,6.98,3.53,3.24,24.25198332,74.75077264
20170901,0.54,85.8,28.89,22.57,6.32,3.77,2.22,24.25198332,74.75077264
20170902,1.37,86.9,26.91,22.04,4.87,3.34,2.84,24.25198332,74.75077264
20170903,4.73,88.81,28.07,22.41,5.65,4.05,3.03,24.25198332,74.75077264
20170904,0.39,83.7,29.83,21.14,8.69,1.6,2.5,24.25198332,74.75077264
20170905,0.02,83.45,29.67,20.99,8.68,2.16,3.03,24.25198332,74.75077264
20170906,0.3,82.92,29.04,20.72,8.31,1.58,2.24,24.25198332,74.75077264
20170907,0.02,79.29,29.68,20.13,9.56,1.77,4.5,24.25198332,74.75077264
20170908,0.23,76.01,30.99,20.82,10.17,2.65,5.62,24.25198332,74.75077264
20170909,0.97,77.18,31.87,22.1,9.77,2.18,4.39,24.25198332,74.75077264
20170910,4.05,81.41,31.87,22.99,8.88,1.55,3.6,24.25198332,74.75077264
20170911,3.14,85.37,30.11,23.75,6.36,1.97,4.16,24.25198332,74.75077264
20170912,7.59,85.43,30.64,23.54,7.1,2.04,3.81,24.25198332,74.75077264
20170913,21.93,85.61,30.37,23.79,6.58,2.8,3.68,24.25198332,74.75077264
20170914,1.06,80.79,30.09,23.14,6.94,1.92,2.54,24.25198332,74.75077264
20170915,1.87,84.77,29.33,22.81,6.52,2.25,2.51,24.25198332,74.75077264
20170916,6.8,86.01,28.21,22.63,5.59,3.28,3.47,24.25198332,74.75077264
20170917,8.88,75.89,30.91,21.43,9.49,2.28,3.82,24.25198332,74.75077264
20170918,0.33,70.26,31.86,22.51,9.35,2.09,3.47,24.25198332,74.75077264
20170919,0.0,61.94,31.96,20.27,11.69,2.61,4.43,24.25198332,74.75077264
20170920,0.46,70.02,31.87,20.88,10.99,2.05,3.81,24.25198332,74.75077264
20170921,4.15,80.24,31.71,20.45,11.27,2.01,3.04,24.25198332,74.75077264
20170922,1.36,84.4,29.71,22.16,7.55,2.66,1.75,24.25198332,74.75077264
20170923,0.27,82.78,30.29,21.59,8.7,3.1,1.82,24.25198332,74.75077264
20170924,0.0,81.67,30.5,20.17,10.33,2.12,2.95,24.25198332,74.75077264
20170925,0.0,80.72,30.2,20.64,9.56,2.0,3.69,24.25198332,74.75077264
20170926,0.0,75.18,30.81,19.5,11.31,1.95,4.67,24.25198332,74.75077264
20170927,0.0,71.95,32.24,20.22,12.03,2.89,6.26,24.25198332,74.75077264
20170928,0.0,68.35,32.73,21.15,11.58,2.29,4.92,24.25198332,74.75077264
20170929,0.0,63.44,33.19,20.86,12.33,2.34,4.68,24.25198332,74.75077264
20170930,0.0,59.71,32.94,20.15,12.79,2.62,5.53,24.25198332,74.75077264
20171001,0.0,60.28,33.41,20.17,13.24,2.64,5.53,24.25198332,74.75077264
20171002,0.0,58.01,33.84,20.5,13.34,2.44,5.21,24.25198332,74.75077264
20171003,0.0,55.17,33.74,20.56,13.17,2.53,4.91,24.25198332,74.75077264
20171004,0.0,52.68,33.63,19.11,14.52,2.89,5.11,24.25198332,74.75077264
20171005,0.0,54.27,33.17,18.91,14.26,2.47,3.76,24.25198332,74.75077264
20171006,0.0,56.31,33.3,18.7,14.6,2.64,2.66,24.25198332,74.75077264
20171007,0.0,52.25,33.6,19.16,14.44,2.11,3.5,24.25198332,74.75077264
20171008,0.0,45.13,33.91,19.19,14.72,1.61,1.48,24.25198332,74.75077264
20171009,0.0,48.77,34.27,18.4,15.87,2.89,2.73,24.25198332,74.75077264
20171010,0.48,61.38,33.2,20.24,12.97,2.56,2.54,24.25198332,74.75077264
20171011,0.64,64.37,32.05,21.26,10.79,1.46,1.5,24.25198332,74.75077264
20171012,0.0,56.9,33.59,21.65,11.93,2.41,4.6,24.25198332,74.75077264
20171013,0.0,55.26,33.95,21.84,12.11,1.98,4.2,24.25198332,74.75077264
20171014,0.0,49.64,35.53,20.55,14.97,2.31,4.78,24.25198332,74.75077264
20171015,0.0,46.86,35.14,20.69,14.45,0.91,3.11,24.25198332,74.75077264
20171016,0.0,45.86,35.69,19.47,16.22,1.54,3.47,24.25198332,74.75077264
20171017,0.0,41.97,35.88,17.83,18.04,1.27,4.05,24.25198332,74.75077264
20171018,0.0,37.92,35.26,17.27,17.99,3.03,5.32,24.25198332,74.75077264
20171019,0.0,37.05,33.82,16.68,17.15,2.0,2.93,24.25198332,74.75077264
20171020,0.0,45.59,34.06,18.6,15.46,2.46,3.31,24.25198332,74.75077264
20171021,0.0,43.83,35.16,19.71,15.45,2.63,6.38,24.25198332,74.75077264
20171022,0.0,42.05,34.02,18.24,15.78,2.39,4.66,24.25198332,74.75077264
20171023,0.0,44.6,33.64,15.35,18.28,1.92,5.63,24.25198332,74.75077264
20171024,0.0,37.91,33.59,15.85,17.74,2.07,4.83,24.25198332,74.75077264
20171025,0.0,29.75,33.84,15.13,18.72,2.22,3.92,24.25198332,74.75077264
20171026,0.0,32.59,34.1,16.93,17.18,2.72,4.5,24.25198332,74.75077264
20171027,0.0,36.8,33.21,16.83,16.38,1.64,3.67,24.25198332,74.75077264
20171028,0.0,41.59,33.18,17.16,16.02,1.4,3.95,24.25198332,74.75077264
20171029,0.0,37.47,33.49,17.45,16.03,1.77,3.29,24.25198332,74.75077264
20171030,0.0,35.98,32.81,15.33,17.48,2.23,3.44,24.25198332,74.75077264
20171031,0.0,32.49,32.81,16.75,16.06,0.84,1.0,24.25198332,74.75077264
20171101,0.0,33.82,32.28,15.29,16.99,1.69,3.06,24.25198332,74.75077264
20171102,0.0,29.9,33.43,17.74,15.69,1.44,2.25,24.25198332,74.75077264
20171103,0.0,33.92,33.07,15.12,17.95,1.4,2.2,24.25198332,74.75077264
20171104,0.0,40.91,31.95,14.66,17.29,1.17,2.51,24.25198332,74.75077264
20171105,0.0,40.97,31.54,14.8,16.74,3.05,4.69,24.25198332,74.75077264
20171106,0.0,37.85,31.91,16.86,15.04,0.91,1.45,24.25198332,74.75077264
20171107,0.0,39.04,31.66,16.59,15.07,2.32,2.94,24.25198332,74.75077264
20171108,0.0,38.69,31.71,17.76,13.95,1.31,2.16,24.25198332,74.75077264
20171109,0.0,40.36,30.7,17.09,13.61,1.68,2.57,24.25198332,74.75077264
20171110,0.0,35.36,31.19,17.63,13.56,2.28,3.14,24.25198332,74.75077264
20171111,0.0,35.29,30.79,15.32,15.47,0.97,2.14,24.25198332,74.75077264
20171112,0.0,32.29,30.22,14.18,16.04,1.38,2.07,24.25198332,74.75077264
20171113,0.0,33.72,29.48,15.44,14.04,1.4,2.34,24.25198332,74.75077264
20171114,0.0,39.39,28.94,14.93,14.01,2.89,3.07,24.25198332,74.75077264
20171115,0.0,39.08,28.83,13.71,15.12,2.2,4.33,24.25198332,74.75077264
20171116,0.0,38.71,29.86,14.66,15.19,2.32,4.18,24.25198332,74.75077264
20171117,0.0,43.25,29.76,14.56,15.2,2.68,5.5,24.25198332,74.75077264
20171118,0.0,47.67,29.9,15.25,14.65,2.28,4.61,24.25198332,74.75077264
20171119,0.0,53.95,28.37,14.56,13.81,4.51,7.3,24.25198332,74.75077264
20171120,0.0,42.48,28.32,13.8,14.52,4.41,7.2,24.25198332,74.75077264
20171121,0.0,40.0,28.59,13.55,15.03,4.21,6.49,24.25198332,74.75077264
20171122,0.0,37.18,29.14,13.33,15.82,3.6,5.88,24.25198332,74.75077264
20171123,0.0,28.96,29.5,11.15,18.35,3.65,6.36,24.25198332,74.75077264
20171124,0.0,24.59,29.46,11.32,18.14,3.36,5.69,24.25198332,74.75077264
20171125,0.0,20.34,30.44,12.05,18.39,1.92,3.26,24.25198332,74.75077264
20171126,0.0,19.78,30.75,13.77,16.99,1.81,3.4,24.25198332,74.75077264
20171127,0.0,19.21,30.61,14.13,16.48,1.68,2.74,24.25198332,74.75077264
20171128,0.0,22.31,30.43,13.39,17.03,2.11,2.01,24.25198332,74.75077264
20171129,0.0,26.6,29.75,13.3,16.46,1.82,1.98,24.25198332,74.75077264
20171130,0.0,29.2,29.54,15.07,14.47,2.15,3.6,24.25198332,74.75077264
20171201,0.0,29.63,29.59,13.34,16.25,2.31,4.15,24.25198332,74.75077264
20171202,0.0,30.2,29.27,12.53,16.74,1.76,3.11,24.25198332,74.75077264
20171203,0.0,35.66,25.23,14.16,11.07,2.23,4.43,24.25198332,74.75077264
20171204,0.03,34.11,25.4,15.1,10.3,2.89,5.77,24.25198332,74.75077264
20171205,2.98,58.2,20.32,13.82,6.5,4.98,5.11,24.25198332,74.75077264
20171206,2.95,73.9,19.03,13.43,5.6,3.54,3.03,24.25198332,74.75077264
20171207,0.11,64.86,24.06,12.83,11.22,3.11,3.79,24.25198332,74.75077264
20171208,0.0,58.4,28.09,13.86,14.23,4.09,6.59,24.25198332,74.75077264
20171209,0.0,50.43,29.47,14.62,14.85,2.52,4.65,24.25198332,74.75077264
20171210,0.03,46.91,29.11,13.67,15.44,2.59,4.67,24.25198332,74.75077264
20171211,0.51,51.09,28.1,14.3,13.8,4.13,4.13,24.25198332,74.75077264
20171212,0.0,43.59,25.07,11.72,13.35,2.1,4.17,24.25198332,74.75077264
20171213,0.0,32.92,25.69,8.97,16.71,3.26,6.39,24.25198332,74.75077264
20171214,0.0,49.29,26.44,9.81,16.63,4.2,6.97,24.25198332,74.75077264
20171215,0.0,51.25,27.57,11.41,16.17,4.36,6.66,24.25198332,74.75077264
20171216,0.0,45.56,26.25,11.99,14.26,3.56,6.69,24.25198332,74.75077264
20171217,0.0,37.97,27.27,11.1,16.17,3.01,4.79,24.25198332,74.75077264
20171218,0.0,21.55,27.98,9.79,18.19,2.16,4.71,24.25198332,74.75077264
20171219,0.0,23.59,25.04,12.37,12.67,2.8,4.56,24.25198332,74.75077264
20171220,0.0,26.35,24.03,12.35,11.68,2.19,3.38,24.25198332,74.75077264
20171221,0.0,25.71,27.66,12.46,15.19,1.63,3.16,24.25198332,74.75077264
20171222,0.0,29.03,28.2,13.22,14.98,2.64,4.83,24.25198332,74.75077264
20171223,0.0,23.94,28.54,13.55,14.99,3.29,5.56,24.25198332,74.75077264
20171224,0.0,23.65,28.75,10.15,18.6,1.71,4.29,24.25198332,74.75077264
20171225,0.0,23.33,27.61,9.93,17.68,1.32,3.31,24.25198332,74.75077264
20171226,0.0,20.99,27.46,8.54,18.92,2.02,3.18,24.25198332,74.75077264
20171227,0.0,18.98,28.16,10.42,17.74,2.73,5.35,24.25198332,74.75077264
20171228,0.0,20.06,29.1,10.96,18.14,2.77,5.74,24.25198332,74.75077264
20171229,0.0,23.35,28.67,10.53,18.14,2.66,5.36,24.25198332,74.75077264
20171230,0.0,28.16,27.9,10.11,17.79,2.49,6.08,24.25198332,74.75077264
20171231,0.0,32.75,26.72,10.11,16.61,3.17,5.88,24.25198332,74.75077264
20180101,0.0,34.01,26.77,9.81,16.96,3.07,6.54,24.25198332,74.75077264
20180102,0.0,26.02,25.4,8.24,17.15,2.39,4.51,24.25198332,74.75077264
20180103,0.0,23.74,25.77,7.34,18.42,3.26,6.24,24.25198332,74.75077264
20180104,0.0,23.15,27.23,8.12,19.11,1.56,3.79,24.25198332,74.75077264
20180105,0.0,19.81,26.79,8.64,18.15,2.63,5.0,24.25198332,74.75077264
20180106,0.0,26.75,25.54,8.26,17.28,2.71,4.69,24.25198332,74.75077264
20180107,0.0,28.41,25.38,8.17,17.22,2.43,4.48,24.25198332,74.75077264
20180108,0.0,27.66,25.89,7.92,17.97,2.97,6.78,24.25198332,74.75077264
20180109,0.0,26.51,26.39,8.59,17.81,3.48,6.8,24.25198332,74.75077264
20180110,0.0,23.48,27.9,9.7,18.2,2.34,5.63,24.25198332,74.75077264
20180111,0.0,23.78,28.08,10.77,17.32,2.15,4.34,24.25198332,74.75077264
20180112,0.0,27.49,28.63,12.09,16.54,1.55,4.27,24.25198332,74.75077264
20180113,0.0,31.77,28.19,14.85,13.33,2.39,4.56,24.25198332,74.75077264
20180114,0.0,38.83,31.1,16.6,14.5,2.69,3.38,24.25198332,74.75077264
20180115,0.0,28.72,30.1,12.85,17.24,3.34,6.74,24.25198332,74.75077264
20180116,0.0,21.74,29.75,13.66,16.09,2.39,4.18,24.25198332,74.75077264
20180117,0.0,30.41,30.17,14.85,15.32,3.04,2.86,24.25198332,74.75077264
20180118,0.0,24.86,29.67,12.07,17.6,2.97,5.81,24.25198332,74.75077264
20180119,0.0,23.18,29.35,13.58,15.76,2.29,4.61,24.25198332,74.75077264
20180120,0.0,25.39,29.28,10.77,18.5,3.29,5.7,24.25198332,74.75077264
20180121,0.0,27.88,29.44,10.84,18.6,3.47,5.53,24.25198332,74.75077264
20180122,0.0,29.97,29.62,11.98,17.65,2.92,3.92,24.25198332,74.75077264
20180123,0.0,29.03,26.85,12.55,14.3,6.56,6.55,24.25198332,74.75077264
20180124,0.0,17.55,25.74,8.68,17.06,1.72,3.36,24.25198332,74.75077264
20180125,0.0,19.94,25.68,7.31,18.36,2.09,3.7,24.25198332,74.75077264
20180126,0.0,18.27,27.23,9.42,17.81,2.38,4.04,24.25198332,74.75077264
20180127,0.0,17.62,28.0,10.08,17.92,3.0,5.36,24.25198332,74.75077264
20180128,0.0,18.92,29.1,9.8,19.3,2.75,5.1,24.25198332,74.75077264
20180129,0.0,17.77,29.98,14.38,15.6,2.35,3.5,24.25198332,74.75077264
20180130,0.0,19.57,31.51,13.99,17.52,2.58,4.87,24.25198332,74.75077264
20180131,0.0,17.65,31.76,13.91,17.85,2.45,4.23,24.25198332,74.75077264
20180201,0.0,16.51,31.67,15.08,16.59,2.02,2.18,24.25198332,74.75077264
20180202,0.0,24.3,31.18,12.54,18.64,3.58,4.02,24.25198332,74.75077264
20180203,0.0,25.84,29.85,12.2,17.66,2.45,5.86,24.25198332,74.75077264
20180204,0.0,26.52,29.39,12.03,17.36,6.09,7.66,24.25198332,74.75077264
20180205,0.0,24.76,31.12,13.6,17.52,4.75,7.08,24.25198332,74.75077264
20180206,0.0,25.36,30.22,16.14,14.08,4.15,6.74,24.25198332,74.75077264
20180207,0.0,29.1,30.32,16.6,13.72,3.49,4.03,24.25198332,74.75077264
20180208,0.0,24.27,29.47,13.65,15.82,2.49,3.41,24.25198332,74.75077264
20180209,0.0,15.45,29.13,12.23,16.9,3.55,3.94,24.25198332,74.75077264
20180210,0.0,20.21,28.38,12.24,16.14,4.19,4.69,24.25198332,74.75077264
20180211,0.0,33.99,28.93,13.65,15.28,4.06,4.53,24.25198332,74.75077264
20180212,0.0,32.8,28.54,15.06,13.48,2.69,4.63,24.25198332,74.75077264
20180213,0.0,36.61,26.3,11.88,14.42,2.95,2.97,24.25198332,74.75077264
20180214,0.0,30.74,28.01,11.06,16.95,2.52,3.4,24.25198332,74.75077264
20180215,0.0,26.4,30.07,11.57,18.51,2.31,4.0,24.25198332,74.75077264
20180216,0.0,22.46,31.63,14.67,16.96,2.56,4.79,24.25198332,74.75077264
20180217,0.0,21.24,32.33,14.92,17.42,2.92,4.75,24.25198332,74.75077264
20180218,0.0,23.08,32.53,15.41,17.12,2.32,4.38,24.25198332,74.75077264
20180219,0.0,21.66,32.83,16.77,16.06,2.1,2.88,24.25198332,74.75077264
20180220,0.0,20.57,33.44,15.58,17.86,2.88,4.24,24.25198332,74.75077264
20180221,0.0,18.35,33.76,17.1,16.66,1.55,2.58,24.25198332,74.75077264
20180222,0.0,21.06,33.89,16.83,17.06,0.99,2.36,24.25198332,74.75077264
20180223,0.0,23.0,32.51,17.67,14.84,2.87,3.41,24.25198332,74.75077264
20180224,0.0,25.84,33.67,18.9,14.77,6.44,7.45,24.25198332,74.75077264
20180225,0.0,26.51,33.79,17.13,16.66,2.23,5.76,24.25198332,74.75077264
20180226,0.0,23.71,33.72,15.8,17.91,4.15,7.14,24.25198332,74.75077264
20180227,0.0,20.33,35.29,16.39,18.91,3.63,5.85,24.25198332,74.75077264
20180228,0.0,21.86,35.62,18.96,16.66,1.77,2.32,24.25198332,74.75077264
20180301,0.0,23.38,35.38,19.49,15.89,2.94,6.25,24.25198332,74.75077264
20180302,0.0,20.39,35.68,19.26,16.42,2.53,4.66,24.25198332,74.75077264
20180303,0.0,19.61,35.07,17.87,17.2,4.31,5.01,24.25198332,74.75077264
20180304,0.0,26.81,33.77,18.84,14.93,4.6,5.44,24.25198332,74.75077264
20180305,0.0,25.57,33.9,17.16,16.74,1.88,3.63,24.25198332,74.75077264
20180306,0.0,20.06,34.44,15.76,18.68,4.77,7.55,24.25198332,74.75077264
20180307,0.0,19.0,34.26,15.69,18.57,4.46,7.05,24.25198332,74.75077264
20180308,0.0,24.0,35.65,18.5,17.15,3.43,5.3,24.25198332,74.75077264
20180309,0.0,27.71,35.97,18.8,17.18,1.91,3.85,24.25198332,74.75077264
20180310,0.0,17.65,36.46,18.84,17.61,3.76,5.14,24.25198332,74.75077264
20180311,0.0,13.08,36.34,16.9,19.44,3.68,5.36,24.25198332,74.75077264
20180312,0.0,12.3,36.62,16.44,20.18,3.2,6.81,24.25198332,74.75077264
20180313,0.0,14.26,36.8,17.38,19.43,5.92,7.02,24.25198332,74.75077264
20180314,0.0,18.06,35.13,18.45,16.68,3.89,3.53,24.25198332,74.75077264
20180315,0.0,20.76,35.28,17.48,17.8,1.9,2.39,24.25198332,74.75077264
20180316,0.0,23.15,34.76,18.46,16.3,1.6,3.04,24.25198332,74.75077264
20180317,0.0,15.26,35.07,18.05,17.02,1.78,4.59,24.25198332,74.75077264
20180318,0.0,15.68,36.66,17.49,19.17,3.1,3.85,24.25198332,74.75077264
20180319,0.1,27.82,35.9,20.41,15.5,5.47,5.45,24.25198332,74.75077264
20180320,0.04,30.05,35.71,19.99,15.72,4.95,8.64,24.25198332,74.75077264
20180321,0.0,22.31,33.99,18.17,15.82,4.21,4.53,24.25198332,74.75077264
20180322,0.0,23.05,33.23,16.96,16.27,1.83,5.21,24.25198332,74.75077264
20180323,0.0,24.92,33.96,16.12,17.84,2.48,4.93,24.25198332,74.75077264
20180324,0.0,21.81,35.1,18.22,16.89,2.08,4.58,24.25198332,74.75077264
20180325,0.0,16.27,36.42,18.23,18.19,3.29,6.31,24.25198332,74.75077264
20180326,0.0,13.68,38.15,19.26,18.89,1.74,4.8,24.25198332,74.75077264
20180327,0.0,10.17,39.63,21.52,18.11,4.06,6.64,24.25198332,74.75077264
20180328,0.0,10.32,39.56,20.61,18.95,1.81,3.85,24.25198332,74.75077264
20180329,0.0,10.2,40.4,19.68,20.72,1.41,3.93,24.25198332,74.75077264
20180330,0.0,7.97,41.06,20.24,20.82,2.15,6.18,24.25198332,74.75077264
20180331,0.0,10.37,40.71,20.08,20.63,1.92,4.18,24.25198332,74.75077264
20180401,0.0,11.88,39.61,20.08,19.53,3.29,6.6,24.25198332,74.75077264
20180402,0.0,11.54,40.58,21.78,18.81,3.62,7.81,24.25198332,74.75077264
20180403,0.0,13.04,40.7,22.4,18.3,1.37,4.95,24.25198332,74.75077264
20180404,0.0,14.55,40.18,22.96,17.23,2.39,1.91,24.25198332,74.75077264
20180405,0.0,15.81,40.03,23.26,16.78,3.33,4.99,24.25198332,74.75077264
20180406,0.0,18.1,40.24,23.07,17.17,3.06,4.89,24.25198332,74.75077264
20180407,0.1,21.73,39.75,22.73,17.01,2.19,5.35,24.25198332,74.75077264
20180408,0.1,22.45,39.13,26.47,12.66,2.64,5.42,24.25198332,74.75077264
20180409,0.25,20.42,40.02,22.55,17.48,2.85,6.21,24.25198332,74.75077264
20180410,0.21,21.98,39.39,24.47,14.92,2.71,6.6,24.25198332,74.75077264
20180411,0.2,23.11,39.18,23.57,15.61,4.39,5.95,24.25198332,74.75077264
20180412,0.55,24.73,38.51,23.98,14.53,3.18,6.56,24.25198332,74.75077264
20180413,0.01,21.18,39.56,23.7,15.86,2.31,4.84,24.25198332,74.75077264
20180414,0.0,20.76,39.92,25.24,14.69,3.18,5.68,24.25198332,74.75077264
20180415,0.06,20.04,40.55,24.49,16.06,2.31,4.94,24.25198332,74.75077264
20180416,0.0,21.12,40.65,26.02,14.63,3.41,3.82,24.25198332,74.75077264
20180417,0.0,19.28,40.58,25.36,15.22,3.29,3.53,24.25198332,74.75077264
20180418,0.0,14.42,40.98,22.84,18.14,1.78,4.72,24.25198332,74.75077264
20180419,0.0,15.54,41.4,24.18,17.22,2.87,5.07,24.25198332,74.75077264
20180420,0.0,19.53,40.25,24.68,15.57,4.99,3.08,24.25198332,74.75077264
20180421,0.0,18.88,38.34,22.85,15.49,1.77,4.14,24.25198332,74.75077264
20180422,0.0,9.76,38.48,20.06,18.42,4.73,7.13,24.25198332,74.75077264
20180423,0.0,9.32,39.33,19.89,19.44,3.14,5.88,24.25198332,74.75077264
20180424,0.0,7.9,41.03,21.28,19.75,3.22,6.43,24.25198332,74.75077264
20180425,0.0,9.55,41.61,21.94,19.66,2.34,3.89,24.25198332,74.75077264
20180426,0.0,16.48,42.07,23.05,19.02,2.19,4.3,24.25198332,74.75077264
20180427,0.0,17.81,43.46,25.14,18.33,3.36,6.75,24.25198332,74.75077264
20180428,0.0,18.32,44.16,26.63,17.53,3.44,3.77,24.25198332,74.75077264
20180429,0.0,17.87,43.31,26.6,16.71,3.97,2.6,24.25198332,74.75077264
20180430,0.0,25.31,43.25,26.44,16.81,2.83,2.41,24.25198332,74.75077264
20180501,0.0,21.72,43.99,26.56,17.44,3.46,1.54,24.25198332,74.75077264
20180502,0.0,18.73,43.47,25.34,18.13,3.37,4.59,24.25198332,74.75077264
20180503,0.0,17.91,42.05,24.5,17.55,3.03,4.75,24.25198332,74.75077264
20180504,0.0,26.17,41.28,23.24,18.05,2.69,5.64,24.25198332,74.75077264
20180505,0.07,25.36,41.97,27.52,14.45,2.91,4.81,24.25198332,74.75077264
20180506,0.0,17.43,42.27,27.43,14.84,3.4,3.51,24.25198332,74.75077264
20180507,0.0,16.45,40.54,24.69,15.85,4.13,2.24,24.25198332,74.75077264
20180508,0.0,24.42,38.59,23.52,15.07,3.47,5.6,24.25198332,74.75077264
20180509,0.06,27.43,40.66,26.06,14.6,1.64,3.68,24.25198332,74.75077264
20180510,0.0,21.29,42.32,28.58,13.74,1.84,4.21,24.25198332,74.75077264
20180511,0.0,19.22,43.46,27.75,15.71,2.63,5.42,24.25198332,74.75077264
20180512,0.0,16.94,42.87,27.69,15.19,1.94,4.29,24.25198332,74.75077264
20180513,0.0,21.17,42.21,26.38,15.83,2.29,4.86,24.25198332,74.75077264
20180514,0.0,22.89,41.99,26.26,15.73,2.25,4.33,24.25198332,74.75077264
20180515,0.04,21.21,42.71,28.17,14.53,2.23,4.96,24.25198332,74.75077264
20180516,0.11,20.71,42.42,27.59,14.83,3.24,4.33,24.25198332,74.75077264
20180517,0.51,18.63,43.4,27.26,16.13,2.07,3.41,24.25198332,74.75077264
20180518,0.0,17.06,42.97,28.38,14.59,2.91,2.4,24.25198332,74.75077264
20180519,0.0,16.74,42.14,26.82,15.32,2.07,3.95,24.25198332,74.75077264
20180520,0.0,20.48,42.82,26.37,16.44,4.81,7.88,24.25198332,74.75077264
20180521,0.0,22.55,42.88,26.71,16.17,4.25,7.06,24.25198332,74.75077264
20180522,0.0,18.41,43.27,26.74,16.53,4.34,7.79,24.25198332,74.75077264
20180523,0.0,14.04,44.8,26.85,17.95,4.13,7.17,24.25198332,74.75077264
20180524,0.0,9.49,44.13,26.89,17.24,2.57,5.82,24.25198332,74.75077264
20180525,0.0,15.73,43.78,26.78,17.01,2.17,5.52,24.25198332,74.75077264
20180526,0.0,15.23,44.19,27.29,16.89,2.32,6.09,24.25198332,74.75077264
20180527,0.0,9.77,45.76,27.56,18.2,2.2,5.01,24.25198332,74.75077264
20180528,0.0,14.06,45.22,27.78,17.44,2.85,6.09,24.25198332,74.75077264
20180529,0.0,22.13,43.78,29.0,14.78,2.45,4.38,24.25198332,74.75077264
20180530,0.0,32.49,41.34,27.51,13.83,3.94,3.85,24.25198332,74.75077264
20180531,0.17,33.34,42.87,27.58,15.29,4.02,4.21,24.25198332,74.75077264
20180601,0.28,29.15,43.96,29.25,14.7,3.68,5.28,24.25198332,74.75077264
20180602,1.24,28.41,43.46,29.18,14.28,4.26,6.7,24.25198332,74.75077264
20180603,0.04,23.09,44.58,28.98,15.61,3.38,1.81,24.25198332,74.75077264
20180604,0.0,26.68,43.43,28.31,15.11,4.21,2.99,24.25198332,74.75077264
20180605,0.01,25.29,44.6,28.83,15.77,3.6,3.88,24.25198332,74.75077264
20180606,0.0,22.88,44.9,30.4,14.5,5.12,3.74,24.25198332,74.75077264
20180607,0.28,25.76,44.81,30.26,14.55,2.88,3.01,24.25198332,74.75077264
20180608,0.01,34.75,42.8,28.72,14.08,2.32,2.73,24.25198332,74.75077264
20180609,0.58,42.18,41.02,29.13,11.89,2.66,4.47,24.25198332,74.75077264
20180610,1.97,48.69,38.12,28.8,9.33,3.56,5.15,24.25198332,74.75077264
20180611,0.99,40.03,40.55,29.44,11.11,4.88,3.55,24.25198332,74.75077264
20180612,0.02,38.47,41.44,28.17,13.27,2.94,2.15,24.25198332,74.75077264
20180613,0.0,42.45,40.59,27.84,12.75,3.23,2.5,24.25198332,74.75077264
20180614,0.0,40.81,39.22,26.62,12.6,3.29,3.14,24.25198332,74.75077264
20180615,0.0,42.63,39.11,26.62,12.49,2.41,1.57,24.25198332,74.75077264
20180616,0.0,42.26,39.5,26.51,12.99,3.77,3.73,24.25198332,74.75077264
20180617,0.0,43.99,39.24,26.63,12.61,4.75,4.61,24.25198332,74.75077264
20180618,0.24,42.04,39.4,27.68,11.73,3.67,4.23,24.25198332,74.75077264
20180619,2.18,41.81,40.1,27.83,12.27,3.24,4.03,24.25198332,74.75077264
20180620,0.32,35.22,41.49,27.93,13.56,5.18,6.9,24.25198332,74.75077264
20180621,1.35,32.5,42.5,28.76,13.74,5.2,7.02,24.25198332,74.75077264
20180622,1.81,41.76,40.7,28.69,12.01,5.04,6.76,24.25198332,74.75077264
20180623,5.15,45.52,40.92,27.63,13.28,5.52,7.0,24.25198332,74.75077264
20180624,3.39,59.08,34.56,27.24,7.32,4.16,4.99,24.25198332,74.75077264
20180625,1.23,55.56,37.52,27.09,10.43,5.31,6.71,24.25198332,74.75077264
20180626,9.96,68.49,32.95,25.32,7.63,4.45,4.32,24.25198332,74.75077264
20180627,16.19,73.11,32.01,25.17,6.84,4.42,4.37,24.25198332,74.75077264
20180628,11.48,76.71,30.44,24.96,5.48,5.05,4.29,24.25198332,74.75077264
20180629,23.51,75.49,31.29,24.19,7.09,5.23,4.01,24.25198332,74.75077264
20180630,0.49,66.06,34.34,24.12,10.22,2.73,2.47,24.25198332,74.75077264
20180701,0.02,63.06,35.2,24.42,10.77,2.44,2.31,24.25198332,74.75077264
20180702,0.65,69.23,33.06,24.78,8.29,2.65,2.13,24.25198332,74.75077264
20180703,4.81,70.77,33.84,25.15,8.69,3.6,3.92,24.25198332,74.75077264
20180704,7.23,72.98,33.14,24.68,8.46,2.92,3.06,24.25198332,74.75077264
20180705,1.65,67.34,34.16,24.59,9.57,1.76,1.33,24.25198332,74.75077264
20180706,4.28,66.34,34.61,24.59,10.03,4.25,3.72,24.25198332,74.75077264
20180707,13.29,66.85,34.21,24.9,9.31,3.54,4.47,24.25198332,74.75077264
20180708,2.21,62.91,36.66,24.6,12.07,2.99,5.24,24.25198332,74.75077264
20180709,6.73,64.26,36.5,25.32,11.18,4.58,7.31,24.25198332,74.75077264
20180710,33.45,76.1,33.53,24.31,9.22,3.17,5.06,24.25198332,74.75077264
20180711,8.57,77.9,32.22,24.62,7.59,4.56,5.53,24.25198332,74.75077264
20180712,7.11,86.13,28.48,24.54,3.94,3.39,3.31,24.25198332,74.75077264
20180713,8.15,84.01,29.57,24.16,5.42,3.31,4.85,24.25198332,74.75077264
20180714,20.12,81.71,31.44,24.22,7.22,4.02,5.55,24.25198332,74.75077264
20180715,18.31,86.27,30.13,24.37,5.77,2.08,2.17,24.25198332,74.75077264
20180716,5.91,81.67,32.56,25.29,7.27,3.52,3.81,24.25198332,74.75077264
20180717,2.46,81.88,32.0,24.75,7.25,3.76,5.48,24.25198332,74.75077264
20180718,11.26,84.28,31.61,24.92,6.69,3.6,4.83,24.25198332,74.75077264
20180719,14.92,86.29,30.82,25.43,5.39,2.32,1.94,24.25198332,74.75077264
20180720,25.92,89.15,29.08,24.55,4.54,2.24,1.92,24.25198332,74.75077264
20180721,10.77,86.38,29.92,24.11,5.8,1.89,1.61,24.25198332,74.75077264
20180722,43.64,87.07,29.62,23.93,5.69,2.67,2.03,24.25198332,74.75077264
20180723,18.44,86.74,29.95,24.06,5.89,2.01,1.47,24.25198332,74.75077264
20180724,12.2,87.23,29.55,24.12,5.43,1.28,2.96,24.25198332,74.75077264
20180725,3.82,87.16,29.43,24.05,5.38,3.19,2.72,24.25198332,74.75077264
20180726,0.91,86.23,28.5,23.36,5.15,3.48,3.16,24.25198332,74.75077264
20180727,0.46,83.05,30.25,22.93,7.31,3.11,2.16,24.25198332,74.75077264
20180728,0.05,81.86,30.27,23.07,7.2,3.3,2.56,24.25198332,74.75077264
20180729,0.0,81.55,30.46,23.83,6.63,2.43,1.82,24.25198332,74.75077264
20180730,0.0,80.66,31.2,23.79,7.41,2.33,3.65,24.25198332,74.75077264
20180731,0.0,80.64,30.47,23.51,6.96,2.04,1.64,24.25198332,74.75077264
20180801,0.0,80.09,31.01,23.48,7.53,4.41,3.11,24.25198332,74.75077264
20180802,0.0,80.09,30.97,23.42,7.55,2.44,1.5,24.25198332,74.75077264
20180803,0.0,82.03,29.71,23.54,6.17,3.12,1.85,24.25198332,74.75077264
20180804,0.0,79.77,30.45,23.19,7.27,2.76,1.76,24.25198332,74.75077264
20180805,0.0,81.93,29.42,22.65,6.76,3.55,2.91,24.25198332,74.75077264
20180806,0.0,80.36,30.29,23.23,7.06,2.57,1.77,24.25198332,74.75077264
20180807,3.65,80.38,30.37,23.05,7.31,3.36,2.02,24.25198332,74.75077264
20180808,8.34,82.82,30.3,23.59,6.71,2.37,3.11,24.25198332,74.75077264
20180809,16.43,87.14,29.04,23.19,5.85,1.65,3.41,24.25198332,74.75077264
20180810,10.76,82.83,30.5,23.45,7.05,3.07,1.93,24.25198332,74.75077264
20180811,0.74,82.45,30.04,23.48,6.56,5.37,4.56,24.25198332,74.75077264
20180812,0.07,82.66,29.75,23.01,6.74,3.72,2.56,24.25198332,74.75077264
20180813,0.13,80.55,31.81,23.29,8.51,2.16,0.83,24.25198332,74.75077264
20180814,0.1,80.09,31.34,23.47,7.88,2.16,2.46,24.25198332,74.75077264
20180815,0.86,80.49,31.24,23.78,7.46,3.43,5.32,24.25198332,74.75077264
20180816,3.65,83.54,30.39,23.92,6.47,3.08,2.54,24.25198332,74.75077264
20180817,15.47,88.58,29.69,24.49,5.2,3.08,3.15,24.25198332,74.75077264
20180818,15.96,90.64,28.79,24.51,4.28,3.2,4.99,24.25198332,74.75077264
20180819,3.93,87.37,30.31,24.01,6.29,2.8,3.77,24.25198332,74.75077264
20180820,11.5,88.88,29.14,23.85,5.3,3.12,2.15,24.25198332,74.75077264
20180821,36.25,91.6,28.46,23.77,4.69,2.44,2.37,24.25198332,74.75077264
20180822,15.21,90.53,27.89,23.22,4.68,1.85,1.7,24.25198332,74.75077264
20180823,2.86,91.17,26.62,23.03,3.6,3.53,3.01,24.25198332,74.75077264
20180824,0.32,87.34,28.05,22.87,5.18,3.77,2.86,24.25198332,74.75077264
20180825,1.07,85.02,29.57,22.61,6.96,2.84,2.19,24.25198332,74.75077264
20180826,0.61,84.37,28.94,22.25,6.69,3.57,2.92,24.25198332,74.75077264
20180827,0.36,82.74,29.7,22.13,7.57,2.53,3.71,24.25198332,74.75077264
20180828,5.54,86.65,28.63,22.13,6.5,2.63,4.11,24.25198332,74.75077264
20180829,6.03,90.38,26.94,22.09,4.85,1.71,1.47,24.25198332,74.75077264
20180830,1.7,85.69,30.02,22.13,7.89,1.57,3.16,24.25198332,74.75077264
20180831,0.76,88.24,27.28,22.79,4.49,3.68,3.36,24.25198332,74.75077264
20180901,0.05,84.06,29.37,22.47,6.9,3.41,2.78,24.25198332,74.75077264
20180902,0.36,85.35,28.43,22.52,5.91,2.85,2.79,24.25198332,74.75077264
20180903,5.02,84.88,28.64,22.24,6.39,2.44,1.95,24.25198332,74.75077264
20180904,9.32,85.86,27.91,21.77,6.14,3.93,3.3,24.25198332,74.75077264
20180905,0.28,85.61,26.95,21.31,5.64,2.99,1.93,24.25198332,74.75077264
20180906,0.51,80.98,28.56,20.31,8.25,2.37,1.73,24.25198332,74.75077264
20180907,4.68,86.7,26.44,20.19,6.25,1.63,2.25,24.25198332,74.75077264
20180908,28.32,90.55,26.37,21.01,5.36,2.66,2.98,24.25198332,74.75077264
20180909,5.54,89.06,26.72,21.35,5.37,3.24,3.05,24.25198332,74.75077264
20180910,3.41,86.93,28.22,21.17,7.05,2.84,1.6,24.25198332,74.75077264
20180911,1.49,87.24,28.55,21.4,7.15,2.38,1.84,24.25198332,74.75077264
20180912,0.12,84.65,29.34,21.42,7.91,2.1,1.85,24.25198332,74.75077264
20180913,0.04,83.61,29.27,21.1,8.17,2.19,1.76,24.25198332,74.75077264
20180914,0.02,82.33,29.83,20.76,9.07,1.91,3.04,24.25198332,74.75077264
20180915,0.0,79.98,29.27,20.63,8.64,2.6,5.19,24.25198332,74.75077264
20180916,0.12,74.71,29.73,19.66,10.07,2.81,5.24,24.25198332,74.75077264
20180917,0.0,71.68,30.6,19.27,11.32,2.5,4.28,24.25198332,74.75077264
20180918,0.26,70.53,31.09,19.59,11.51,2.37,5.4,24.25198332,74.75077264
20180919,3.94,66.57,31.8,19.73,12.07,3.47,6.07,24.25198332,74.75077264
20180920,0.39,59.42,32.72,19.57,13.16,2.02,4.57,24.25198332,74.75077264
20180921,1.91,73.3,31.58,19.91,11.67,3.89,4.02,24.25198332,74.75077264
20180922,11.23,89.33,28.43,23.3,5.13,2.33,2.26,24.25198332,74.75077264
20180923,39.48,91.13,26.96,22.98,3.98,4.69,4.48,24.25198332,74.75077264
20180924,0.64,83.8,29.36,22.1,7.26,4.13,3.29,24.25198332,74.75077264
20180925,0.74,81.91,30.22,21.39,8.82,3.01,3.18,24.25198332,74.75077264
20180926,0.0,75.08,30.8,19.59,11.2,1.91,3.99,24.25198332,74.75077264
20180927,0.0,68.94,30.47,19.06,11.42,1.28,2.84,24.25198332,74.75077264
20180928,0.0,55.87,31.77,19.44,12.33,1.84,2.88,24.25198332,74.75077264
20180929,0.0,54.6,31.66,18.85,12.81,1.41,2.37,24.25198332,74.75077264
20180930,0.0,56.75,32.09,18.58,13.51,1.83,3.44,24.25198332,74.75077264
20181001,0.0,55.44,32.81,19.65,13.16,1.78,3.2,24.25198332,74.75077264
20181002,0.0,57.82,32.28,21.06,11.21,1.49,3.14,24.25198332,74.75077264
20181003,0.0,68.28,32.39,20.23,12.16,1.56,2.77,24.25198332,74.75077264
20181004,0.0,65.99,32.49,19.7,12.78,2.83,3.75,24.25198332,74.75077264
20181005,0.06,58.65,32.88,20.51,12.37,1.9,3.35,24.25198332,74.75077264
20181006,0.03,51.39,32.81,20.67,12.14,1.65,2.94,24.25198332,74.75077264
20181007,0.0,47.74,33.6,21.49,12.11,2.1,4.33,24.25198332,74.75077264
20181008,0.0,56.61,33.38,19.42,13.96,1.31,4.2,24.25198332,74.75077264
20181009,0.0,56.24,32.92,19.3,13.63,2.21,4.64,24.25198332,74.75077264
20181010,0.0,51.15,33.59,19.62,13.97,1.76,2.83,24.25198332,74.75077264
20181011,0.0,55.21,32.95,20.89,12.06,1.16,3.78,24.25198332,74.75077264
20181012,0.0,62.49,32.47,19.46,13.0,2.49,6.0,24.25198332,74.75077264
20181013,0.0,58.81,32.14,18.86,13.28,3.03,6.1,24.25198332,74.75077264
20181014,0.0,53.96,32.75,18.1,14.66,1.96,3.17,24.25198332,74.75077264
20181015,0.0,49.04,33.05,18.5,14.55,2.28,2.14,24.25198332,74.75077264
20181016,0.0,46.58,33.08,19.48,13.6,1.36,2.76,24.25198332,74.75077264
20181017,0.0,47.32,32.78,19.34,13.44,1.96,3.06,24.25198332,74.75077264
20181018,0.0,50.18,33.11,18.29,14.82,1.77,2.2,24.25198332,74.75077264
20181019,0.0,49.91,33.99,19.41,14.59,1.85,2.11,24.25198332,74.75077264
20181020,0.0,43.14,33.69,19.48,14.22,1.91,3.43,24.25198332,74.75077264
20181021,0.0,38.48,32.97,16.71,16.26,2.12,4.76,24.25198332,74.75077264
20181022,0.0,37.54,32.59,14.51,18.08,2.96,5.77,24.25198332,74.75077264
20181023,0.0,36.68,32.85,16.17,16.68,2.24,2.81,24.25198332,74.75077264
20181024,0.0,38.72,33.3,16.5,16.8,1.84,2.37,24.25198332,74.75077264
20181025,0.44,45.64,33.97,18.49,15.48,1.69,5.15,24.25198332,74.75077264
20181026,0.43,45.06,34.14,19.76,14.38,0.99,1.97,24.25198332,74.75077264
20181027,0.0,41.71,33.97,19.65,14.33,2.31,3.05,24.25198332,74.75077264
20181028,0.12,43.37,33.28,19.03,14.25,3.59,7.06,24.25198332,74.75077264
20181029,0.0,46.4,31.9,16.37,15.53,1.36,2.47,24.25198332,74.75077264
20181030,0.0,46.28,31.67,15.03,16.64,1.6,3.73,24.25198332,74.75077264
20181031,0.0,49.35,31.99,15.02,16.97,1.87,4.11,24.25198332,74.75077264
20181101,0.0,51.49,32.76,16.06,16.71,1.82,4.53,24.25198332,74.75077264
20181102,0.0,46.5,32.82,16.95,15.87,2.46,4.47,24.25198332,74.75077264
20181103,0.0,49.72,32.73,19.19,13.54,2.66,2.59,24.25198332,74.75077264
20181104,0.0,43.37,32.62,18.2,14.41,2.35,3.77,24.25198332,74.75077264
20181105,0.0,41.07,31.37,14.64,16.73,3.68,6.02,24.25198332,74.75077264
20181106,0.0,31.96,30.27,12.59,17.68,2.08,4.84,24.25198332,74.75077264
20181107,0.0,29.88,30.25,11.62,18.63,1.99,4.97,24.25198332,74.75077264
20181108,0.0,31.82,31.26,12.33,18.93,2.1,5.56,24.25198332,74.75077264
20181109,0.0,31.58,32.13,13.13,18.99,3.24,6.63,24.25198332,74.75077264
20181110,0.0,31.37,31.82,13.84,17.98,2.78,5.37,24.25198332,74.75077264
20181111,0.0,30.87,32.42,13.82,18.6,3.06,5.88,24.25198332,74.75077264
20181112,0.0,27.73,32.74,15.05,17.7,1.85,2.61,24.25198332,74.75077264
20181113,0.0,28.96,32.4,16.91,15.49,2.64,3.17,24.25198332,74.75077264
20181114,0.0,36.87,31.67,17.29,14.38,2.03,3.72,24.25198332,74.75077264
20181115,0.0,36.5,31.32,15.39,15.93,1.55,4.97,24.25198332,74.75077264
20181116,0.0,33.35,30.36,13.21,17.15,2.68,5.99,24.25198332,74.75077264
20181117,0.0,26.01,31.75,15.28,16.47,2.12,3.54,24.25198332,74.75077264
20181118,0.0,27.02,32.07,15.04,17.03,2.38,3.68,24.25198332,74.75077264
20181119,0.0,27.04,33.05,16.7,16.35,2.61,2.86,24.25198332,74.75077264
20181120,0.0,30.61,32.56,16.91,15.66,2.44,5.05,24.25198332,74.75077264
20181121,0.0,40.08,31.54,16.16,15.38,2.71,5.43,24.25198332,74.75077264
20181122,0.0,39.72,31.15,16.36,14.79,2.17,4.51,24.25198332,74.75077264
20181123,0.0,33.66,31.88,15.71,16.18,1.18,3.88,24.25198332,74.75077264
20181124,0.0,30.94,30.5,13.15,17.36,1.85,4.41,24.25198332,74.75077264
20181125,0.0,26.41,30.89,13.29,17.6,1.45,3.15,24.25198332,74.75077264
20181126,0.0,27.45,30.2,15.34,14.86,1.31,3.6,24.25198332,74.75077264
20181127,0.0,30.27,30.51,14.81,15.7,2.38,6.11,24.25198332,74.75077264
20181128,0.0,39.51,29.66,14.16,15.5,3.16,6.88,24.25198332,74.75077264
20181129,0.0,45.82,29.11,12.16,16.96,2.01,5.32,24.25198332,74.75077264
20181130,0.0,46.26,28.62,12.7,15.92,1.52,4.65,24.25198332,74.75077264
20181201,0.0,39.44,28.38,13.11,15.27,1.19,3.42,24.25198332,74.75077264
20181202,0.0,33.5,28.28,12.72,15.56,2.91,5.87,24.25198332,74.75077264
20181203,0.0,34.6,27.39,13.18,14.22,3.34,5.75,24.25198332,74.75077264
20181204,0.0,38.98,27.95,12.37,15.58,3.7,5.97,24.25198332,74.75077264
20181205,0.0,35.91,28.28,13.44,14.83,2.43,4.4,24.25198332,74.75077264
20181206,0.0,36.36,27.69,12.83,14.86,2.71,6.24,24.25198332,74.75077264
20181207,0.0,33.72,27.65,11.32,16.32,2.87,6.1,24.25198332,74.75077264
20181208,0.0,31.93,28.27,11.22,17.04,4.22,7.79,24.25198332,74.75077264
20181209,0.0,33.07,28.16,11.19,16.97,2.38,6.08,24.25198332,74.75077264
20181210,0.0,31.21,27.19,11.02,16.17,2.61,5.1,24.25198332,74.75077264
20181211,0.0,35.33,27.18,12.96,14.22,1.57,2.79,24.25198332,74.75077264
20181212,0.01,40.73,26.37,13.45,12.92,4.0,7.47,24.25198332,74.75077264
20181213,0.0,38.98,23.68,8.91,14.77,1.26,3.67,24.25198332,74.75077264
20181214,0.0,40.17,23.17,7.04,16.14,1.91,5.86,24.25198332,74.75077264
20181215,0.0,39.19,23.76,7.17,16.58,1.72,4.46,24.25198332,74.75077264
20181216,0.0,36.11,23.76,6.94,16.82,1.85,2.7,24.25198332,74.75077264
20181217,0.0,34.46,24.71,7.0,17.7,1.47,3.7,24.25198332,74.75077264
20181218,0.0,31.98,24.53,7.29,17.24,2.19,3.02,24.25198332,74.75077264
20181219,0.0,23.12,26.89,8.52,18.37,3.27,3.95,24.25198332,74.75077264
20181220,0.0,21.2,27.66,8.06,19.6,1.7,4.04,24.25198332,74.75077264
20181221,0.0,19.63,27.74,9.28,18.46,2.15,4.24,24.25198332,74.75077264
20181222,0.0,19.81,27.7,8.59,19.11,2.91,5.29,24.25198332,74.75077264
20181223,0.0,21.33,27.85,8.89,18.97,2.29,4.39,24.25198332,74.75077264
20181224,0.0,24.5,27.85,9.9,17.95,1.51,2.91,24.25198332,74.75077264
20181225,0.0,32.75,26.43,8.55,17.88,3.33,6.74,24.25198332,74.75077264
20181226,0.0,32.75,24.77,7.82,16.95,3.51,7.3,24.25198332,74.75077264
20181227,0.0,20.08,24.41,6.62,17.79,2.84,5.52,24.25198332,74.75077264
20181228,0.0,18.43,23.34,5.2,18.14,1.65,3.68,24.25198332,74.75077264
20181229,0.0,14.43,24.28,5.85,18.43,1.61,2.97,24.25198332,74.75077264
20181230,0.0,14.84,26.25,6.61,19.64,2.0,4.15,24.25198332,74.75077264
20181231,0.0,14.11,27.35,8.33,19.02,3.09,4.94,24.25198332,74.75077264
20190101,0.0,14.98,28.48,9.77,18.72,1.53,2.35,24.25198332,74.75077264
20190102,0.0,15.73,28.22,9.74,18.48,1.75,4.23,24.25198332,74.75077264
20190103,0.0,21.58,27.02,8.36,18.65,2.92,6.31,24.25198332,74.75077264
20190104,0.0,19.07,27.26,8.7,18.57,3.86,6.56,24.25198332,74.75077264
20190105,0.0,19.72,28.31,13.32,14.99,2.43,5.25,24.25198332,74.75077264
20190106,0.0,28.65,24.9,9.9,14.99,2.99,4.13,24.25198332,74.75077264
20190107,0.0,39.22,22.9,5.59,17.31,2.72,3.08,24.25198332,74.75077264
20190108,0.0,29.98,25.06,6.69,18.37,2.79,4.26,24.25198332,74.75077264
20190109,0.0,30.1,24.82,7.0,17.82,2.37,3.59,24.25198332,74.75077264
20190110,0.0,30.55,24.92,7.19,17.73,2.2,4.38,24.25198332,74.75077264
20190111,0.0,26.98,26.08,8.44,17.64,3.11,6.87,24.25198332,74.75077264
20190112,0.0,28.48,26.9,8.91,17.99,3.8,7.02,24.25198332,74.75077264
20190113,0.0,34.82,25.71,9.32,16.39,0.92,4.66,24.25198332,74.75077264
20190114,0.0,36.65,24.22,9.33,14.89,2.08,3.12,24.25198332,74.75077264
20190115,0.0,21.48,25.78,6.9,18.88,2.55,5.04,24.25198332,74.75077264
20190116,0.0,13.7,29.29,9.3,19.99,3.01,5.62,24.25198332,74.75077264
20190117,0.0,16.92,28.74,10.92,17.82,2.68,6.33,24.25198332,74.75077264
20190118,0.0,20.08,28.44,9.29,19.15,3.06,5.53,24.25198332,74.75077264
20190119,0.0,16.37,30.17,10.29,19.87,2.9,5.26,24.25198332,74.75077264
20190120,0.0,18.06,30.76,11.13,19.63,2.85,3.83,24.25198332,74.75077264
20190121,0.0,26.55,29.22,12.88,16.34,6.77,7.28,24.25198332,74.75077264
20190122,2.37,43.01,24.51,10.76,13.75,4.05,5.51,24.25198332,74.75077264
20190123,0.0,35.16,24.77,9.11,15.66,1.67,5.2,24.25198332,74.75077264
20190124,0.22,44.22,24.09,8.35,15.74,4.07,7.63,24.25198332,74.75077264
20190125,0.17,48.81,22.12,8.25,13.87,1.52,3.98,24.25198332,74.75077264
20190126,0.0,41.23,20.68,6.39,14.29,2.76,2.03,24.25198332,74.75077264
20190127,0.0,26.06,21.19,4.7,16.49,1.73,4.27,24.25198332,74.75077264
20190128,0.0,28.47,21.4,4.42,16.98,1.56,3.52,24.25198332,74.75077264
20190129,0.0,24.39,23.27,4.44,18.82,1.01,3.53,24.25198332,74.75077264
20190130,0.0,16.24,25.9,7.72,18.18,2.63,4.15,24.25198332,74.75077264
20190131,0.0,18.05,26.01,8.83,17.18,2.93,3.03,24.25198332,74.75077264
20190201,0.0,32.08,25.96,8.63,17.33,3.35,7.04,24.25198332,74.75077264
20190202,0.0,30.98,25.99,7.28,18.72,4.25,7.79,24.25198332,74.75077264
20190203,0.0,35.26,27.55,7.64,19.92,3.69,6.63,24.25198332,74.75077264
20190204,0.0,33.9,30.14,11.63,18.51,3.3,5.7,24.25198332,74.75077264
20190205,0.0,37.01,30.11,16.95,13.16,4.26,4.32,24.25198332,74.75077264
20190206,0.0,31.71,29.99,14.64,15.35,7.45,8.95,24.25198332,74.75077264
20190207,0.0,25.43,23.69,9.12,14.57,8.82,9.46,24.25198332,74.75077264
20190208,0.0,18.76,22.02,6.14,15.88,4.1,7.8,24.25198332,74.75077264
20190209,0.0,21.97,22.65,4.95,17.7,1.64,5.16,24.25198332,74.75077264
20190210,0.0,17.71,25.2,6.48,18.72,2.82,6.91,24.25198332,74.75077264
20190211,0.0,16.47,27.98,9.26,18.72,3.69,7.83,24.25198332,74.75077264
20190212,0.0,17.72,31.6,9.21,22.39,4.31,7.24,24.25198332,74.75077264
20190213,1.76,30.52,31.46,13.89,17.57,2.47,4.05,24.25198332,74.75077264
20190214,0.91,37.34,30.35,15.26,15.08,5.51,5.97,24.25198332,74.75077264
20190215,0.0,30.78,28.14,11.45,16.69,1.74,5.21,24.25198332,74.75077264
20190216,0.0,29.23,26.01,9.46,16.55,2.69,5.47,24.25198332,74.75077264
20190217,0.0,20.26,28.61,8.64,19.96,2.85,5.25,24.25198332,74.75077264
20190218,0.0,22.34,29.1,12.91,16.19,5.29,5.83,24.25198332,74.75077264
20190219,0.0,35.5,31.14,14.57,16.57,4.3,4.28,24.25198332,74.75077264
20190220,0.0,33.1,34.1,16.91,17.19,3.55,3.45,24.25198332,74.75077264
20190221,0.0,30.01,33.97,16.96,17.01,5.27,6.41,24.25198332,74.75077264
20190222,0.0,45.94,31.08,15.66,15.42,2.8,5.38,24.25198332,74.75077264
20190223,0.0,20.59,30.37,12.99,17.38,5.29,6.95,24.25198332,74.75077264
20190224,0.0,21.16,31.25,14.09,17.16,4.1,6.86,24.25198332,74.75077264
20190225,0.0,19.84,29.95,12.1,17.85,3.16,3.6,24.25198332,74.75077264
20190226,0.02,29.29,28.2,14.05,14.15,5.45,7.18,24.25198332,74.75077264
20190227,0.06,30.39,27.17,12.79,14.38,4.23,6.85,24.25198332,74.75077264
20190228,0.0,23.71,26.08,9.63,16.46,2.87,5.29,24.25198332,74.75077264
20190301,0.0,19.21,28.21,10.53,17.69,2.07,6.15,24.25198332,74.75077264
20190302,0.0,19.42,32.17,14.27,17.9,5.42,5.68,24.25198332,74.75077264
20190303,0.0,31.84,31.57,16.73,14.84,5.68,6.35,24.25198332,74.75077264
20190304,0.0,30.48,29.7,15.47,14.22,5.18,6.02,24.25198332,74.75077264
20190305,0.0,31.69,29.54,12.56,16.98,3.0,6.14,24.25198332,74.75077264
20190306,0.0,23.81,29.28,11.66,17.61,2.75,5.65,24.25198332,74.75077264
20190307,0.0,22.79,30.84,15.07,15.77,2.22,2.79,24.25198332,74.75077264
20190308,0.0,24.55,32.52,16.82,15.71,4.37,5.18,24.25198332,74.75077264
20190309,0.0,26.18,31.76,15.12,16.65,2.15,3.93,24.25198332,74.75077264
20190310,0.0,29.41,31.5,14.07,17.43,4.53,6.53,24.25198332,74.75077264
20190311,0.0,28.24,31.08,16.09,14.99,4.61,4.33,24.25198332,74.75077264
20190312,0.0,22.61,31.12,13.94,17.18,2.15,5.73,24.25198332,74.75077264
20190313,0.0,28.63,30.61,13.05,17.57,3.99,4.88,24.25198332,74.75077264
20190314,0.0,24.16,31.68,14.71,16.97,3.65,5.44,24.25198332,74.75077264
20190315,0.0,28.64,30.92,13.78,17.14,3.73,6.51,24.25198332,74.75077264
20190316,0.0,22.32,31.06,13.73,17.33,5.0,7.47,24.25198332,74.75077264
20190317,0.0,19.45,33.18,15.68,17.51,3.98,7.4,24.25198332,74.75077264
20190318,0.0,17.2,32.46,14.02,18.43,3.1,6.78,24.25198332,74.75077264
20190319,0.0,17.2,35.8,17.55,18.24,3.6,7.09,24.25198332,74.75077264
20190320,0.0,23.29,35.18,17.67,17.51,5.58,6.41,24.25198332,74.75077264
20190321,0.0,20.75,33.95,16.07,17.88,2.68,5.34,24.25198332,74.75077264
20190322,0.0,22.26,34.98,17.37,17.62,2.46,5.59,24.25198332,74.75077264
20190323,0.0,18.92,35.56,17.32,18.24,4.55,7.26,24.25198332,74.75077264
20190324,0.0,18.69,36.84,20.05,16.79,3.91,6.54,24.25198332,74.75077264
20190325,0.0,26.28,36.84,19.0,17.84,3.63,7.11,24.25198332,74.75077264
20190326,0.0,21.27,36.38,19.06,17.32,3.1,5.28,24.25198332,74.75077264
20190327,0.0,13.92,37.69,17.33,20.36,3.56,6.38,24.25198332,74.75077264
20190328,0.0,13.36,40.43,21.46,18.98,1.73,2.97,24.25198332,74.75077264
20190329,0.0,14.28,41.64,22.72,18.92,3.59,5.55,24.25198332,74.75077264
20190330,0.0,16.24,40.76,23.33,17.42,3.61,6.9,24.25198332,74.75077264
20190331,0.0,17.41,39.55,21.31,18.24,1.89,5.74,24.25198332,74.75077264
20190401,0.0,11.62,39.43,20.88,18.55,2.29,5.57,24.25198332,74.75077264
20190402,0.0,10.42,40.49,21.63,18.86,2.05,5.0,24.25198332,74.75077264
20190403,0.0,10.88,40.94,22.63,18.31,1.38,3.02,24.25198332,74.75077264
20190404,0.0,13.57,42.39,22.58,19.81,2.63,5.04,24.25198332,74.75077264
20190405,0.0,16.05,42.3,23.74,18.56,2.11,5.45,24.25198332,74.75077264
20190406,0.0,16.04,41.0,22.62,18.38,2.54,5.58,24.25198332,74.75077264
20190407,0.0,19.19,41.53,23.12,18.41,1.67,5.28,24.25198332,74.75077264
20190408,0.0,18.4,40.63,23.09,17.54,3.81,4.86,24.25198332,74.75077264
20190409,0.0,19.91,40.95,23.69,17.26,2.88,5.12,24.25198332,74.75077264
20190410,0.0,21.53,41.26,24.09,17.16,2.09,4.97,24.25198332,74.75077264
20190411,0.0,18.33,42.36,25.81,16.55,2.08,4.63,24.25198332,74.75077264
20190412,0.0,17.22,41.79,24.45,17.34,2.56,6.7,24.25198332,74.75077264
20190413,0.0,18.03,41.82,24.67,17.15,4.18,7.74,24.25198332,74.75077264
20190414,0.0,18.54,41.81,24.23,17.58,3.22,6.99,24.25198332,74.75077264
20190415,6.02,30.94,38.04,25.81,12.23,7.49,8.28,24.25198332,74.75077264
20190416,17.73,46.48,34.9,22.36,12.53,2.91,2.49,24.25198332,74.75077264
20190417,1.66,50.96,30.91,20.04,10.87,5.79,6.26,24.25198332,74.75077264
20190418,0.0,43.04,33.21,19.53,13.68,4.39,8.31,24.25198332,74.75077264
20190419,0.0,39.75,34.01,17.51,16.5,2.98,6.69,24.25198332,74.75077264
20190420,0.0,34.07,35.5,18.91,16.59,2.53,4.61,24.25198332,74.75077264
20190421,0.0,27.4,37.5,23.69,13.81,2.09,3.44,24.25198332,74.75077264
20190422,0.0,27.3,39.66,20.94,18.72,2.13,4.61,24.25198332,74.75077264
20190423,0.0,23.15,41.57,22.88,18.69,3.21,7.68,24.25198332,74.75077264
20190424,0.0,20.84,42.53,24.48,18.04,3.47,7.07,24.25198332,74.75077264
20190425,0.0,18.35,42.96,25.32,17.64,3.85,6.87,24.25198332,74.75077264
20190426,0.0,20.75,43.02,25.94,17.08,2.03,5.31,24.25198332,74.75077264
20190427,0.0,16.6,43.51,25.46,18.05,2.52,6.89,24.25198332,74.75077264
20190428,0.0,11.39,43.81,24.34,19.48,2.79,5.31,24.25198332,74.75077264
20190429,0.0,12.41,43.41,24.67,18.74,3.86,5.8,24.25198332,74.75077264
20190430,0.0,16.07,41.86,24.57,17.29,5.47,3.97,24.25198332,74.75077264
20190501,0.0,20.88,40.68,22.91,17.77,2.66,3.89,24.25198332,74.75077264
20190502,0.0,19.45,41.05,23.91,17.14,3.05,4.57,24.25198332,74.75077264
20190503,0.0,17.78,40.85,23.15,17.71,3.67,7.13,24.25198332,74.75077264
20190504,0.23,27.18,40.02,23.68,16.33,3.06,4.78,24.25198332,74.75077264
20190505,0.23,28.95,40.13,24.18,15.95,4.1,5.64,24.25198332,74.75077264
20190506,0.0,15.41,41.99,24.29,17.7,2.75,5.53,24.25198332,74.75077264
20190507,0.0,15.26,41.12,25.0,16.12,2.27,3.84,24.25198332,74.75077264
20190508,0.0,17.18,40.46,23.32,17.14,3.43,5.12,24.25198332,74.75077264
20190509,0.0,26.0,37.92,23.7,14.21,3.68,2.76,24.25198332,74.75077264
20190510,0.08,28.92,38.51,23.83,14.68,4.63,4.46,24.25198332,74.75077264
20190511,1.28,33.3,39.19,25.36,13.83,3.63,4.48,24.25198332,74.75077264
20190512,0.91,30.68,40.6,25.95,14.65,3.78,3.97,24.25198332,74.75077264
20190513,1.23,29.18,39.9,26.12,13.77,3.39,3.69,24.25198332,74.75077264
20190514,0.08,26.58,40.51,24.1,16.41,4.98,6.75,24.25198332,74.75077264
20190515,0.0,25.8,40.81,25.31,15.5,3.16,6.38,24.25198332,74.75077264
20190516,0.09,30.45,38.88,25.51,13.36,3.85,6.67,24.25198332,74.75077264
20190517,0.49,32.73,37.15,25.96,11.19,6.64,7.06,24.25198332,74.75077264
20190518,0.13,31.1,38.69,24.7,13.99,4.74,4.62,24.25198332,74.75077264
20190519,0.0,28.39,39.49,25.93,13.56,2.75,5.5,24.25198332,74.75077264
20190520,0.0,25.33,41.27,27.41,13.86,3.61,6.75,24.25198332,74.75077264
20190521,0.0,24.6,41.97,26.92,15.05,4.7,6.52,24.25198332,74.75077264
20190522,0.0,25.78,42.07,26.86,15.21,2.91,3.8,24.25198332,74.75077264
20190523,0.0,26.47,42.1,27.81,14.29,3.4,3.2,24.25198332,74.75077264
20190524,0.0,26.75,41.29,27.16,14.13,2.66,3.14,24.25198332,74.75077264
20190525,0.0,25.56,41.37,27.9,13.47,1.58,4.2,24.25198332,74.75077264
20190526,0.0,21.29,42.65,26.9,15.75,1.63,4.0,24.25198332,74.75077264
20190527,0.0,21.02,42.68,27.81,14.86,2.9,5.77,24.25198332,74.75077264
20190528,0.0,20.08,43.78,27.36,16.42,3.33,6.53,24.25198332,74.75077264
20190529,0.0,19.03,44.36,29.91,14.45,3.63,6.39,24.25198332,74.75077264
20190530,0.0,18.54,44.62,30.03,14.59,2.46,5.36,24.25198332,74.75077264
20190531,0.0,23.07,43.51,28.42,15.09,2.58,5.38,24.25198332,74.75077264
20190601,1.02,25.76,44.28,28.15,16.13,4.01,6.38,24.25198332,74.75077264
20190602,0.09,21.85,45.97,29.38,16.59,4.0,6.1,24.25198332,74.75077264
20190603,0.0,18.33,46.8,29.91,16.89,3.89,4.55,24.25198332,74.75077264
20190604,0.0,21.25,45.59,28.75,16.84,2.23,3.68,24.25198332,74.75077264
20190605,0.0,21.68,45.21,29.47,15.74,3.98,3.3,24.25198332,74.75077264
20190606,0.33,25.77,44.29,29.84,14.45,1.71,3.09,24.25198332,74.75077264
20190607,0.17,24.06,44.13,30.36,13.77,4.12,6.04,24.25198332,74.75077264
20190608,0.0,17.39,45.04,30.7,14.35,3.73,6.69,24.25198332,74.75077264
20190609,0.0,17.16,46.12,29.92,16.2,4.3,7.05,24.25198332,74.75077264
20190610,0.8,22.09,45.68,29.93,15.75,4.12,6.65,24.25198332,74.75077264
20190611,1.34,26.2,44.46,29.81,14.65,3.17,5.45,24.25198332,74.75077264
20190612,3.27,32.67,41.18,31.66,9.52,3.99,6.19,24.25198332,74.75077264
20190613,2.66,49.85,36.52,27.96,8.55,5.71,7.37,24.25198332,74.75077264
20190614,4.22,46.92,39.05,26.75,12.3,2.38,3.8,24.25198332,74.75077264
20190615,4.25,51.77,37.93,25.24,12.69,3.26,4.28,24.25198332,74.75077264
20190616,0.13,52.95,37.65,26.14,11.51,2.65,2.22,24.25198332,74.75077264
20190617,0.08,49.59,38.06,26.13,11.94,2.69,2.06,24.25198332,74.75077264
20190618,29.23,60.29,37.04,24.84,12.2,4.74,5.51,24.25198332,74.75077264
20190619,12.65,69.42,32.45,24.53,7.93,9.85,11.92,24.25198332,74.75077264
20190620,0.32,62.91,35.98,24.27,11.71,3.2,3.74,24.25198332,74.75077264
20190621,8.92,62.5,35.64,25.11,10.53,2.04,4.36,24.25198332,74.75077264
20190622,1.37,52.51,39.16,25.48,13.68,4.07,6.72,24.25198332,74.75077264
20190623,1.46,51.53,40.31,26.27,14.04,5.13,7.33,24.25198332,74.75077264
20190624,20.69,60.22,37.39,27.18,10.22,2.47,5.13,24.25198332,74.75077264
20190625,5.74,62.0,36.73,26.78,9.95,1.81,4.07,24.25198332,74.75077264
20190626,11.08,64.21,35.69,26.52,9.17,2.76,5.14,24.25198332,74.75077264
20190627,9.32,69.12,35.04,25.84,9.19,2.7,4.16,24.25198332,74.75077264
20190628,0.5,64.7,35.94,25.49,10.45,3.98,5.66,24.25198332,74.75077264
20190629,7.16,66.88,35.25,25.42,9.83,4.45,6.68,24.25198332,74.75077264
20190630,7.26,72.49,33.37,25.2,8.17,2.23,3.81,24.25198332,74.75077264
20190701,3.16,73.53,33.15,25.28,7.87,3.11,5.1,24.25198332,74.75077264
20190702,12.57,69.23,35.12,25.21,9.9,3.1,4.75,24.25198332,74.75077264
20190703,19.12,73.94,34.37,24.95,9.42,5.07,6.82,24.25198332,74.75077264
20190704,41.06,85.18,30.34,24.97,5.37,3.89,3.99,24.25198332,74.75077264
20190705,30.59,89.07,28.41,24.79,3.62,1.69,2.31,24.25198332,74.75077264
20190706,16.13,82.68,31.64,24.46,7.17,2.36,3.02,24.25198332,74.75077264
20190707,11.38,84.79,30.84,24.41,6.43,2.84,4.24,24.25198332,74.75077264
20190708,0.43,77.9,33.01,24.78,8.23,3.18,3.71,24.25198332,74.75077264
20190709,0.18,78.35,32.78,24.9,7.88,2.02,1.56,24.25198332,74.75077264
20190710,0.0,75.49,33.53,24.96,8.57,2.75,2.17,24.25198332,74.75077264
20190711,0.0,74.14,33.41,24.4,9.01,2.72,3.06,24.25198332,74.75077264
20190712,0.0,73.33,33.7,24.26,9.43,3.77,2.92,24.25198332,74.75077264
20190713,0.0,74.19,33.5,24.46,9.03,2.68,1.74,24.25198332,74.75077264
20190714,0.0,71.59,34.13,24.4,9.73,3.74,2.65,24.25198332,74.75077264
20190715,0.0,70.34,34.04,23.95,10.09,3.58,3.41,24.25198332,74.75077264
20190716,0.0,70.59,33.83,23.93,9.9,4.43,2.71,24.25198332,74.75077264
20190717,0.0,70.33,33.78,24.21,9.56,3.13,1.96,24.25198332,74.75077264
20190718,0.34,70.83,33.86,24.35,9.51,2.76,3.43,24.25198332,74.75077264
20190719,0.65,67.63,34.57,23.86,10.71,4.6,7.08,24.25198332,74.75077264
20190720,1.81,62.89,34.99,24.79,10.2,2.03,3.75,24.25198332,74.75077264
20190721,3.33,66.04,35.5,26.55,8.95,2.17,4.72,24.25198332,74.75077264
20190722,3.66,75.81,32.82,26.02,6.8,1.69,3.9,24.25198332,74.75077264
20190723,0.13,71.92,34.21,26.33,7.88,1.94,3.64,24.25198332,74.75077264
20190724,3.36,80.61,31.89,26.13,5.76,2.09,1.92,24.25198332,74.75077264
20190725,2.28,77.85,31.45,25.23,6.22,3.42,3.31,24.25198332,74.75077264
20190726,11.16,77.04,32.29,24.54,7.76,4.47,3.86,24.25198332,74.75077264
20190727,28.71,83.52,30.66,24.41,6.25,4.38,4.46,24.25198332,74.75077264
20190728,37.01,87.09,29.41,24.2,5.21,3.67,3.67,24.25198332,74.75077264
20190729,10.7,85.59,30.57,24.52,6.05,3.85,4.15,24.25198332,74.75077264
20190730,7.46,82.17,32.07,23.64,8.43,3.03,3.57,24.25198332,74.75077264
20190731,10.16,86.56,29.63,23.63,6.0,6.85,8.13,24.25198332,74.75077264
20190801,12.73,84.5,31.77,24.7,7.08,5.54,7.78,24.25198332,74.75077264
20190802,6.29,84.92,30.14,24.1,6.05,3.94,3.97,24.25198332,74.75077264
20190803,14.54,84.17,29.81,24.8,5.01,1.7,2.65,24.25198332,74.75077264
20190804,4.55,84.45,31.78,24.23,7.55,2.24,4.13,24.25198332,74.75077264
20190805,17.85,90.72,28.68,24.13,4.55,1.6,3.13,24.25198332,74.75077264
20190806,25.94,88.14,29.96,24.06,5.9,3.16,3.2,24.25198332,74.75077264
20190807,11.36,87.4,30.08,24.49,5.58,2.44,1.83,24.25198332,74.75077264
20190808,61.36,89.35,29.22,24.4,4.83,3.1,5.47,24.25198332,74.75077264
20190809,24.42,88.74,30.87,24.76,6.11,5.15,5.56,24.25198332,74.75077264
20190810,8.21,87.52,29.72,23.13,6.59,8.7,10.33,24.25198332,74.75077264
20190811,2.73,87.55,29.0,22.69,6.32,3.96,3.47,24.25198332,74.75077264
20190812,0.28,84.63,30.22,23.26,6.96,2.73,1.86,24.25198332,74.75077264
20190813,15.68,86.41,30.32,23.63,6.68,2.63,1.67,24.25198332,74.75077264
20190814,20.89,89.31,29.64,24.09,5.55,2.19,2.39,24.25198332,74.75077264
20190815,58.87,93.58,26.07,23.39,2.68,2.54,2.25,24.25198332,74.75077264
20190816,42.87,92.2,26.7,23.39,3.3,3.24,3.13,24.25198332,74.75077264
20190817,3.29,89.02,28.98,23.53,5.45,4.78,4.18,24.25198332,74.75077264
20190818,5.46,87.68,29.47,23.63,5.84,4.72,4.25,24.25198332,74.75077264
20190819,1.6,85.49,30.56,23.14,7.42,2.06,3.63,24.25198332,74.75077264
20190820,2.36,85.01,30.57,23.44,7.13,2.22,3.75,24.25198332,74.75077264
20190821,2.03,85.14,30.67,23.07,7.61,3.19,2.49,24.25198332,74.75077264
20190822,0.58,84.9,30.15,23.0,7.14,2.32,2.4,24.25198332,74.75077264
20190823,0.64,84.41,30.09,22.12,7.97,2.27,2.78,24.25198332,74.75077264
20190824,5.44,88.37,28.61,22.79,5.82,2.48,2.96,24.25198332,74.75077264
20190825,18.91,92.24,27.06,23.08,3.97,1.97,2.33,24.25198332,74.75077264
20190826,20.59,91.76,27.94,22.89,5.05,2.25,1.55,24.25198332,74.75077264
20190827,15.57,88.46,29.61,23.09,6.52,4.48,6.19,24.25198332,74.75077264
20190828,33.43,90.69,29.31,23.79,5.52,5.39,7.7,24.25198332,74.75077264
20190829,4.15,87.6,30.3,23.06,7.24,2.9,3.74,24.25198332,74.75077264
20190830,20.76,94.3,26.7,24.21,2.49,2.15,1.09,24.25198332,74.75077264
20190831,6.31,87.62,29.96,23.3,6.66,1.87,2.78,24.25198332,74.75077264
20190901,21.37,90.72,28.77,23.95,4.82,2.52,4.73,24.25198332,74.75077264
20190902,0.92,90.47,29.57,24.16,5.41,2.05,2.59,24.25198332,74.75077264
20190903,0.06,89.71,30.34,23.91,6.43,2.38,3.65,24.25198332,74.75077264
20190904,13.44,86.37,30.36,24.14,6.22,3.43,5.49,24.25198332,74.75077264
20190905,8.45,84.84,30.17,24.81,5.37,3.18,3.88,24.25198332,74.75077264
20190906,4.75,86.31,31.59,24.4,7.19,1.75,3.04,24.25198332,74.75077264
20190907,5.64,93.16,28.8,25.15,3.65,3.05,4.42,24.25198332,74.75077264
20190908,7.8,92.72,28.63,24.44,4.2,2.3,3.2,24.25198332,74.75077264
20190909,24.93,90.89,29.01,24.1,4.91,2.51,3.63,24.25198332,74.75077264
20190910,12.71,92.85,28.67,24.34,4.34,3.09,4.2,24.25198332,74.75077264
20190911,3.27,89.88,31.05,24.74,6.31,3.19,4.9,24.25198332,74.75077264
20190912,14.65,92.86,28.68,24.3,4.38,1.89,3.28,24.25198332,74.75077264
20190913,47.89,94.84,26.72,24.21,2.51,2.6,3.69,24.25198332,74.75077264
20190914,14.22,93.27,28.18,23.37,4.8,1.71,2.64,24.25198332,74.75077264
20190915,3.84,92.08,28.71,23.49,5.22,2.7,1.85,24.25198332,74.75077264
20190916,3.09,90.41,29.67,23.65,6.02,2.13,1.81,24.25198332,74.75077264
20190917,1.52,83.89,31.07,23.28,7.79,2.67,4.53,24.25198332,74.75077264
20190918,4.26,87.37,31.06,23.88,7.19,3.18,3.31,24.25198332,74.75077264
20190919,3.6,87.55,29.86,22.62,7.24,2.2,3.45,24.25198332,74.75077264
20190920,8.29,91.58,27.42,22.96,4.46,2.51,2.45,24.25198332,74.75077264
20190921,12.87,91.51,28.43,23.31,5.12,1.18,2.66,24.25198332,74.75077264
20190922,3.25,88.34,28.73,22.03,6.7,1.8,2.25,24.25198332,74.75077264
20190923,0.26,91.53,27.9,22.56,5.35,2.0,2.54,24.25198332,74.75077264
20190924,0.28,88.42,29.27,22.81,6.47,3.19,2.32,24.25198332,74.75077264
20190925,3.49,90.63,28.18,22.58,5.6,2.23,1.71,24.25198332,74.75077264
20190926,4.6,90.45,27.74,22.96,4.79,3.33,4.91,24.25198332,74.75077264
20190927,12.43,92.17,26.5,22.62,3.88,2.32,3.79,24.25198332,74.75077264
20190928,5.94,92.36,26.95,22.6,4.35,2.13,2.35,24.25198332,74.75077264
20190929,2.46,94.03,24.95,21.41,3.53,4.55,4.77,24.25198332,74.75077264
20190930,9.26,90.58,27.32,21.3,6.02,2.67,2.03,24.25198332,74.75077264
20191001,12.28,89.44,27.71,21.82,5.89,2.74,3.7,24.25198332,74.75077264
20191002,6.19,88.5,28.67,21.76,6.91,1.87,1.82,24.25198332,74.75077264
20191003,3.96,83.43,29.35,21.07,8.27,0.99,3.42,24.25198332,74.75077264
20191004,1.45,81.12,28.62,20.47,8.15,1.94,3.09,24.25198332,74.75077264
20191005,1.2,80.16,28.53,19.82,8.71,1.73,3.11,24.25198332,74.75077264
20191006,0.2,76.81,28.72,21.38,7.34,1.03,1.32,24.25198332,74.75077264
20191007,0.24,80.01,29.22,21.59,7.63,1.8,3.63,24.25198332,74.75077264
20191008,0.02,83.69,29.0,21.06,7.94,1.26,2.48,24.25198332,74.75077264
20191009,1.65,79.43,29.32,20.52,8.79,1.87,3.95,24.25198332,74.75077264
20191010,0.3,68.67,29.58,19.67,9.91,1.41,2.64,24.25198332,74.75077264
20191011,0.01,61.02,29.27,20.29,8.98,2.14,3.0,24.25198332,74.75077264
20191012,0.0,63.9,29.44,19.06,10.38,2.02,2.34,24.25198332,74.75077264
20191013,0.0,59.01,30.53,20.49,10.04,0.9,0.99,24.25198332,74.75077264
20191014,0.0,60.31,30.78,20.99,9.79,1.01,1.48,24.25198332,74.75077264
20191015,0.0,67.13,30.52,21.55,8.97,2.37,3.62,24.25198332,74.75077264
20191016,0.0,73.25,29.85,20.6,9.26,2.2,3.49,24.25198332,74.75077264
20191017,0.0,75.59,29.8,18.78,11.02,0.82,2.34,24.25198332,74.75077264
20191018,0.0,76.99,29.44,19.28,10.16,1.04,3.15,24.25198332,74.75077264
20191019,0.0,82.99,27.82,19.95,7.87,1.47,1.32,24.25198332,74.75077264
20191020,0.0,85.69,27.87,19.53,8.34,2.33,2.59,24.25198332,74.75077264
20191021,0.0,83.96,27.16,19.06,8.1,3.22,3.91,24.25198332,74.75077264
20191022,0.13,80.53,27.66,18.93,8.73,1.66,2.18,24.25198332,74.75077264
20191023,0.38,74.44,27.38,18.33,9.04,2.35,2.62,24.25198332,74.75077264
20191024,0.0,71.48,27.96,16.83,11.13,2.71,3.73,24.25198332,74.75077264
20191025,0.0,72.61,27.37,15.72,11.66,2.15,4.41,24.25198332,74.75077264
20191026,0.0,81.02,26.54,14.82,11.72,2.84,2.67,24.25198332,74.75077264
20191027,0.16,86.14,26.43,16.21,10.22,2.78,2.76,24.25198332,74.75077264
20191028,2.32,86.54,27.63,19.36,8.27,3.16,3.88,24.25198332,74.75077264
20191029,1.41,81.18,28.59,19.17,9.42,3.14,5.21,24.25198332,74.75077264
20191030,0.14,79.55,29.25,20.25,9.0,2.2,4.44,24.25198332,74.75077264
20191031,0.06,76.57,29.91,19.96,9.95,2.21,4.8,24.25198332,74.75077264
20191101,0.0,77.88,29.55,19.14,10.41,0.79,2.62,24.25198332,74.75077264
20191102,1.55,82.86,28.56,19.54,9.02,1.44,2.15,24.25198332,74.75077264
20191103,0.1,76.83,27.64,19.28,8.36,2.36,2.85,24.25198332,74.75077264
20191104,0.0,76.59,28.42,19.57,8.85,1.34,1.47,24.25198332,74.75077264
20191105,0.0,72.02,28.6,18.27,10.33,2.07,3.31,24.25198332,74.75077264
20191106,0.01,79.17,27.72,18.64,9.08,1.2,2.0,24.25198332,74.75077264
20191107,0.69,79.76,27.5,19.76,7.74,3.03,3.26,24.25198332,74.75077264
20191108,6.71,80.98,27.39,19.01,8.38,2.37,5.3,24.25198332,74.75077264
20191109,4.43,83.71,27.01,18.88,8.12,1.74,3.71,24.25198332,74.75077264
20191110,0.0,76.09,27.81,17.98,9.84,2.38,3.96,24.25198332,74.75077264
20191111,0.21,72.27,28.2,17.41,10.79,2.86,4.53,24.25198332,74.75077264
20191112,0.03,75.38,27.89,17.8,10.09,2.87,3.3,24.25198332,74.75077264
20191113,0.0,77.65,26.53,19.0,7.53,1.34,1.75,24.25198332,74.75077264
20191114,0.02,78.58,26.14,18.04,8.1,2.72,4.7,24.25198332,74.75077264
20191115,0.01,78.53,26.54,15.61,10.93,2.39,2.62,24.25198332,74.75077264
20191116,0.0,75.91,26.3,15.67,10.63,1.36,2.77,24.25198332,74.75077264
20191117,0.0,71.95,26.03,14.43,11.6,2.04,2.96,24.25198332,74.75077264
20191118,0.0,68.15,26.13,13.81,12.32,1.48,2.34,24.25198332,74.75077264
20191119,0.0,67.09,26.0,15.16,10.85,2.19,3.27,24.25198332,74.75077264
20191120,0.0,71.77,25.75,14.47,11.29,2.67,2.79,24.25198332,74.75077264
20191121,0.0,75.84,26.63,14.53,12.1,3.04,4.56,24.25198332,74.75077264
20191122,0.0,77.99,25.49,15.47,10.02,2.96,5.82,24.25198332,74.75077264
20191123,0.0,85.21,24.58,15.24,9.34,1.75,4.48,24.25198332,74.75077264
20191124,0.0,80.74,26.49,15.12,11.37,2.1,3.75,24.25198332,74.75077264
20191125,0.0,79.86,26.34,16.25,10.09,1.79,2.33,24.25198332,74.75077264
20191126,0.0,73.69,26.56,14.77,11.79,2.38,4.36,24.25198332,74.75077264
20191127,0.25,74.34,26.64,16.4,10.24,2.51,2.8,24.25198332,74.75077264
20191128,0.2,77.83,26.94,16.51,10.43,2.52,2.76,24.25198332,74.75077264
20191129,0.0,78.47,26.24,15.82,10.42,2.99,6.2,24.25198332,74.75077264
20191130,0.15,79.57,25.48,15.59,9.89,3.64,6.57,24.25198332,74.75077264
20191201,0.34,80.23,25.48,14.51,10.97,2.94,5.44,24.25198332,74.75077264
20191202,0.04,77.84,24.88,14.16,10.71,1.69,4.26,24.25198332,74.75077264
20191203,0.0,68.14,24.66,11.63,13.03,2.06,2.68,24.25198332,74.75077264
20191204,0.0,64.85,24.79,11.27,13.52,2.31,4.09,24.25198332,74.75077264
20191205,0.0,63.28,25.61,13.15,12.45,1.09,4.39,24.25198332,74.75077264
20191206,0.0,68.12,21.37,12.37,8.99,2.76,2.54,24.25198332,74.75077264
20191207,0.0,68.78,22.9,11.21,11.68,2.37,2.02,24.25198332,74.75077264
20191208,0.0,74.97,23.1,9.56,13.54,2.03,4.26,24.25198332,74.75077264
20191209,0.0,74.5,23.89,10.73,13.16,3.35,6.76,24.25198332,74.75077264
20191210,0.0,75.37,24.25,11.03,13.21,2.52,4.98,24.25198332,74.75077264
20191211,0.0,72.69,25.18,11.65,13.53,2.57,4.99,24.25198332,74.75077264
20191212,0.04,74.74,24.07,13.23,10.84,3.59,4.01,24.25198332,74.75077264
20191213,0.02,77.96,23.79,12.27,11.52,3.42,2.77,24.25198332,74.75077264
20191214,0.0,76.48,21.77,9.52,12.24,3.6,6.25,24.25198332,74.75077264
20191215,0.0,69.5,20.47,8.46,12.0,2.53,2.59,24.25198332,74.75077264
20191216,0.0,68.46,19.76,6.65,13.1,2.68,4.0,24.25198332,74.75077264
20191217,0.0,70.46,19.39,5.28,14.11,2.21,5.04,24.25198332,74.75077264
20191218,0.0,69.97,22.12,5.33,16.79,2.97,6.82,24.25198332,74.75077264
20191219,0.0,66.4,23.68,7.75,15.93,2.84,6.3,24.25198332,74.75077264
20191220,0.0,65.27,24.28,10.71,13.57,2.7,5.93,24.25198332,74.75077264
20191221,0.0,68.23,25.21,11.53,13.68,3.85,7.34,24.25198332,74.75077264
20191222,0.0,70.15,23.15,10.31,12.84,2.52,4.54,24.25198332,74.75077264
20191223,0.0,69.79,23.98,10.14,13.84,2.42,3.28,24.25198332,74.75077264
20191224,0.0,83.81,21.64,13.99,7.65,3.12,5.22,24.25198332,74.75077264
20191225,0.0,78.42,22.32,11.97,10.34,2.22,5.12,24.25198332,74.75077264
20191226,0.0,58.05,21.42,7.89,13.53,2.19,2.2,24.25198332,74.75077264
20191227,0.0,49.53,20.8,4.07,16.73,1.93,2.39,24.25198332,74.75077264
20191228,0.0,52.35,20.55,3.76,16.79,2.84,3.39,24.25198332,74.75077264
20191229,0.0,57.71,21.08,3.38,17.7,2.52,5.76,24.25198332,74.75077264
20191230,0.0,62.45,22.25,5.03,17.22,2.25,5.89,24.25198332,74.75077264
20191231,0.0,65.6,20.65,6.56,14.09,1.48,4.75,24.25198332,74.75077264
20200101,0.0,82.19,19.99,7.94,12.06,2.14,3.3,24.25198332,74.75077264
20200102,0.0,80.79,21.16,9.66,11.51,4.44,6.48,24.25198332,74.75077264
20200103,0.0,75.65,20.88,8.85,12.03,1.2,3.27,24.25198332,74.75077264
20200104,0.0,69.58,21.51,8.64,12.88,2.02,1.76,24.25198332,74.75077264
20200105,0.0,63.28,22.29,8.01,14.28,2.22,2.71,24.25198332,74.75077264
20200106,0.0,59.28,24.77,8.24,16.53,3.47,4.55,24.25198332,74.75077264
20200107,0.0,65.13,25.52,9.49,16.03,3.31,5.2,24.25198332,74.75077264
20200108,0.0,64.74,22.96,10.03,12.93,2.46,5.64,24.25198332,74.75077264
20200109,0.0,56.58,19.09,4.76,14.33,2.31,4.04,24.25198332,74.75077264
20200110,0.0,55.32,19.42,3.05,16.36,3.03,3.76,24.25198332,74.75077264
20200111,0.0,56.5,22.21,4.26,17.94,3.35,5.89,24.25198332,74.75077264
20200112,0.0,58.15,25.8,7.69,18.1,1.79,4.8,24.25198332,74.75077264
20200113,0.02,73.32,24.94,11.7,13.24,5.53,4.73,24.25198332,74.75077264
20200114,0.01,66.73,22.93,11.45,11.48,4.71,5.97,24.25198332,74.75077264
20200115,2.3,73.43,23.07,9.81,13.25,3.0,2.83,24.25198332,74.75077264
20200116,0.27,65.17,21.53,9.82,11.7,3.37,4.51,24.25198332,74.75077264
20200117,0.0,69.21,21.15,8.4,12.75,2.13,4.76,24.25198332,74.75077264
20200118,0.0,64.39,21.98,6.81,15.18,3.1,6.74,24.25198332,74.75077264
20200119,0.0,60.88,20.81,6.25,14.56,1.65,3.69,24.25198332,74.75077264
20200120,0.0,55.55,22.79,6.39,16.39,3.0,5.57,24.25198332,74.75077264
20200121,0.0,54.11,25.52,9.13,16.39,2.7,5.24,24.25198332,74.75077264
20200122,0.0,63.13,24.67,8.74,15.93,2.69,5.88,24.25198332,74.75077264
20200123,0.0,54.33,22.64,6.84,15.8,3.14,3.09,24.25198332,74.75077264
20200124,0.0,50.01,24.41,6.27,18.14,3.24,5.98,24.25198332,74.75077264
20200125,0.0,48.34,25.37,7.81,17.56,1.88,4.65,24.25198332,74.75077264
20200126,0.0,46.02,28.0,10.66,17.34,2.49,4.93,24.25198332,74.75077264
20200127,0.0,52.39,27.6,11.07,16.53,5.16,5.16,24.25198332,74.75077264
20200128,0.0,57.5,23.13,10.72,12.41,5.83,6.92,24.25198332,74.75077264
20200129,0.0,51.01,23.1,8.43,14.67,2.73,5.35,24.25198332,74.75077264
20200130,0.0,53.58,22.63,7.28,15.35,3.02,5.95,24.25198332,74.75077264
20200131,0.0,48.71,23.89,7.37,16.51,2.41,5.12,24.25198332,74.75077264
20200201,0.0,47.62,23.52,7.14,16.38,1.25,4.48,24.25198332,74.75077264
20200202,0.0,43.27,23.48,6.53,16.95,2.52,5.4,24.25198332,74.75077264
20200203,0.0,51.25,24.58,7.11,17.47,4.45,7.51,24.25198332,74.75077264
20200204,0.0,50.58,26.01,8.55,17.46,2.45,5.35,24.25198332,74.75077264
20200205,0.0,53.55,25.25,8.32,16.92,3.72,6.14,24.25198332,74.75077264
20200206,0.0,49.55,25.13,8.23,16.9,2.86,5.23,24.25198332,74.75077264
20200207,0.0,44.12,24.22,8.33,15.88,1.52,3.83,24.25198332,74.75077264
20200208,0.0,44.41,23.45,6.52,16.94,2.94,3.06,24.25198332,74.75077264
20200209,0.0,38.16,24.08,5.43,18.65,3.33,3.29,24.25198332,74.75077264
20200210,0.0,38.53,25.69,6.11,19.58,3.22,7.07,24.25198332,74.75077264
20200211,0.0,40.41,27.77,8.49,19.28,3.35,6.89,24.25198332,74.75077264
20200212,0.0,39.97,29.39,10.38,19.01,3.22,6.72,24.25198332,74.75077264
20200213,0.0,34.98,30.49,14.17,16.31,2.29,3.63,24.25198332,74.75077264
20200214,0.0,35.55,29.9,11.53,18.37,2.4,5.3,24.25198332,74.75077264
20200215,0.0,34.53,29.34,13.73,15.61,2.8,5.77,24.25198332,74.75077264
20200216,0.0,22.57,30.98,12.26,18.72,0.98,3.99,24.25198332,74.75077264
20200217,0.0,20.3,31.3,12.37,18.93,1.05,3.85,24.25198332,74.75077264
20200218,0.0,19.39,32.6,13.92,18.68,2.42,4.2,24.25198332,74.75077264
20200219,0.0,25.58,32.11,13.57,18.54,1.48,2.03,24.25198332,74.75077264
20200220,0.0,32.44,32.43,15.11,17.32,4.62,4.24,24.25198332,74.75077264
20200221,0.0,28.53,29.83,12.92,16.9,2.75,6.33,24.25198332,74.75077264
20200222,0.0,31.7,29.89,11.67,18.21,3.77,6.99,24.25198332,74.75077264
20200223,0.0,39.46,29.26,12.32,16.94,4.07,7.9,24.25198332,74.75077264
20200224,0.0,43.14,27.91,12.21,15.7,1.58,3.74,24.25198332,74.75077264
20200225,0.0,33.88,29.86,14.25,15.61,1.5,2.34,24.25198332,74.75077264
20200226,0.0,27.42,32.28,14.34,17.94,2.74,3.47,24.25198332,74.75077264
20200227,0.0,26.81,33.57,15.47,18.1,2.19,3.34,24.25198332,74.75077264
20200228,0.0,28.09,31.96,17.09,14.87,2.85,4.52,24.25198332,74.75077264
20200229,0.03,28.42,32.82,16.74,16.08,3.1,2.16,24.25198332,74.75077264
20200301,0.04,27.54,33.32,16.32,17.0,3.15,3.83,24.25198332,74.75077264
20200302,0.0,29.77,32.9,15.27,17.63,1.96,3.98,24.25198332,74.75077264
20200303,0.0,32.38,32.51,16.31,16.2,1.97,3.8,24.25198332,74.75077264
20200304,0.0,31.51,31.82,16.52,15.3,2.7,4.47,24.25198332,74.75077264
20200305,0.35,35.04,29.84,14.16,15.68,3.56,4.06,24.25198332,74.75077264
20200306,1.26,45.77,27.34,15.0,12.35,6.64,5.42,24.25198332,74.75077264
20200307,0.0,29.49,28.43,12.3,16.13,3.0,4.78,24.25198332,74.75077264
20200308,0.0,28.98,30.58,11.9,18.67,4.55,8.0,24.25198332,74.75077264
20200309,0.0,32.67,31.35,13.26,18.09,5.72,8.02,24.25198332,74.75077264
20200310,0.0,36.81,31.24,18.66,12.58,4.87,4.89,24.25198332,74.75077264
20200311,0.0,48.24,28.57,15.49,13.08,5.51,4.67,24.25198332,74.75077264
20200312,0.0,29.34,27.78,12.49,15.28,4.98,4.56,24.25198332,74.75077264
20200313,0.0,25.16,28.89,11.3,17.59,1.79,3.98,24.25198332,74.75077264
20200314,0.0,26.68,29.01,11.17,17.84,1.59,4.59,24.25198332,74.75077264
20200315,0.0,32.65,27.37,11.65,15.72,2.02,4.35,24.25198332,74.75077264
20200316,0.0,28.88,31.41,14.2,17.2,3.52,7.06,24.25198332,74.75077264
20200317,0.0,25.69,33.83,14.85,18.97,2.76,6.88,24.25198332,74.75077264
20200318,0.0,24.93,35.0,15.88,19.12,3.53,7.3,24.25198332,74.75077264
20200319,0.0,22.5,35.6,17.04,18.56,2.86,4.29,24.25198332,74.75077264
20200320,0.0,24.8,33.48,17.97,15.52,2.73,4.23,24.25198332,74.75077264
20200321,0.0,27.77,33.91,15.72,18.19,2.0,4.75,24.25198332,74.75077264
20200322,0.0,29.06,35.43,19.84,15.58,2.36,4.84,24.25198332,74.75077264
20200323,0.38,28.27,36.35,21.88,14.46,1.67,3.26,24.25198332,74.75077264
20200324,0.07,29.05,35.58,23.01,12.57,5.16,7.6,24.25198332,74.75077264
20200325,1.89,35.65,35.34,21.66,13.68,4.86,6.58,24.25198332,74.75077264
20200326,4.51,48.97,32.95,19.8,13.15,5.99,7.94,24.25198332,74.75077264
20200327,11.31,62.59,31.15,18.64,12.51,5.13,5.56,24.25198332,74.75077264
20200328,0.0,42.05,32.64,15.42,17.23,2.83,4.97,24.25198332,74.75077264
20200329,0.0,38.82,33.01,16.37,16.65,3.35,6.65,24.25198332,74.75077264
20200330,0.0,35.68,35.31,16.33,18.98,2.98,5.48,24.25198332,74.75077264
20200331,0.0,31.84,36.35,16.58,19.78,3.86,4.29,24.25198332,74.75077264
20200401,0.0,30.16,36.11,18.19,17.92,3.33,5.15,24.25198332,74.75077264
20200402,0.0,28.04,34.63,17.09,17.54,2.0,4.85,24.25198332,74.75077264
20200403,0.0,25.84,35.88,17.58,18.3,3.51,6.44,24.25198332,74.75077264
20200404,0.0,21.44,36.58,17.85,18.73,2.85,5.39,24.25198332,74.75077264
20200405,0.0,19.96,37.95,19.57,18.38,2.83,4.72,24.25198332,74.75077264
20200406,0.0,19.71,38.11,19.65,18.46,2.27,5.65,24.25198332,74.75077264
20200407,0.0,19.32,38.62,20.49,18.13,3.75,7.52,24.25198332,74.75077264
20200408,0.0,20.87,38.17,20.14,18.04,1.53,3.66,24.25198332,74.75077264
20200409,0.0,21.79,37.76,19.48,18.27,3.52,6.9,24.25198332,74.75077264
20200410,0.0,20.15,38.82,21.87,16.95,2.02,3.78,24.25198332,74.75077264
20200411,0.0,19.43,40.1,23.18,16.92,3.33,6.56,24.25198332,74.75077264
20200412,0.0,21.11,40.67,23.49,17.18,2.41,4.75,24.25198332,74.75077264
20200413,0.0,21.05,41.4,23.83,17.58,3.54,7.0,24.25198332,74.75077264
20200414,0.0,18.34,41.25,25.22,16.03,3.3,6.6,24.25198332,74.75077264
20200415,0.0,19.08,41.6,25.83,15.77,3.86,5.93,24.25198332,74.75077264
20200416,0.0,19.81,41.6,24.89,16.71,7.27,9.14,24.25198332,74.75077264
20200417,0.0,23.5,39.29,24.93,14.36,5.83,6.48,24.25198332,74.75077264
20200418,0.01,22.45,40.04,24.52,15.52,4.87,3.92,24.25198332,74.75077264
20200419,0.0,23.28,38.93,24.9,14.02,3.54,3.88,24.25198332,74.75077264
20200420,0.01,26.94,37.98,24.59,13.39,3.5,2.07,24.25198332,74.75077264
20200421,0.0,27.53,38.65,23.33,15.32,2.83,5.39,24.25198332,74.75077264
20200422,0.0,21.74,40.4,24.12,16.29,3.12,5.38,24.25198332,74.75077264
20200423,0.0,23.71,41.35,25.45,15.9,5.85,6.12,24.25198332,74.75077264
20200424,0.04,27.07,39.89,25.76,14.13,2.6,2.4,24.25198332,74.75077264
20200425,0.05,25.03,38.2,23.94,14.26,3.43,3.23,24.25198332,74.75077264
20200426,1.51,27.06,39.94,24.94,15.0,2.19,3.49,24.25198332,74.75077264
20200427,2.16,26.26,39.79,24.63,15.16,2.9,2.99,24.25198332,74.75077264
20200428,0.09,23.67,40.8,23.96,16.85,1.74,2.13,24.25198332,74.75077264
20200429,0.0,23.31,41.79,25.23,16.56,2.96,4.08,24.25198332,74.75077264
20200430,0.0,21.94,42.48,26.4,16.08,3.89,6.34,24.25198332,74.75077264
20200501,0.18,21.14,42.85,26.88,15.97,3.83,6.67,24.25198332,74.75077264
20200502,0.0,17.89,42.55,26.71,15.84,2.76,4.18,24.25198332,74.75077264
20200503,0.0,22.28,42.21,25.88,16.33,2.5,4.17,24.25198332,74.75077264
20200504,2.13,29.34,41.67,26.46,15.22,2.49,5.26,24.25198332,74.75077264
20200505,0.01,27.16,40.89,26.72,14.17,3.55,5.32,24.25198332,74.75077264
20200506,0.91,23.73,41.27,27.31,13.96,5.0,5.25,24.25198332,74.75077264
20200507,0.03,20.59,41.63,25.26,16.37,2.87,4.89,24.25198332,74.75077264
20200508,0.0,19.28,42.95,25.86,17.09,2.84,4.92,24.25198332,74.75077264
20200509,0.0,20.51,43.41,26.38,17.04,2.39,5.48,24.25198332,74.75077264
20200510,0.0,20.08,43.33,26.41,16.92,5.21,8.61,24.25198332,74.75077264
20200511,0.08,24.4,41.48,25.92,15.57,4.98,4.43,24.25198332,74.75077264
20200512,0.0,25.64,41.53,26.39,15.14,2.83,3.79,24.25198332,74.75077264
20200513,0.05,24.11,42.58,26.56,16.02,5.14,6.87,24.25198332,74.75077264
20200514,0.37,22.64,42.71,27.29,15.42,2.67,5.34,24.25198332,74.75077264
20200515,0.0,21.98,42.62,27.58,15.05,3.24,4.62,24.25198332,74.75077264
20200516,0.0,20.88,42.41,28.32,14.09,2.88,5.92,24.25198332,74.75077264
20200517,0.0,18.49,42.27,26.98,15.29,2.26,3.68,24.25198332,74.75077264
20200518,0.0,16.09,41.88,26.05,15.82,2.02,3.07,24.25198332,74.75077264
20200519,0.0,20.3,42.3,26.67,15.63,2.77,3.19,24.25198332,74.75077264
20200520,0.0,13.28,43.48,26.52,16.96,6.57,6.87,24.25198332,74.75077264
20200521,0.0,14.0,43.5,26.84,16.66,6.47,7.36,24.25198332,74.75077264
20200522,0.0,17.71,43.35,27.39,15.96,5.37,3.64,24.25198332,74.75077264
20200523,0.0,20.35,43.79,27.75,16.04,3.72,2.93,24.25198332,74.75077264
20200524,0.0,21.07,44.08,28.05,16.02,1.53,4.88,24.25198332,74.75077264
20200525,0.0,18.94,43.97,28.44,15.53,2.37,3.07,24.25198332,74.75077264
20200526,0.0,20.94,43.69,28.11,15.57,2.86,3.21,24.25198332,74.75077264
20200527,0.0,27.24,44.24,27.88,16.37,2.77,2.38,24.25198332,74.75077264
20200528,0.0,33.06,42.42,27.83,14.59,3.71,2.24,24.25198332,74.75077264
20200529,0.03,36.88,40.96,27.55,13.41,1.65,2.96,24.25198332,74.75077264
20200530,1.1,38.43,38.47,28.27,10.19,3.7,5.92,24.25198332,74.75077264
20200531,2.74,38.87,38.29,27.46,10.83,1.69,2.44,24.25198332,74.75077264
20200601,1.57,39.1,38.48,28.51,9.97,2.19,1.51,24.25198332,74.75077264
20200602,0.31,41.02,37.44,27.66,9.77,4.19,5.47,24.25198332,74.75077264
20200603,0.67,37.51,38.24,27.91,10.32,5.11,6.09,24.25198332,74.75077264
20200604,1.32,42.4,36.38,26.33,10.05,3.6,5.06,24.25198332,74.75077264
20200605,1.78,48.56,36.44,26.2,10.24,3.44,3.63,24.25198332,74.75077264
20200606,1.55,61.07,33.8,25.21,8.6,2.54,2.48,24.25198332,74.75077264
20200607,2.46,54.88,35.3,25.09,10.21,3.35,3.07,24.25198332,74.75077264
20200608,0.5,47.61,37.3,25.2,12.1,3.08,5.32,24.25198332,74.75077264
20200609,3.77,47.59,37.91,24.51,13.39,3.05,4.66,24.25198332,74.75077264
20200610,7.62,55.0,38.96,25.23,13.74,4.66,6.31,24.25198332,74.75077264
20200611,8.64,59.86,37.5,26.15,11.35,4.89,6.39,24.25198332,74.75077264
20200612,1.81,54.21,38.75,27.0,11.74,5.18,6.98,24.25198332,74.75077264
20200613,3.16,56.13,38.74,26.63,12.11,4.07,5.31,24.25198332,74.75077264
20200614,3.93,62.66,36.45,26.21,10.25,4.26,5.81,24.25198332,74.75077264
20200615,0.28,52.24,40.73,26.34,14.39,4.49,5.66,24.25198332,74.75077264
20200616,1.35,51.23,41.21,26.3,14.92,5.61,7.43,24.25198332,74.75077264
20200617,2.03,54.24,39.76,26.64,13.12,2.17,2.79,24.25198332,74.75077264
20200618,0.02,56.78,38.28,25.78,12.51,2.63,3.83,24.25198332,74.75077264
20200619,0.26,57.0,38.59,25.79,12.79,2.55,4.31,24.25198332,74.75077264
20200620,0.14,55.04,38.58,26.27,12.31,2.25,3.9,24.25198332,74.75077264
20200621,0.03,54.71,38.82,26.44,12.38,3.29,5.02,24.25198332,74.75077264
20200622,7.74,57.42,37.65,26.04,11.61,5.04,6.77,24.25198332,74.75077264
20200623,8.87,63.09,36.09,25.48,10.61,5.18,6.87,24.25198332,74.75077264
20200624,11.53,70.39,34.3,25.21,9.09,4.1,3.97,24.25198332,74.75077264
20200625,3.52,71.15,33.57,25.93,7.64,1.88,2.35,24.25198332,74.75077264
20200626,4.05,68.39,34.11,25.68,8.42,2.53,1.81,24.25198332,74.75077264
20200627,1.3,62.51,36.27,24.92,11.35,3.0,2.8,24.25198332,74.75077264
20200628,0.34,59.91,35.5,25.83,9.67,3.72,3.01,24.25198332,74.75077264
20200629,0.92,60.61,36.82,26.26,10.56,2.37,4.14,24.25198332,74.75077264
20200630,4.48,60.57,38.07,25.77,12.29,5.24,7.29,24.25198332,74.75077264
20200701,0.53,64.39,35.03,26.74,8.29,3.86,5.79,24.25198332,74.75077264
20200702,5.73,72.5,32.64,25.94,6.71,3.32,3.85,24.25198332,74.75077264
20200703,9.24,70.06,36.4,25.54,10.86,3.63,4.4,24.25198332,74.75077264
20200704,2.45,72.96,34.27,26.17,8.09,4.12,6.29,24.25198332,74.75077264
20200705,4.79,68.57,34.54,25.46,9.08,4.23,5.03,24.25198332,74.75077264
20200706,5.93,69.0,35.36,24.36,10.99,4.11,4.48,24.25198332,74.75077264
20200707,1.82,69.72,34.75,25.17,9.58,1.99,1.78,24.25198332,74.75077264
20200708,0.41,65.98,36.13,24.62,11.52,3.67,4.4,24.25198332,74.75077264
20200709,0.59,62.94,36.52,24.73,11.8,2.79,2.46,24.25198332,74.75077264
20200710,1.64,69.44,34.33,24.93,9.4,2.35,1.58,24.25198332,74.75077264
20200711,2.8,72.95,33.48,25.16,8.33,2.72,2.14,24.25198332,74.75077264
20200712,6.42,70.89,34.11,25.38,8.73,3.18,3.38,24.25198332,74.75077264
20200713,10.61,72.18,33.59,24.97,8.63,4.27,3.89,24.25198332,74.75077264
20200714,4.03,76.79,32.03,24.94,7.09,4.59,6.15,24.25198332,74.75077264
20200715,3.58,70.2,34.08,25.18,8.9,3.06,4.64,24.25198332,74.75077264
20200716,4.55,70.75,34.89,25.82,9.07,4.11,4.47,24.25198332,74.75077264
20200717,1.61,67.42,35.87,24.12,11.75,3.44,4.77,24.25198332,74.75077264
20200718,7.6,67.39,36.21,25.53,10.68,3.7,4.45,24.25198332,74.75077264
20200719,3.72,68.68,35.42,25.35,10.07,2.43,2.25,24.25198332,74.75077264
20200720,0.08,67.91,34.85,25.66,9.2,1.82,1.76,24.25198332,74.75077264
20200721,0.36,66.99,34.6,25.18,9.42,3.75,2.44,24.25198332,74.75077264
20200722,0.09,63.41,35.53,24.57,10.97,2.79,2.41,24.25198332,74.75077264
20200723,10.37,70.3,34.59,25.41,9.19,2.7,2.82,24.25198332,74.75077264
20200724,2.48,70.16,34.26,25.12,9.13,3.89,3.89,24.25198332,74.75077264
20200725,11.24,73.46,32.99,25.03,7.96,0.92,2.73,24.25198332,74.75077264
20200726,3.0,71.67,34.06,24.11,9.96,2.66,2.37,24.25198332,74.75077264
20200727,1.71,66.92,35.02,24.11,10.91,1.27,2.94,24.25198332,74.75077264
20200728,0.45,73.88,32.78,25.45,7.33,1.55,2.32,24.25198332,74.75077264
20200729,2.47,79.45,31.28,25.33,5.94,3.46,3.88,24.25198332,74.75077264
20200730,6.37,73.1,32.92,24.76,8.16,2.9,2.72,24.25198332,74.75077264
20200731,4.27,74.31,33.94,25.02,8.92,2.99,4.96,24.25198332,74.75077264
20200801,2.72,77.32,31.67,25.15,6.52,1.27,2.43,24.25198332,74.75077264
20200802,0.43,80.55,30.49,25.33,5.17,2.46,1.94,24.25198332,74.75077264
20200803,0.14,68.57,34.88,24.18,10.7,2.69,3.56,24.25198332,74.75077264
20200804,5.48,70.78,33.49,24.79,8.7,3.54,5.22,24.25198332,74.75077264
20200805,18.26,73.79,34.24,25.68,8.56,5.25,5.79,24.25198332,74.75077264
20200806,6.9,79.9,32.22,25.19,7.03,4.79,4.19,24.25198332,74.75077264
20200807,5.05,79.32,32.74,24.48,8.26,3.94,2.56,24.25198332,74.75077264
20200808,3.53,76.39,32.87,24.29,8.58,3.0,2.42,24.25198332,74.75077264
20200809,5.47,77.72,33.89,24.56,9.34,2.86,2.59,24.25198332,74.75077264
20200810,12.16,83.82,30.97,25.45,5.53,3.05,2.14,24.25198332,74.75077264
20200811,4.35,86.58,29.8,25.15,4.65,3.18,2.87,24.25198332,74.75077264
20200812,8.26,84.52,30.82,24.41,6.41,1.52,0.83,24.25198332,74.75077264
20200813,19.1,86.23,30.86,25.11,5.75,3.42,3.13,24.25198332,74.75077264
20200814,11.49,81.86,32.32,24.76,7.56,1.93,2.08,24.25198332,74.75077264
20200815,19.76,85.08,30.39,24.25,6.14,1.82,0.99,24.25198332,74.75077264
20200816,5.96,91.71,28.15,24.76,3.39,2.49,2.05,24.25198332,74.75077264
20200817,3.7,91.96,28.22,24.94,3.28,1.49,2.1,24.25198332,74.75077264
20200818,2.37,90.33,29.11,24.86,4.25,2.09,2.44,24.25198332,74.75077264
20200819,9.72,88.52,30.22,24.29,5.93,2.75,2.0,24.25198332,74.75077264
20200820,9.18,88.17,30.14,24.28,5.86,4.26,5.73,24.25198332,74.75077264
20200821,8.49,84.45,31.37,24.62,6.74,1.0,1.65,24.25198332,74.75077264
20200822,50.2,88.95,30.56,24.18,6.38,3.05,3.45,24.25198332,74.75077264
20200823,45.9,90.74,28.21,24.15,4.06,5.34,7.48,24.25198332,74.75077264
20200824,16.64,90.78,28.23,23.86,4.38,4.68,5.1,24.25198332,74.75077264
20200825,6.09,87.93,29.06,23.56,5.5,5.1,5.01,24.25198332,74.75077264
20200826,0.62,85.44,29.75,22.91,6.84,4.66,4.77,24.25198332,74.75077264
20200827,0.23,84.61,29.97,22.91,7.06,2.84,1.76,24.25198332,74.75077264
20200828,7.75,87.97,29.3,23.41,5.89,1.68,3.13,24.25198332,74.75077264
20200829,32.01,92.18,27.86,23.97,3.89,1.58,2.19,24.25198332,74.75077264
20200830,40.07,91.7,26.84,22.73,4.11,5.54,5.84,24.25198332,74.75077264
20200831,3.62,88.86,28.17,22.47,5.7,5.37,5.67,24.25198332,74.75077264
20200901,0.3,85.59,29.39,22.41,6.98,4.11,3.04,24.25198332,74.75077264
20200902,4.4,81.4,30.46,22.13,8.32,2.19,4.5,24.25198332,74.75077264
20200903,22.48,85.81,29.69,23.1,6.59,2.86,4.43,24.25198332,74.75077264
20200904,7.18,87.32,29.57,23.06,6.51,2.73,1.89,24.25198332,74.75077264
20200905,1.77,85.59,30.16,22.1,8.05,3.09,2.0,24.25198332,74.75077264
20200906,8.31,86.68,30.23,22.16,8.08,2.01,1.81,24.25198332,74.75077264
20200907,8.51,88.63,30.09,23.89,6.2,3.04,2.11,24.25198332,74.75077264
20200908,2.46,84.71,30.73,24.18,6.55,3.54,4.91,24.25198332,74.75077264
20200909,2.75,82.5,30.37,23.49,6.88,1.74,3.71,24.25198332,74.75077264
20200910,1.16,81.9,30.95,23.3,7.65,1.96,4.18,24.25198332,74.75077264
20200911,8.44,81.56,31.78,23.56,8.22,2.27,4.25,24.25198332,74.75077264
20200912,12.52,79.03,31.47,24.31,7.16,1.72,2.94,24.25198332,74.75077264
20200913,0.79,76.17,32.24,24.18,8.05,1.86,2.75,24.25198332,74.75077264
20200914,8.16,80.37,31.42,23.94,7.49,2.05,3.12,24.25198332,74.75077264
20200915,1.32,81.75,31.25,23.36,7.89,2.43,3.24,24.25198332,74.75077264
20200916,6.26,82.8,31.8,23.92,7.88,1.55,2.94,24.25198332,74.75077264
20200917,3.52,85.0,31.28,23.99,7.3,0.95,3.23,24.25198332,74.75077264
20200918,14.73,86.52,30.7,23.85,6.85,2.44,3.46,24.25198332,74.75077264
20200919,5.98,82.9,31.01,23.8,7.21,1.93,3.74,24.25198332,74.75077264
20200920,3.19,85.09,30.89,23.46,7.43,3.5,3.58,24.25198332,74.75077264
20200921,2.65,80.47,31.53,24.09,7.44,3.06,3.58,24.25198332,74.75077264
20200922,5.04,80.23,30.96,22.93,8.03,3.47,5.59,24.25198332,74.75077264
20200923,6.56,83.48,28.8,22.93,5.87,3.02,3.89,24.25198332,74.75077264
20200924,1.84,87.01,31.04,21.86,9.18,2.24,1.89,24.25198332,74.75077264
20200925,0.0,83.36,31.17,23.61,7.56,2.26,2.08,24.25198332,74.75077264
20200926,7.86,87.19,29.53,22.27,7.25,1.84,2.43,24.25198332,74.75077264
20200927,0.26,81.6,28.47,19.68,8.79,2.09,2.87,24.25198332,74.75077264
20200928,0.22,79.3,29.84,19.2,10.64,2.7,6.29,24.25198332,74.75077264
20200929,3.33,79.58,30.26,20.39,9.86,2.47,5.55,24.25198332,74.75077264
20200930,2.7,76.79,31.08,21.02,10.06,1.93,4.48,24.25198332,74.75077264
20201001,0.45,77.76,31.0,20.81,10.19,2.86,3.3,24.25198332,74.75077264
20201002,0.09,77.53,31.72,20.63,11.09,1.83,3.8,24.25198332,74.75077264
20201003,0.0,74.82,31.65,19.97,11.69,1.14,2.91,24.25198332,74.75077264
20201004,0.0,74.05,31.12,19.61,11.51,1.73,3.17,24.25198332,74.75077264
20201005,0.0,69.13,31.78,19.57,12.2,1.63,3.06,24.25198332,74.75077264
20201006,0.0,58.06,31.48,17.51,13.97,3.52,5.71,24.25198332,74.75077264
20201007,0.0,58.43,31.67,18.31,13.36,1.85,3.49,24.25198332,74.75077264
20201008,0.0,60.02,31.26,18.02,13.25,2.67,4.59,24.25198332,74.75077264
20201009,0.0,57.85,31.47,18.61,12.86,2.28,4.37,24.25198332,74.75077264
20201010,0.0,56.41,31.73,18.62,13.11,2.51,4.69,24.25198332,74.75077264
20201011,0.0,52.83,31.82,19.29,12.53,2.69,4.82,24.25198332,74.75077264
20201012,0.0,52.88,31.55,18.47,13.08,2.02,4.29,24.25198332,74.75077264
20201013,0.33,54.35,32.28,18.75,13.54,1.77,3.74,24.25198332,74.75077264
20201014,0.54,79.14,28.77,20.17,8.6,1.59,3.47,24.25198332,74.75077264
20201015,0.02,81.18,29.7,22.64,7.06,3.28,2.27,24.25198332,74.75077264
20201016,0.0,79.87,30.56,22.57,7.99,3.32,2.22,24.25198332,74.75077264
20201017,0.28,77.91,30.71,23.0,7.71,3.66,4.27,24.25198332,74.75077264
20201018,5.97,77.77,31.61,23.53,8.08,2.09,3.66,24.25198332,74.75077264
20201019,3.86,79.9,30.35,22.99,7.37,3.19,4.92,24.25198332,74.75077264
20201020,1.7,72.99,31.34,22.54,8.8,1.36,2.75,24.25198332,74.75077264
20201021,2.26,72.03,31.74,22.68,9.06,1.8,3.47,24.25198332,74.75077264
20201022,0.07,66.22,31.48,19.94,11.54,2.43,3.39,24.25198332,74.75077264
20201023,0.0,56.6,30.63,17.01,13.63,2.55,5.66,24.25198332,74.75077264
20201024,0.0,57.38,30.53,17.35,13.18,1.65,4.27,24.25198332,74.75077264
20201025,0.0,59.21,30.21,17.07,13.13,2.36,5.14,24.25198332,74.75077264
20201026,0.0,58.21,30.69,16.26,14.42,2.01,4.45,24.25198332,74.75077264
20201027,0.0,47.08,30.23,14.12,16.11,2.7,5.11,24.25198332,74.75077264
20201028,0.0,45.89,29.65,13.83,15.82,2.64,4.54,24.25198332,74.75077264
20201029,0.0,52.95,29.35,16.24,13.11,2.11,4.05,24.25198332,74.75077264
20201030,0.0,49.93,29.98,16.01,13.97,1.63,3.0,24.25198332,74.75077264
20201031,0.0,42.79,29.34,13.63,15.71,2.6,4.46,24.25198332,74.75077264
20201101,0.0,42.49,29.14,13.28,15.86,2.42,4.28,24.25198332,74.75077264
20201102,0.0,43.69,29.8,14.47,15.33,2.04,3.28,24.25198332,74.75077264
20201103,0.0,44.03,29.69,15.95,13.75,1.99,3.39,24.25198332,74.75077264
20201104,0.0,47.15,29.6,15.18,14.42,2.49,4.26,24.25198332,74.75077264
20201105,0.0,49.07,29.38,14.26,15.12,1.39,1.99,24.25198332,74.75077264
20201106,0.0,48.93,29.39,14.85,14.55,1.55,2.7,24.25198332,74.75077264
20201107,0.0,43.61,30.42,15.35,15.08,1.83,2.84,24.25198332,74.75077264
20201108,0.0,45.32,30.05,14.78,15.27,1.09,1.83,24.25198332,74.75077264
20201109,0.0,42.66,29.36,14.69,14.66,1.81,2.8,24.25198332,74.75077264
20201110,0.0,40.66,28.88,14.59,14.29,2.64,5.14,24.25198332,74.75077264
20201111,0.0,49.59,27.31,12.51,14.8,1.6,4.05,24.25198332,74.75077264
20201112,0.06,57.19,27.35,11.78,15.57,3.05,4.07,24.25198332,74.75077264
20201113,0.0,64.38,29.39,13.82,15.58,3.08,6.24,24.25198332,74.75077264
20201114,0.0,65.06,30.49,16.0,14.49,1.99,3.7,24.25198332,74.75077264
20201115,1.08,70.73,29.9,18.86,11.03,4.01,3.99,24.25198332,74.75077264
20201116,0.16,61.4,30.59,17.38,13.21,2.08,3.95,24.25198332,74.75077264
20201117,0.0,69.1,29.07,16.28,12.79,3.11,4.38,24.25198332,74.75077264
20201118,0.06,67.78,29.18,16.88,12.3,4.43,5.52,24.25198332,74.75077264
20201119,0.0,58.23,28.24,13.68,14.56,2.04,4.83,24.25198332,74.75077264
20201120,0.0,63.68,26.56,13.77,12.79,2.74,4.35,24.25198332,74.75077264
20201121,0.0,50.73,25.94,10.86,15.09,1.53,3.79,24.25198332,74.75077264
20201122,0.0,43.85,26.67,9.86,16.81,3.42,7.73,24.25198332,74.75077264
20201123,0.0,42.4,28.42,9.51,18.91,3.54,6.9,24.25198332,74.75077264
20201124,0.0,46.04,29.22,12.15,17.07,2.42,2.42,24.25198332,74.75077264
20201125,2.97,60.66,28.8,12.63,16.17,2.89,4.17,24.25198332,74.75077264
20201126,2.61,66.95,25.48,15.1,10.38,2.64,5.4,24.25198332,74.75077264
20201127,0.0,57.46,25.7,11.44,14.26,2.89,1.96,24.25198332,74.75077264
20201128,0.0,52.19,26.69,10.11,16.58,1.83,3.21,24.25198332,74.75077264
20201129,0.0,53.74,28.19,10.88,17.3,2.08,4.52,24.25198332,74.75077264
20201130,0.0,50.07,29.38,12.29,17.09,3.0,6.35,24.25198332,74.75077264
20201201,0.0,46.66,29.91,11.8,18.11,2.47,6.26,24.25198332,74.75077264
20201202,0.0,44.94,29.7,12.95,16.75,1.73,4.63,24.25198332,74.75077264
20201203,0.0,40.2,30.75,13.74,17.01,2.74,5.38,24.25198332,74.75077264
20201204,0.0,39.58,31.12,12.98,18.14,3.15,5.94,24.25198332,74.75077264
20201205,0.0,41.12,30.43,14.5,15.93,0.91,2.15,24.25198332,74.75077264
20201206,0.0,40.66,30.4,14.57,15.83,1.57,2.36,24.25198332,74.75077264
20201207,0.0,41.21,30.69,15.23,15.46,2.42,4.32,24.25198332,74.75077264
20201208,0.0,43.94,30.34,12.81,17.54,2.62,5.24,24.25198332,74.75077264
20201209,0.0,43.85,30.01,14.43,15.58,1.05,0.95,24.25198332,74.75077264
20201210,0.0,47.81,30.2,15.1,15.09,1.96,4.02,24.25198332,74.75077264
20201211,2.54,76.63,23.4,15.57,7.83,1.06,3.18,24.25198332,74.75077264
20201212,0.54,75.84,25.66,14.38,11.28,1.83,4.27,24.25198332,74.75077264
20201213,0.04,79.45,22.87,15.38,7.49,3.65,5.26,24.25198332,74.75077264
20201214,0.0,81.08,22.06,14.53,7.53,2.5,3.82,24.25198332,74.75077264
20201215,0.0,76.65,23.94,13.62,10.33,3.47,5.51,24.25198332,74.75077264
20201216,0.0,68.46,24.51,11.59,12.93,2.94,5.78,24.25198332,74.75077264
20201217,0.0,52.98,23.43,9.62,13.81,3.1,5.78,24.25198332,74.75077264
20201218,0.0,44.11,24.56,7.36,17.2,2.8,6.45,24.25198332,74.75077264
20201219,0.0,34.7,25.56,7.39,18.17,1.53,3.73,24.25198332,74.75077264
20201220,0.0,35.72,26.29,9.5,16.79,1.45,3.63,24.25198332,74.75077264
20201221,0.0,34.97,26.98,10.69,16.29,1.53,3.45,24.25198332,74.75077264
20201222,0.0,35.45,26.99,10.25,16.74,2.31,4.39,24.25198332,74.75077264
20201223,0.0,37.54,27.35,10.14,17.22,2.54,4.94,24.25198332,74.75077264
20201224,0.0,42.19,27.37,9.5,17.87,3.55,7.58,24.25198332,74.75077264
20201225,0.0,43.77,27.44,10.18,17.26,3.23,5.67,24.25198332,74.75077264
20201226,0.0,42.38,28.44,9.66,18.78,3.5,6.88,24.25198332,74.75077264
20201227,0.0,44.14,27.54,11.5,16.04,3.6,4.95,24.25198332,74.75077264
20201228,0.0,22.7,22.27,5.24,17.03,2.76,6.05,24.25198332,74.75077264
20201229,0.0,24.59,23.16,4.88,18.28,2.53,6.15,24.25198332,74.75077264
20201230,0.0,35.97,23.14,5.97,17.16,3.67,6.78,24.25198332,74.75077264
20201231,0.0,49.96,25.0,7.93,17.07,4.38,6.86,24.25198332,74.75077264
20210101,0.01,57.38,27.76,11.24,16.52,2.92,4.65,24.25198332,74.75077264
20210102,0.8,62.9,25.88,16.39,9.49,3.5,4.03,24.25198332,74.75077264
20210103,1.05,51.8,27.67,14.79,12.87,4.43,4.51,24.25198332,74.75077264
20210104,1.95,70.73,27.01,15.47,11.55,4.72,5.25,24.25198332,74.75077264
20210105,0.02,63.21,27.11,15.26,11.85,5.06,4.53,24.25198332,74.75077264
20210106,0.0,48.39,27.41,12.23,15.18,2.24,5.33,24.25198332,74.75077264
20210107,0.0,58.14,27.49,10.48,17.01,3.66,5.79,24.25198332,74.75077264
20210108,2.52,71.26,26.34,16.04,10.29,2.83,4.41,24.25198332,74.75077264
20210109,1.16,72.94,26.66,15.25,11.41,2.94,5.59,24.25198332,74.75077264
20210110,0.02,66.52,28.33,14.45,13.88,3.14,5.15,24.25198332,74.75077264
20210111,0.0,62.46,28.79,13.22,15.57,3.97,6.87,24.25198332,74.75077264
20210112,0.0,49.08,27.77,10.98,16.79,2.54,6.02,24.25198332,74.75077264
20210113,0.0,32.97,28.04,9.56,18.48,3.38,6.91,24.25198332,74.75077264
20210114,0.0,26.07,29.42,10.3,19.11,1.95,6.1,24.25198332,74.75077264
20210115,0.0,25.53,30.52,9.53,20.99,3.6,7.33,24.25198332,74.75077264
20210116,0.0,35.71,30.7,11.8,18.9,2.64,5.57,24.25198332,74.75077264
20210117,0.0,42.62,31.43,14.26,17.16,4.18,5.02,24.25198332,74.75077264
20210118,0.0,37.59,30.73,15.17,15.56,5.74,6.79,24.25198332,74.75077264
20210119,0.0,45.45,28.58,11.24,17.35,1.89,4.88,24.25198332,74.75077264
20210120,0.0,40.65,28.62,11.55,17.07,2.42,5.82,24.25198332,74.75077264
20210121,0.0,24.62,29.99,11.98,18.0,2.66,5.41,24.25198332,74.75077264
20210122,0.0,24.95,30.9,11.01,19.89,2.02,2.5,24.25198332,74.75077264
20210123,0.0,31.33,30.14,13.5,16.64,3.91,6.59,24.25198332,74.75077264
20210124,0.0,21.49,26.37,9.42,16.95,3.3,6.56,24.25198332,74.75077264
20210125,0.0,26.07,24.93,6.03,18.9,2.69,5.57,24.25198332,74.75077264
20210126,0.0,25.95,25.34,6.77,18.57,2.06,5.9,24.25198332,74.75077264
20210127,0.0,25.93,25.92,6.64,19.28,3.59,7.41,24.25198332,74.75077264
20210128,0.0,25.22,26.78,7.3,19.48,3.42,7.57,24.25198332,74.75077264
20210129,0.0,24.43,25.94,7.28,18.65,1.96,4.53,24.25198332,74.75077264
20210130,0.0,18.79,27.59,7.74,19.85,2.07,4.83,24.25198332,74.75077264
20210131,0.0,14.75,28.93,8.21,20.72,3.17,6.46,24.25198332,74.75077264
20210201,0.0,15.01,30.42,10.29,20.13,3.29,6.45,24.25198332,74.75077264
20210202,0.0,19.48,31.27,11.87,19.39,2.67,2.78,24.25198332,74.75077264
20210203,0.0,26.14,30.58,13.63,16.95,4.11,6.29,24.25198332,74.75077264
20210204,0.0,32.68,29.41,14.58,14.83,5.49,6.68,24.25198332,74.75077264
20210205,0.0,26.7,27.11,10.55,16.56,3.13,6.42,24.25198332,74.75077264
20210206,0.0,29.17,26.77,8.67,18.1,2.3,4.64,24.25198332,74.75077264
20210207,0.0,24.0,28.2,9.42,18.78,1.2,3.8,24.25198332,74.75077264
20210208,0.0,20.68,29.97,10.31,19.66,1.6,3.97,24.25198332,74.75077264
20210209,0.0,16.11,31.74,12.48,19.26,1.2,1.88,24.25198332,74.75077264
20210210,0.0,17.2,30.91,14.45,16.45,3.53,4.54,24.25198332,74.75077264
20210211,0.0,19.4,31.59,12.56,19.02,3.32,5.93,24.25198332,74.75077264
20210212,0.0,19.35,32.49,14.03,18.45,3.94,6.72,24.25198332,74.75077264
20210213,0.0,21.72,32.51,13.21,19.3,1.77,3.75,24.25198332,74.75077264
20210214,0.0,20.89,32.29,14.95,17.34,3.33,5.24,24.25198332,74.75077264
20210215,0.0,26.22,30.73,15.59,15.13,4.53,5.48,24.25198332,74.75077264
20210216,0.0,27.78,31.22,14.6,16.62,1.54,4.07,24.25198332,74.75077264
20210217,0.0,22.91,31.29,14.48,16.81,1.7,4.46,24.25198332,74.75077264
20210218,0.0,26.81,31.08,14.02,17.06,2.29,5.51,24.25198332,74.75077264
20210219,0.0,25.33,30.64,13.67,16.97,2.87,5.31,24.25198332,74.75077264
20210220,0.0,24.11,31.07,12.97,18.1,2.35,3.65,24.25198332,74.75077264
20210221,0.0,19.4,32.62,13.94,18.68,1.84,4.17,24.25198332,74.75077264
20210222,0.0,17.36,33.5,15.27,18.23,1.81,2.99,24.25198332,74.75077264
20210223,0.0,15.66,34.58,15.16,19.42,1.1,2.75,24.25198332,74.75077264
20210224,0.0,19.98,34.73,15.82,18.91,4.5,6.28,24.25198332,74.75077264
20210225,0.0,22.83,34.94,16.38,18.57,4.18,4.6,24.25198332,74.75077264
20210226,0.0,24.02,35.57,16.45,19.12,2.46,4.21,24.25198332,74.75077264
20210227,0.0,28.41,35.87,18.48,17.39,3.8,3.63,24.25198332,74.75077264
20210228,0.0,26.67,35.2,17.82,17.38,6.18,7.51,24.25198332,74.75077264
20210301,0.0,18.68,34.95,18.55,16.4,3.23,3.28,24.25198332,74.75077264
20210302,0.0,14.58,34.55,13.84,20.71,4.0,6.09,24.25198332,74.75077264
20210303,0.0,11.47,36.19,16.89,19.3,2.46,4.71,24.25198332,74.75077264
20210304,0.0,13.26,36.32,17.14,19.18,3.46,5.55,24.25198332,74.75077264
20210305,0.0,14.31,35.79,17.6,18.2,2.23,3.09,24.25198332,74.75077264
20210306,0.0,15.63,37.06,20.21,16.86,5.3,5.99,24.25198332,74.75077264
20210307,0.0,21.11,36.54,18.44,18.1,3.48,3.17,24.25198332,74.75077264
20210308,0.0,24.68,36.39,17.91,18.48,3.16,3.97,24.25198332,74.75077264
20210309,0.0,22.21,36.55,19.33,17.22,4.0,4.49,24.25198332,74.75077264
20210310,0.0,20.92,36.19,19.48,16.71,2.86,4.03,24.25198332,74.75077264
20210311,0.01,21.27,36.55,18.25,18.3,3.92,5.59,24.25198332,74.75077264
20210312,0.39,22.94,35.55,20.99,14.57,5.99,6.78,24.25198332,74.75077264
20210313,0.5,19.85,35.36,17.66,17.71,2.58,5.93,24.25198332,74.75077264
20210314,0.0,19.34,36.47,17.96,18.51,1.7,2.55,24.25198332,74.75077264
20210315,0.0,19.02,36.85,19.76,17.09,3.53,4.25,24.25198332,74.75077264
20210316,0.0,23.36,36.84,19.36,17.48,2.24,3.35,24.25198332,74.75077264
20210317,0.02,22.52,37.19,22.46,14.73,2.84,5.49,24.25198332,74.75077264
20210318,0.13,20.27,36.84,21.14,15.7,2.5,4.97,24.25198332,74.75077264
20210319,0.07,21.96,36.25,20.16,16.09,2.86,7.11,24.25198332,74.75077264
20210320,0.36,20.1,36.12,20.56,15.56,2.09,3.79,24.25198332,74.75077264
20210321,0.0,19.92,36.93,20.48,16.44,1.88,3.45,24.25198332,74.75077264
20210322,0.61,21.11,37.54,20.37,17.17,1.56,4.72,24.25198332,74.75077264
20210323,0.52,20.1,37.58,21.94,15.64,3.57,6.22,24.25198332,74.75077264
20210324,0.0,19.68,36.08,19.64,16.45,3.99,8.23,24.25198332,74.75077264
20210325,0.0,15.16,35.92,18.31,17.6,3.34,6.89,24.25198332,74.75077264
20210326,0.0,17.35,36.9,18.23,18.67,2.72,4.79,24.25198332,74.75077264
20210327,0.0,16.36,39.41,20.78,18.63,2.25,4.78,24.25198332,74.75077264
20210328,0.0,13.35,41.37,21.32,20.04,2.67,4.82,24.25198332,74.75077264
20210329,0.0,12.71,41.81,21.53,20.28,2.95,6.38,24.25198332,74.75077264
20210330,0.0,17.6,41.09,21.36,19.73,4.8,3.22,24.25198332,74.75077264
20210331,0.0,13.0,40.47,21.13,19.35,6.03,5.38,24.25198332,74.75077264
20210401,0.0,8.16,39.64,19.09,20.55,3.38,7.35,24.25198332,74.75077264
20210402,0.0,12.44,39.73,17.97,21.77,3.84,2.82,24.25198332,74.75077264
20210403,0.0,10.54,39.19,19.4,19.79,2.62,5.14,24.25198332,74.75077264
20210404,0.0,12.99,40.29,19.85,20.44,2.96,6.96,24.25198332,74.75077264
20210405,0.0,17.6,41.0,21.97,19.04,2.67,3.82,24.25198332,74.75077264
20210406,0.0,18.23,40.83,22.69,18.14,2.92,5.03,24.25198332,74.75077264
20210407,0.0,15.57,40.04,21.84,18.2,2.95,4.9,24.25198332,74.75077264
20210408,0.0,17.23,39.17,21.32,17.85,3.37,6.59,24.25198332,74.75077264
20210409,0.0,12.93,38.53,20.5,18.04,2.87,6.09,24.25198332,74.75077264
20210410,0.0,14.06,39.91,21.48,18.43,3.31,4.13,24.25198332,74.75077264
20210411,0.0,12.5,40.47,22.64,17.83,1.97,2.52,24.25198332,74.75077264
20210412,0.0,14.11,40.48,21.13,19.35,1.95,3.37,24.25198332,74.75077264
20210413,0.0,13.77,41.01,22.6,18.41,2.11,2.81,24.25198332,74.75077264
20210414,0.03,18.97,37.57,24.33,13.24,5.18,7.32,24.25198332,74.75077264
20210415,0.0,19.86,39.43,23.48,15.95,4.23,7.75,24.25198332,74.75077264
20210416,0.0,20.36,39.38,22.96,16.42,4.45,5.25,24.25198332,74.75077264
20210417,0.0,23.55,38.97,22.75,16.22,2.23,5.52,24.25198332,74.75077264
20210418,0.0,21.29,39.61,26.18,13.43,2.22,4.41,24.25198332,74.75077264
20210419,0.0,16.12,40.44,24.68,15.77,2.9,6.05,24.25198332,74.75077264
20210420,0.0,26.49,34.62,25.56,9.06,5.15,4.32,24.25198332,74.75077264
20210421,0.0,24.04,38.81,22.62,16.19,5.23,5.81,24.25198332,74.75077264
20210422,0.0,18.61,39.11,22.32,16.8,5.09,9.11,24.25198332,74.75077264
20210423,0.0,22.13,39.41,23.2,16.21,2.73,3.19,24.25198332,74.75077264
20210424,0.0,24.43,37.13,24.05,13.07,3.7,6.56,24.25198332,74.75077264
20210425,0.0,11.63,40.0,22.5,17.5,4.36,5.97,24.25198332,74.75077264
20210426,0.0,8.57,41.85,24.35,17.5,1.93,3.58,24.25198332,74.75077264
20210427,0.0,10.51,42.99,23.27,19.73,1.87,4.92,24.25198332,74.75077264
20210428,0.0,12.78,43.02,24.23,18.8,3.04,4.91,24.25198332,74.75077264
20210429,0.01,16.9,43.0,24.92,18.09,7.46,9.73,24.25198332,74.75077264
20210430,0.0,20.86,42.29,24.97,17.31,4.83,6.98,24.25198332,74.75077264
