Dates,PRECTOT,RH2M,T2M_MAX,T2M_MIN,T2M_RANGE,WS10M_RANGE,WS50M_RANGE,Latitude,Longitude
20100101,0.0,44.86,32.64,17.78,14.85,2.57,4.46,16.25198332,77.25077264
20100102,0.0,49.36,31.52,16.28,15.24,1.99,4.08,16.25198332,77.25077264
20100103,0.0,49.83,32.4,16.43,15.97,2.7,5.3,16.25198332,77.25077264
20100104,0.0,41.22,33.45,15.75,17.7,4.64,7.74,16.25198332,77.25077264
20100105,0.0,42.74,32.75,16.04,16.72,2.35,4.38,16.25198332,77.25077264
20100106,0.0,47.94,31.78,17.09,14.69,2.97,4.77,16.25198332,77.25077264
20100107,0.0,54.77,30.61,15.61,15.01,2.6,3.29,16.25198332,77.25077264
20100108,0.0,52.78,31.4,16.48,14.92,2.59,5.32,16.25198332,77.25077264
20100109,0.01,61.01,30.72,18.03,12.68,1.85,3.43,16.25198332,77.25077264
20100110,0.01,61.85,31.94,21.02,10.92,2.55,2.99,16.25198332,77.25077264
20100111,0.15,59.28,33.59,21.26,12.34,2.86,2.89,16.25198332,77.25077264
20100112,1.01,61.3,33.23,21.43,11.8,4.08,5.63,16.25198332,77.25077264
20100113,9.23,71.72,30.18,22.03,8.14,3.4,5.76,16.25198332,77.25077264
20100114,1.86,74.05,30.58,20.8,9.78,2.35,3.2,16.25198332,77.25077264
20100115,6.03,76.77,28.55,21.18,7.37,2.92,2.47,16.25198332,77.25077264
20100116,0.25,73.07,29.66,19.91,9.75,3.4,2.52,16.25198332,77.25077264
20100117,0.0,69.92,30.07,18.76,11.32,3.33,4.68,16.25198332,77.25077264
20100118,0.0,66.83,29.58,19.34,10.25,3.34,4.48,16.25198332,77.25077264
20100119,0.0,61.79,30.5,17.89,12.61,2.15,5.42,16.25198332,77.25077264
20100120,0.0,40.16,30.97,13.86,17.11,2.3,4.25,16.25198332,77.25077264
20100121,0.0,35.84,30.99,12.09,18.9,1.89,4.7,16.25198332,77.25077264
20100122,0.0,46.07,30.07,12.33,17.74,1.67,4.41,16.25198332,77.25077264
20100123,0.0,51.43,30.46,12.96,17.5,1.94,4.08,16.25198332,77.25077264
20100124,0.0,51.35,30.58,14.02,16.56,2.57,5.72,16.25198332,77.25077264
20100125,0.0,49.19,30.99,14.34,16.65,2.86,4.34,16.25198332,77.25077264
20100126,0.0,45.87,30.73,13.9,16.83,2.64,4.56,16.25198332,77.25077264
20100127,0.0,51.66,30.71,15.35,15.36,2.94,5.38,16.25198332,77.25077264
20100128,0.0,51.24,31.73,17.15,14.58,3.79,6.34,16.25198332,77.25077264
20100129,0.0,49.36,31.82,18.11,13.71,3.61,5.78,16.25198332,77.25077264
20100130,0.0,41.69,32.71,18.21,14.5,3.27,3.61,16.25198332,77.25077264
20100131,0.0,33.94,33.14,15.68,17.46,3.8,5.53,16.25198332,77.25077264
20100201,0.0,42.81,32.94,15.4,17.55,4.24,7.05,16.25198332,77.25077264
20100202,0.0,46.65,33.19,16.58,16.61,3.57,5.99,16.25198332,77.25077264
20100203,0.0,42.84,33.49,16.91,16.58,3.61,6.45,16.25198332,77.25077264
20100204,0.0,38.33,33.29,16.42,16.88,3.24,5.23,16.25198332,77.25077264
20100205,0.0,38.44,33.37,16.2,17.16,3.06,4.95,16.25198332,77.25077264
20100206,0.0,44.24,33.02,15.82,17.19,3.0,5.37,16.25198332,77.25077264
20100207,0.0,47.57,32.89,17.08,15.81,1.89,3.36,16.25198332,77.25077264
20100208,0.0,40.8,34.09,17.49,16.6,1.94,4.26,16.25198332,77.25077264
20100209,0.0,35.62,34.47,16.34,18.13,3.08,6.44,16.25198332,77.25077264
20100210,0.0,39.66,34.62,16.71,17.91,2.83,4.81,16.25198332,77.25077264
20100211,0.0,41.11,35.03,19.98,15.05,3.03,3.69,16.25198332,77.25077264
20100212,0.0,41.5,35.84,20.76,15.08,4.05,6.38,16.25198332,77.25077264
20100213,0.02,38.63,36.42,20.1,16.33,3.85,4.91,16.25198332,77.25077264
20100214,0.04,34.35,37.12,20.61,16.51,3.68,5.49,16.25198332,77.25077264
20100215,0.01,33.92,37.62,20.59,17.03,3.93,4.76,16.25198332,77.25077264
20100216,0.02,36.52,37.06,19.8,17.26,3.84,5.19,16.25198332,77.25077264
20100217,0.02,38.91,37.25,19.1,18.15,3.22,5.82,16.25198332,77.25077264
20100218,0.01,34.56,37.96,20.6,17.36,3.15,5.87,16.25198332,77.25077264
20100219,0.0,29.9,38.08,23.44,14.65,3.83,5.81,16.25198332,77.25077264
20100220,0.0,33.68,38.23,21.91,16.31,3.55,5.42,16.25198332,77.25077264
20100221,0.01,35.97,37.33,23.32,14.01,3.5,5.73,16.25198332,77.25077264
20100222,0.06,35.93,37.83,22.66,15.17,3.49,6.15,16.25198332,77.25077264
20100223,0.11,33.32,38.42,23.71,14.71,4.71,4.63,16.25198332,77.25077264
20100224,0.01,21.28,37.8,23.49,14.31,2.56,4.17,16.25198332,77.25077264
20100225,0.0,17.18,37.59,17.95,19.64,3.57,7.05,16.25198332,77.25077264
20100226,0.0,18.41,37.6,18.99,18.61,2.3,4.08,16.25198332,77.25077264
20100227,0.0,29.53,37.9,20.22,17.68,2.67,6.01,16.25198332,77.25077264
20100228,0.0,25.48,38.36,20.97,17.39,2.11,5.26,16.25198332,77.25077264
20100301,0.0,28.11,38.26,19.39,18.87,2.12,5.22,16.25198332,77.25077264
20100302,0.0,27.11,38.31,20.09,18.21,2.99,5.49,16.25198332,77.25077264
20100303,0.0,26.87,38.36,20.62,17.73,2.97,5.8,16.25198332,77.25077264
20100304,0.0,25.17,39.14,23.05,16.09,2.92,5.58,16.25198332,77.25077264
20100305,0.0,23.7,39.31,23.06,16.25,1.09,1.91,16.25198332,77.25077264
20100306,0.0,24.23,39.46,22.86,16.6,2.62,4.25,16.25198332,77.25077264
20100307,0.0,24.88,39.77,22.67,17.1,3.16,2.75,16.25198332,77.25077264
20100308,0.0,31.17,39.85,23.47,16.38,2.72,4.95,16.25198332,77.25077264
20100309,0.0,29.13,40.3,24.2,16.1,3.88,5.33,16.25198332,77.25077264
20100310,0.0,33.09,39.71,21.97,17.73,3.77,4.91,16.25198332,77.25077264
20100311,0.0,34.3,39.75,23.29,16.46,3.88,5.31,16.25198332,77.25077264
20100312,0.0,32.8,37.47,21.94,15.53,3.59,4.28,16.25198332,77.25077264
20100313,0.0,29.94,37.44,23.19,14.24,3.78,6.54,16.25198332,77.25077264
20100314,0.09,28.67,36.98,24.79,12.19,2.34,2.56,16.25198332,77.25077264
20100315,0.01,19.97,39.92,22.88,17.04,2.42,2.7,16.25198332,77.25077264
20100316,0.0,23.07,40.33,22.98,17.34,4.53,7.23,16.25198332,77.25077264
20100317,0.0,27.93,39.27,23.86,15.41,3.85,6.11,16.25198332,77.25077264
20100318,0.0,27.19,39.18,21.86,17.33,3.51,4.35,16.25198332,77.25077264
20100319,0.0,24.99,39.45,22.08,17.38,3.3,5.69,16.25198332,77.25077264
20100320,0.0,22.32,40.05,22.29,17.76,2.33,4.79,16.25198332,77.25077264
20100321,0.0,18.84,40.82,22.42,18.4,2.62,5.93,16.25198332,77.25077264
20100322,0.0,18.1,40.55,22.34,18.21,2.87,5.86,16.25198332,77.25077264
20100323,0.0,17.91,40.81,21.21,19.6,2.16,4.47,16.25198332,77.25077264
20100324,0.0,21.6,40.97,21.44,19.53,2.84,6.3,16.25198332,77.25077264
20100325,0.0,20.09,40.68,22.32,18.36,3.32,6.38,16.25198332,77.25077264
20100326,0.0,24.35,40.67,22.36,18.31,4.24,6.57,16.25198332,77.25077264
20100327,0.0,31.02,40.08,22.61,17.47,3.59,5.5,16.25198332,77.25077264
20100328,0.0,35.79,40.95,23.55,17.4,3.18,4.05,16.25198332,77.25077264
20100329,0.02,30.27,41.03,25.74,15.29,3.49,5.3,16.25198332,77.25077264
20100330,0.01,29.76,40.9,25.61,15.29,2.78,5.41,16.25198332,77.25077264
20100331,0.0,18.25,41.38,27.79,13.59,4.68,6.93,16.25198332,77.25077264
20100401,0.0,19.22,41.01,22.76,18.24,4.77,6.23,16.25198332,77.25077264
20100402,0.0,17.97,41.55,21.99,19.56,4.38,7.82,16.25198332,77.25077264
20100403,0.0,16.21,41.63,23.03,18.6,2.93,5.95,16.25198332,77.25077264
20100404,0.0,29.31,41.39,25.53,15.86,3.29,5.18,16.25198332,77.25077264
20100405,0.0,25.97,39.8,25.59,14.21,4.14,6.5,16.25198332,77.25077264
20100406,0.0,29.2,37.79,26.3,11.49,3.3,4.14,16.25198332,77.25077264
20100407,0.0,28.56,41.22,26.41,14.81,3.86,6.36,16.25198332,77.25077264
20100408,0.0,27.89,41.08,26.12,14.96,3.5,5.21,16.25198332,77.25077264
20100409,0.0,30.68,40.06,27.97,12.09,2.1,3.56,16.25198332,77.25077264
20100410,0.0,23.81,41.24,27.46,13.77,3.38,4.33,16.25198332,77.25077264
20100411,0.0,21.03,41.74,27.73,14.0,3.74,3.69,16.25198332,77.25077264
20100412,2.69,27.57,40.13,28.56,11.57,3.97,5.51,16.25198332,77.25077264
20100413,0.0,38.46,39.4,27.43,11.97,5.34,7.11,16.25198332,77.25077264
20100414,0.1,29.4,41.94,28.51,13.43,4.07,6.03,16.25198332,77.25077264
20100415,0.02,32.03,42.54,28.04,14.5,5.99,7.07,16.25198332,77.25077264
20100416,0.11,32.99,41.4,27.98,13.42,4.3,6.06,16.25198332,77.25077264
20100417,0.01,32.05,41.09,26.98,14.1,3.09,3.47,16.25198332,77.25077264
20100418,0.02,33.03,41.31,27.78,13.54,4.25,6.69,16.25198332,77.25077264
20100419,0.0,28.51,41.84,29.48,12.36,4.67,5.3,16.25198332,77.25077264
20100420,0.0,22.66,43.28,27.5,15.79,4.36,4.54,16.25198332,77.25077264
20100421,0.0,21.54,42.61,29.25,13.36,4.47,4.27,16.25198332,77.25077264
20100422,0.03,28.57,42.7,27.45,15.24,2.74,5.24,16.25198332,77.25077264
20100423,0.12,31.32,41.59,29.21,12.38,5.11,7.1,16.25198332,77.25077264
20100424,0.04,32.3,41.19,27.42,13.77,3.76,5.09,16.25198332,77.25077264
20100425,0.01,31.65,40.64,28.97,11.67,4.46,6.22,16.25198332,77.25077264
20100426,4.83,34.6,40.26,28.98,11.28,3.21,4.02,16.25198332,77.25077264
20100427,0.06,36.57,41.01,25.38,15.63,3.33,4.5,16.25198332,77.25077264
20100428,0.08,35.29,39.75,27.32,12.43,4.62,5.73,16.25198332,77.25077264
20100429,1.13,36.04,39.25,27.82,11.43,5.07,5.56,16.25198332,77.25077264
20100430,0.66,46.19,35.08,27.21,7.87,2.78,3.85,16.25198332,77.25077264
20100501,0.57,44.62,34.66,25.74,8.92,5.46,6.46,16.25198332,77.25077264
20100502,1.05,37.53,37.03,24.31,12.72,3.52,4.03,16.25198332,77.25077264
20100503,0.08,34.31,39.54,24.97,14.57,2.72,5.67,16.25198332,77.25077264
20100504,0.52,33.22,39.74,27.97,11.77,2.7,5.05,16.25198332,77.25077264
20100505,0.03,33.87,41.07,26.69,14.38,3.6,5.4,16.25198332,77.25077264
20100506,0.0,31.6,42.07,27.61,14.46,4.4,7.4,16.25198332,77.25077264
20100507,0.26,34.94,41.85,29.0,12.85,4.39,6.34,16.25198332,77.25077264
20100508,0.03,34.89,41.08,29.17,11.91,4.0,5.95,16.25198332,77.25077264
20100509,0.01,34.81,41.31,29.7,11.6,3.87,6.42,16.25198332,77.25077264
20100510,0.0,33.84,41.96,30.43,11.54,6.0,7.61,16.25198332,77.25077264
20100511,0.01,31.81,43.46,29.11,14.34,7.92,10.25,16.25198332,77.25077264
20100512,0.06,30.18,42.37,29.1,13.27,5.8,7.86,16.25198332,77.25077264
20100513,0.0,31.62,43.44,27.81,15.63,5.75,7.52,16.25198332,77.25077264
20100514,1.29,32.29,42.97,28.92,14.04,5.21,5.74,16.25198332,77.25077264
20100515,1.39,36.32,41.55,28.66,12.88,4.47,5.48,16.25198332,77.25077264
20100516,0.08,31.8,42.86,29.99,12.87,3.94,5.91,16.25198332,77.25077264
20100517,0.13,35.12,41.84,28.95,12.89,4.91,5.46,16.25198332,77.25077264
20100518,0.8,32.92,41.66,30.29,11.37,5.7,7.19,16.25198332,77.25077264
20100519,1.34,45.4,36.24,28.98,7.27,6.23,8.19,16.25198332,77.25077264
20100520,5.58,50.18,37.58,27.71,9.86,5.03,5.95,16.25198332,77.25077264
20100521,5.11,51.12,39.69,26.87,12.82,5.22,4.8,16.25198332,77.25077264
20100522,9.82,58.72,37.24,26.86,10.38,6.38,7.14,16.25198332,77.25077264
20100523,0.26,55.85,38.73,26.25,12.48,6.73,7.28,16.25198332,77.25077264
20100524,0.02,47.14,40.8,26.34,14.45,6.59,7.27,16.25198332,77.25077264
20100525,0.0,41.54,41.08,26.54,14.54,7.67,8.97,16.25198332,77.25077264
20100526,0.0,40.82,41.39,27.6,13.79,4.95,4.5,16.25198332,77.25077264
20100527,0.0,40.6,42.01,26.32,15.7,6.14,5.12,16.25198332,77.25077264
20100528,0.0,38.94,42.31,27.16,15.15,6.08,7.15,16.25198332,77.25077264
20100529,1.21,41.01,40.46,28.08,12.38,3.66,5.47,16.25198332,77.25077264
20100530,0.7,42.56,40.42,26.77,13.64,8.82,10.67,16.25198332,77.25077264
20100531,0.75,46.56,40.39,26.35,14.04,5.72,7.56,16.25198332,77.25077264
20100601,1.74,44.19,40.5,26.26,14.24,5.53,7.13,16.25198332,77.25077264
20100602,1.2,49.73,37.19,26.43,10.76,3.52,2.35,16.25198332,77.25077264
20100603,0.63,44.17,38.81,26.78,12.03,5.79,6.14,16.25198332,77.25077264
20100604,2.09,43.58,39.39,27.94,11.45,4.1,4.87,16.25198332,77.25077264
20100605,0.0,38.23,39.63,27.05,12.58,5.38,4.69,16.25198332,77.25077264
20100606,0.0,42.47,37.85,27.59,10.26,4.24,5.43,16.25198332,77.25077264
20100607,0.0,43.22,38.91,26.62,12.3,6.38,8.21,16.25198332,77.25077264
20100608,0.12,38.96,39.62,27.3,12.32,5.75,6.77,16.25198332,77.25077264
20100609,0.36,43.53,37.0,28.27,8.73,6.9,8.41,16.25198332,77.25077264
20100610,7.67,51.45,36.12,26.94,9.19,3.28,4.33,16.25198332,77.25077264
20100611,24.79,72.38,31.97,25.15,6.83,3.39,4.79,16.25198332,77.25077264
20100612,9.96,71.64,32.64,24.86,7.78,3.71,4.91,16.25198332,77.25077264
20100613,1.7,72.47,31.96,24.7,7.26,1.62,3.12,16.25198332,77.25077264
20100614,6.63,68.59,33.07,24.9,8.17,3.92,3.27,16.25198332,77.25077264
20100615,1.63,67.83,34.93,23.35,11.58,7.25,7.53,16.25198332,77.25077264
20100616,2.04,63.84,33.83,23.35,10.48,4.95,4.91,16.25198332,77.25077264
20100617,0.95,63.05,34.79,24.32,10.47,6.3,6.22,16.25198332,77.25077264
20100618,4.72,74.31,30.71,23.28,7.43,7.36,7.01,16.25198332,77.25077264
20100619,9.07,68.03,34.53,23.52,11.01,5.19,4.22,16.25198332,77.25077264
20100620,5.02,73.43,31.0,23.86,7.14,4.05,4.1,16.25198332,77.25077264
20100621,0.25,63.74,34.55,23.87,10.69,3.03,3.64,16.25198332,77.25077264
20100622,1.12,65.26,34.08,24.18,9.9,3.41,2.97,16.25198332,77.25077264
20100623,1.52,69.66,33.54,24.56,8.99,2.35,2.23,16.25198332,77.25077264
20100624,0.4,65.19,33.83,23.27,10.56,3.32,2.98,16.25198332,77.25077264
20100625,2.55,63.17,34.45,24.11,10.35,3.97,3.55,16.25198332,77.25077264
20100626,0.11,58.64,35.5,23.11,12.4,3.4,3.37,16.25198332,77.25077264
20100627,0.07,62.62,35.14,23.05,12.08,4.73,4.0,16.25198332,77.25077264
20100628,0.33,60.86,34.54,23.51,11.03,3.2,2.2,16.25198332,77.25077264
20100629,0.14,59.42,35.88,23.47,12.41,3.27,4.31,16.25198332,77.25077264
20100630,0.72,68.05,32.51,24.22,8.29,4.27,3.88,16.25198332,77.25077264
20100701,18.69,74.21,31.21,23.78,7.42,4.0,3.82,16.25198332,77.25077264
20100702,3.57,71.84,30.97,22.22,8.75,5.33,4.96,16.25198332,77.25077264
20100703,1.58,58.93,34.55,21.41,13.14,3.55,4.25,16.25198332,77.25077264
20100704,0.04,61.39,34.9,21.98,12.92,4.31,4.03,16.25198332,77.25077264
20100705,46.74,75.78,30.66,22.52,8.15,3.64,3.59,16.25198332,77.25077264
20100706,9.11,75.41,31.42,22.68,8.75,1.72,2.52,16.25198332,77.25077264
20100707,11.6,79.24,28.76,21.73,7.03,2.87,4.37,16.25198332,77.25077264
20100708,5.17,79.5,28.57,22.63,5.94,5.08,4.34,16.25198332,77.25077264
20100709,0.59,70.31,32.62,21.5,11.12,2.74,3.95,16.25198332,77.25077264
20100710,8.54,72.33,32.49,22.69,9.8,3.47,5.15,16.25198332,77.25077264
20100711,3.96,80.51,29.17,24.18,4.98,3.06,2.13,16.25198332,77.25077264
20100712,0.72,75.94,30.1,23.38,6.73,2.93,2.32,16.25198332,77.25077264
20100713,0.03,66.88,33.12,22.58,10.54,5.19,4.98,16.25198332,77.25077264
20100714,0.72,68.0,30.32,22.21,8.11,5.32,4.75,16.25198332,77.25077264
20100715,3.15,72.83,31.7,21.75,9.95,5.36,5.87,16.25198332,77.25077264
20100716,7.1,74.63,30.92,23.03,7.89,4.13,4.96,16.25198332,77.25077264
20100717,6.24,77.39,30.31,22.34,7.98,3.68,4.43,16.25198332,77.25077264
20100718,0.97,70.29,33.62,22.38,11.24,3.6,3.11,16.25198332,77.25077264
20100719,0.5,72.37,33.18,23.0,10.18,3.03,2.44,16.25198332,77.25077264
20100720,1.42,74.72,31.43,23.85,7.58,5.13,4.55,16.25198332,77.25077264
20100721,23.14,78.57,31.45,23.88,7.57,5.61,5.59,16.25198332,77.25077264
20100722,1.2,79.77,28.84,23.34,5.49,4.43,4.6,16.25198332,77.25077264
20100723,10.14,77.45,31.13,22.79,8.34,4.47,4.08,16.25198332,77.25077264
20100724,5.31,80.03,30.14,22.66,7.48,5.26,5.38,16.25198332,77.25077264
20100725,6.86,82.09,28.47,22.7,5.77,5.54,5.52,16.25198332,77.25077264
20100726,1.24,76.54,29.86,23.09,6.77,6.14,6.21,16.25198332,77.25077264
20100727,3.26,72.32,32.79,22.59,10.2,5.57,5.22,16.25198332,77.25077264
20100728,11.01,79.77,30.53,22.27,8.26,3.79,4.02,16.25198332,77.25077264
20100729,20.54,86.06,27.89,22.94,4.95,3.12,3.35,16.25198332,77.25077264
20100730,6.98,80.73,29.31,22.5,6.81,4.64,4.32,16.25198332,77.25077264
20100731,0.13,77.47,30.95,22.0,8.95,5.03,4.83,16.25198332,77.25077264
20100801,0.05,73.55,32.04,22.8,9.23,4.95,4.82,16.25198332,77.25077264
20100802,0.1,72.68,32.62,22.35,10.26,4.15,3.66,16.25198332,77.25077264
20100803,0.63,78.64,31.22,22.57,8.65,5.62,5.84,16.25198332,77.25077264
20100804,0.09,78.06,29.99,22.73,7.27,3.62,2.95,16.25198332,77.25077264
20100805,0.6,73.23,32.39,22.13,10.26,3.94,2.86,16.25198332,77.25077264
20100806,1.33,78.38,29.94,22.81,7.14,4.33,3.72,16.25198332,77.25077264
20100807,0.99,65.67,32.59,21.4,11.19,6.42,5.15,16.25198332,77.25077264
20100808,0.17,70.76,33.54,20.85,12.69,4.62,4.89,16.25198332,77.25077264
20100809,0.01,67.83,33.87,22.27,11.6,3.91,3.8,16.25198332,77.25077264
20100810,0.03,68.33,33.51,21.86,11.65,5.47,4.95,16.25198332,77.25077264
20100811,0.03,76.28,29.95,23.63,6.31,5.64,6.02,16.25198332,77.25077264
20100812,15.75,82.85,29.23,24.08,5.16,4.0,3.3,16.25198332,77.25077264
20100813,15.82,83.11,29.14,23.59,5.55,2.77,1.74,16.25198332,77.25077264
20100814,2.38,74.63,32.59,22.17,10.41,2.96,1.3,16.25198332,77.25077264
20100815,10.2,79.59,30.62,23.14,7.48,2.47,4.15,16.25198332,77.25077264
20100816,1.73,82.61,29.76,23.39,6.37,1.13,2.34,16.25198332,77.25077264
20100817,10.71,82.15,30.52,23.05,7.46,3.17,3.97,16.25198332,77.25077264
20100818,1.35,77.95,30.86,22.97,7.89,5.37,4.09,16.25198332,77.25077264
20100819,1.9,80.56,30.4,22.57,7.83,4.25,2.94,16.25198332,77.25077264
20100820,7.57,88.83,28.07,23.52,4.55,3.74,5.2,16.25198332,77.25077264
20100821,9.47,83.37,29.71,23.05,6.67,2.44,3.41,16.25198332,77.25077264
20100822,5.48,81.04,30.69,21.91,8.78,3.41,2.61,16.25198332,77.25077264
20100823,15.89,85.25,28.86,23.06,5.8,3.81,2.66,16.25198332,77.25077264
20100824,11.96,87.48,29.2,23.43,5.77,2.62,2.56,16.25198332,77.25077264
20100825,16.61,89.37,27.12,23.07,4.05,1.92,2.74,16.25198332,77.25077264
20100826,10.59,86.84,28.6,22.51,6.09,4.59,4.52,16.25198332,77.25077264
20100827,1.33,84.0,29.4,21.63,7.76,2.69,3.32,16.25198332,77.25077264
20100828,0.54,76.28,32.01,22.09,9.92,4.06,4.13,16.25198332,77.25077264
20100829,10.44,83.33,29.96,22.68,7.28,3.53,3.01,16.25198332,77.25077264
20100830,5.79,85.52,28.02,22.37,5.65,3.24,2.59,16.25198332,77.25077264
20100831,0.47,80.87,29.37,21.73,7.64,5.75,5.72,16.25198332,77.25077264
20100901,0.11,77.72,31.35,19.96,11.38,4.95,4.76,16.25198332,77.25077264
20100902,22.17,82.82,30.34,21.54,8.8,5.18,4.09,16.25198332,77.25077264
20100903,11.18,84.92,28.76,22.33,6.43,4.39,3.62,16.25198332,77.25077264
20100904,1.78,83.5,29.23,22.1,7.13,4.14,4.42,16.25198332,77.25077264
20100905,3.55,82.33,29.75,22.14,7.6,4.15,3.47,16.25198332,77.25077264
20100906,13.2,83.78,29.26,22.23,7.03,4.06,3.98,16.25198332,77.25077264
20100907,5.86,84.44,29.41,22.17,7.24,5.1,4.86,16.25198332,77.25077264
20100908,1.49,80.51,30.58,22.29,8.29,4.22,3.92,16.25198332,77.25077264
20100909,0.58,80.14,31.1,21.97,9.12,3.03,2.87,16.25198332,77.25077264
20100910,0.05,80.83,30.8,21.69,9.11,2.89,3.32,16.25198332,77.25077264
20100911,7.01,84.6,28.66,22.07,6.59,2.39,3.28,16.25198332,77.25077264
20100912,6.35,84.28,27.93,22.51,5.42,3.09,4.25,16.25198332,77.25077264
20100913,0.63,81.47,29.01,22.18,6.82,3.09,3.54,16.25198332,77.25077264
20100914,2.68,82.58,28.69,21.87,6.82,3.23,3.55,16.25198332,77.25077264
20100915,17.86,88.94,27.44,22.41,5.03,4.53,5.23,16.25198332,77.25077264
20100916,12.78,87.21,28.07,22.39,5.68,5.89,6.52,16.25198332,77.25077264
20100917,6.52,86.14,28.2,22.41,5.79,3.29,1.84,16.25198332,77.25077264
20100918,0.46,83.09,29.73,21.96,7.77,4.44,4.69,16.25198332,77.25077264
20100919,0.01,81.49,29.57,21.93,7.65,4.27,4.7,16.25198332,77.25077264
20100920,0.0,82.61,29.75,21.12,8.64,3.08,4.51,16.25198332,77.25077264
20100921,3.73,78.37,31.05,21.25,9.79,2.29,3.1,16.25198332,77.25077264
20100922,3.87,81.4,30.61,22.44,8.17,1.27,3.57,16.25198332,77.25077264
20100923,2.57,82.86,29.98,22.66,7.33,2.26,4.06,16.25198332,77.25077264
20100924,4.76,83.52,29.65,22.87,6.78,1.32,2.15,16.25198332,77.25077264
20100925,3.91,81.64,30.15,21.99,8.16,1.69,3.72,16.25198332,77.25077264
20100926,8.73,84.04,29.63,22.85,6.78,2.0,3.98,16.25198332,77.25077264
20100927,3.12,84.29,29.59,21.99,7.6,2.74,2.83,16.25198332,77.25077264
20100928,0.05,84.03,30.05,22.77,7.28,2.6,1.08,16.25198332,77.25077264
20100929,2.36,81.56,28.8,22.53,6.28,2.47,2.93,16.25198332,77.25077264
20100930,1.06,80.27,30.13,20.9,9.22,1.99,2.02,16.25198332,77.25077264
20101001,0.12,81.32,29.8,21.22,8.58,2.04,1.46,16.25198332,77.25077264
20101002,0.31,83.07,29.71,21.88,7.83,1.95,2.9,16.25198332,77.25077264
20101003,0.43,83.16,30.07,22.25,7.82,2.17,3.29,16.25198332,77.25077264
20101004,1.72,80.24,29.65,22.56,7.09,2.19,4.25,16.25198332,77.25077264
20101005,2.23,83.26,29.96,22.25,7.71,2.27,5.24,16.25198332,77.25077264
20101006,1.71,84.48,29.79,22.91,6.88,3.32,2.51,16.25198332,77.25077264
20101007,0.74,74.83,31.75,21.24,10.51,2.81,2.5,16.25198332,77.25077264
20101008,0.0,79.71,30.23,19.52,10.71,3.26,3.38,16.25198332,77.25077264
20101009,0.0,73.54,31.86,22.42,9.44,2.16,2.03,16.25198332,77.25077264
20101010,0.0,74.57,31.54,21.37,10.16,2.19,2.44,16.25198332,77.25077264
20101011,0.06,80.3,28.6,22.77,5.83,3.99,4.63,16.25198332,77.25077264
20101012,0.03,74.28,31.06,20.15,10.92,2.83,3.33,16.25198332,77.25077264
20101013,1.33,72.52,31.66,21.23,10.43,2.26,3.76,16.25198332,77.25077264
20101014,0.11,68.06,31.74,19.53,12.22,1.34,3.32,16.25198332,77.25077264
20101015,0.02,72.0,31.28,20.39,10.89,2.56,2.63,16.25198332,77.25077264
20101016,5.06,77.7,30.18,20.67,9.51,4.58,3.73,16.25198332,77.25077264
20101017,4.29,77.64,30.97,21.73,9.24,3.05,2.32,16.25198332,77.25077264
20101018,5.13,81.53,29.23,21.58,7.65,5.46,5.58,16.25198332,77.25077264
20101019,1.58,78.39,30.3,21.41,8.89,2.19,2.89,16.25198332,77.25077264
20101020,0.21,77.4,30.51,22.19,8.31,2.36,3.12,16.25198332,77.25077264
20101021,0.09,77.43,30.83,22.7,8.12,2.24,3.05,16.25198332,77.25077264
20101022,0.87,75.23,32.63,22.67,9.96,2.73,3.01,16.25198332,77.25077264
20101023,7.83,81.23,29.99,22.28,7.71,2.96,2.13,16.25198332,77.25077264
20101024,3.36,79.07,29.39,21.77,7.62,1.38,2.57,16.25198332,77.25077264
20101025,0.51,76.65,30.9,21.45,9.45,1.92,3.35,16.25198332,77.25077264
20101026,0.0,77.39,31.19,20.55,10.64,2.82,3.73,16.25198332,77.25077264
20101027,0.0,74.98,31.35,20.19,11.16,2.28,3.61,16.25198332,77.25077264
20101028,0.03,67.1,30.62,16.53,14.08,3.15,3.35,16.25198332,77.25077264
20101029,1.01,74.83,30.16,17.23,12.92,2.29,2.2,16.25198332,77.25077264
20101030,2.59,80.69,27.95,20.09,7.87,3.34,2.21,16.25198332,77.25077264
20101031,2.37,80.32,28.36,20.47,7.89,3.78,3.05,16.25198332,77.25077264
20101101,1.0,82.98,27.47,20.45,7.02,4.37,3.91,16.25198332,77.25077264
20101102,4.73,81.4,29.62,20.19,9.43,3.53,2.39,16.25198332,77.25077264
20101103,3.92,85.62,27.96,21.68,6.29,3.55,2.11,16.25198332,77.25077264
20101104,3.8,80.66,29.87,21.43,8.45,2.69,1.06,16.25198332,77.25077264
20101105,0.48,79.95,29.76,21.29,8.47,2.07,1.38,16.25198332,77.25077264
20101106,0.08,76.58,30.24,20.3,9.94,3.72,4.75,16.25198332,77.25077264
20101107,5.63,80.91,28.89,18.09,10.8,2.97,4.45,16.25198332,77.25077264
20101108,7.22,83.99,28.68,21.69,6.98,5.88,6.81,16.25198332,77.25077264
20101109,1.23,81.01,30.31,21.79,8.52,4.59,3.52,16.25198332,77.25077264
20101110,0.09,78.27,30.93,22.43,8.5,2.11,2.27,16.25198332,77.25077264
20101111,0.6,78.0,30.26,20.88,9.39,1.2,3.0,16.25198332,77.25077264
20101112,2.72,76.16,31.46,21.11,10.35,1.75,4.19,16.25198332,77.25077264
20101113,1.55,76.01,31.38,21.68,9.71,1.09,3.67,16.25198332,77.25077264
20101114,2.63,77.1,31.51,21.44,10.07,1.97,2.86,16.25198332,77.25077264
20101115,0.73,83.41,27.65,21.49,6.16,3.41,3.43,16.25198332,77.25077264
20101116,0.99,73.58,30.47,19.86,10.61,2.88,3.29,16.25198332,77.25077264
20101117,2.41,83.4,28.22,21.41,6.81,5.19,4.46,16.25198332,77.25077264
20101118,1.14,77.46,30.46,21.59,8.86,3.33,1.74,16.25198332,77.25077264
20101119,0.03,74.31,31.49,20.24,11.25,1.54,2.63,16.25198332,77.25077264
20101120,0.32,73.88,31.54,20.39,11.15,1.6,3.94,16.25198332,77.25077264
20101121,2.45,72.83,31.38,20.65,10.73,2.39,3.27,16.25198332,77.25077264
20101122,0.11,66.92,31.68,19.19,12.49,2.32,4.04,16.25198332,77.25077264
20101123,0.28,70.72,31.49,18.76,12.74,3.12,3.37,16.25198332,77.25077264
20101124,0.01,69.96,31.58,19.54,12.04,3.15,4.41,16.25198332,77.25077264
20101125,0.0,71.95,31.7,20.98,10.72,3.16,4.41,16.25198332,77.25077264
20101126,0.0,63.92,31.79,18.99,12.8,2.98,4.58,16.25198332,77.25077264
20101127,0.0,74.18,27.19,17.8,9.4,2.02,2.67,16.25198332,77.25077264
20101128,0.0,69.45,31.46,17.2,14.25,2.36,3.55,16.25198332,77.25077264
20101129,0.0,69.57,31.42,19.27,12.15,2.6,3.5,16.25198332,77.25077264
20101130,0.0,67.31,31.68,18.5,13.18,3.93,4.04,16.25198332,77.25077264
20101201,0.0,69.24,31.24,17.53,13.71,3.57,4.45,16.25198332,77.25077264
20101202,0.0,72.06,31.34,18.82,12.52,3.14,2.92,16.25198332,77.25077264
20101203,0.0,67.12,30.98,20.08,10.91,3.06,3.54,16.25198332,77.25077264
20101204,0.0,65.87,30.59,18.19,12.4,3.42,4.5,16.25198332,77.25077264
20101205,0.0,63.51,29.62,16.05,13.57,3.8,3.29,16.25198332,77.25077264
20101206,0.27,63.96,29.52,16.01,13.51,3.7,3.45,16.25198332,77.25077264
20101207,3.49,79.69,26.93,18.27,8.66,4.01,3.79,16.25198332,77.25077264
20101208,0.29,79.28,27.87,19.08,8.79,3.34,2.12,16.25198332,77.25077264
20101209,0.05,70.59,31.51,18.9,12.61,1.93,3.45,16.25198332,77.25077264
20101210,0.85,69.55,31.31,19.58,11.73,1.97,4.6,16.25198332,77.25077264
20101211,0.23,67.62,31.41,19.96,11.46,2.73,3.69,16.25198332,77.25077264
20101212,0.01,59.22,30.45,17.63,12.82,3.92,4.72,16.25198332,77.25077264
20101213,0.0,59.14,30.06,15.51,14.56,2.33,3.52,16.25198332,77.25077264
20101214,0.0,63.89,30.51,16.5,14.01,2.03,3.84,16.25198332,77.25077264
20101215,0.0,58.33,30.3,15.88,14.42,2.53,3.72,16.25198332,77.25077264
20101216,0.0,53.18,30.19,14.37,15.82,1.9,4.29,16.25198332,77.25077264
20101217,0.0,55.15,30.43,16.17,14.26,2.43,5.78,16.25198332,77.25077264
20101218,0.0,45.7,30.15,14.11,16.05,2.27,5.1,16.25198332,77.25077264
20101219,0.0,49.67,29.44,10.96,18.48,3.28,5.36,16.25198332,77.25077264
20101220,0.0,47.44,30.39,11.78,18.6,2.21,5.02,16.25198332,77.25077264
20101221,0.0,40.72,30.87,10.64,20.23,1.58,5.71,16.25198332,77.25077264
20101222,0.0,41.18,30.82,11.42,19.4,3.1,6.9,16.25198332,77.25077264
20101223,0.0,45.24,31.21,10.87,20.33,2.42,6.07,16.25198332,77.25077264
20101224,0.0,49.89,31.18,13.5,17.68,2.19,5.07,16.25198332,77.25077264
20101225,0.0,48.58,30.73,12.93,17.8,2.27,5.52,16.25198332,77.25077264
20101226,0.0,51.59,30.6,13.53,17.07,3.27,5.87,16.25198332,77.25077264
20101227,0.0,52.52,30.51,14.06,16.45,3.74,5.35,16.25198332,77.25077264
20101228,0.0,50.48,30.45,14.05,16.41,2.91,4.47,16.25198332,77.25077264
20101229,0.0,51.0,30.61,15.29,15.32,3.11,4.94,16.25198332,77.25077264
20101230,0.0,58.88,31.31,17.32,13.99,2.65,4.25,16.25198332,77.25077264
20101231,0.0,57.74,30.81,17.29,13.52,3.0,4.88,16.25198332,77.25077264
20110101,0.0,55.64,31.86,17.01,14.85,4.76,6.71,16.25198332,77.25077264
20110102,0.0,54.97,31.99,17.82,14.17,3.13,5.0,16.25198332,77.25077264
20110103,0.0,57.37,32.02,18.14,13.88,2.84,3.51,16.25198332,77.25077264
20110104,0.0,64.01,30.67,19.93,10.74,3.38,2.43,16.25198332,77.25077264
20110105,0.0,55.02,31.03,18.82,12.22,2.99,3.94,16.25198332,77.25077264
20110106,0.0,43.09,30.96,14.82,16.15,2.65,5.46,16.25198332,77.25077264
20110107,0.0,40.08,31.49,12.94,18.54,3.36,5.92,16.25198332,77.25077264
20110108,0.0,41.11,32.48,13.29,19.18,2.78,6.34,16.25198332,77.25077264
20110109,0.0,42.24,32.4,14.35,18.06,2.3,5.91,16.25198332,77.25077264
20110110,0.0,28.28,31.92,12.94,18.97,2.63,5.78,16.25198332,77.25077264
20110111,0.0,25.69,32.05,12.04,20.01,2.82,6.61,16.25198332,77.25077264
20110112,0.0,31.57,32.21,12.2,20.01,2.74,6.98,16.25198332,77.25077264
20110113,0.0,35.57,32.57,12.76,19.82,3.67,7.76,16.25198332,77.25077264
20110114,0.0,40.26,32.64,13.19,19.44,3.0,6.73,16.25198332,77.25077264
20110115,0.0,43.42,32.87,13.36,19.5,2.83,5.59,16.25198332,77.25077264
20110116,0.0,42.57,33.37,14.74,18.63,1.89,4.47,16.25198332,77.25077264
20110117,0.0,41.03,32.98,14.25,18.73,2.16,5.51,16.25198332,77.25077264
20110118,0.0,33.11,33.35,14.42,18.94,1.77,4.51,16.25198332,77.25077264
20110119,0.0,34.79,33.91,13.3,20.61,2.61,5.98,16.25198332,77.25077264
20110120,0.0,39.47,34.99,14.87,20.12,3.68,7.67,16.25198332,77.25077264
20110121,0.0,37.05,33.65,14.77,18.88,3.38,6.99,16.25198332,77.25077264
20110122,0.0,39.68,33.62,14.47,19.15,3.03,6.48,16.25198332,77.25077264
20110123,0.0,46.09,33.26,15.99,17.27,3.13,5.31,16.25198332,77.25077264
20110124,0.0,46.94,33.05,15.7,17.36,3.01,4.53,16.25198332,77.25077264
20110125,0.0,45.43,33.16,14.99,18.17,3.05,5.34,16.25198332,77.25077264
20110126,0.0,44.62,33.64,15.02,18.62,3.61,4.82,16.25198332,77.25077264
20110127,0.0,42.05,33.76,15.34,18.42,3.42,5.27,16.25198332,77.25077264
20110128,0.0,39.19,33.71,15.44,18.28,3.1,5.91,16.25198332,77.25077264
20110129,0.0,39.51,34.0,15.9,18.1,3.94,7.18,16.25198332,77.25077264
20110130,0.0,42.47,33.81,16.83,16.97,2.73,4.76,16.25198332,77.25077264
20110131,0.0,43.83,33.64,16.5,17.14,2.72,4.4,16.25198332,77.25077264
20110201,0.0,41.23,33.54,16.64,16.91,2.91,5.03,16.25198332,77.25077264
20110202,0.0,43.51,33.35,16.25,17.1,2.8,5.21,16.25198332,77.25077264
20110203,0.0,43.86,33.35,16.33,17.03,3.15,5.41,16.25198332,77.25077264
20110204,0.0,43.94,32.93,16.63,16.31,1.7,4.03,16.25198332,77.25077264
20110205,0.0,40.72,34.56,15.95,18.61,2.79,5.92,16.25198332,77.25077264
20110206,0.0,42.75,34.33,16.06,18.28,2.6,4.18,16.25198332,77.25077264
20110207,0.0,40.08,33.97,15.88,18.1,2.32,4.47,16.25198332,77.25077264
20110208,0.0,34.33,34.73,15.22,19.52,2.36,5.87,16.25198332,77.25077264
20110209,0.0,26.85,34.66,14.53,20.13,2.63,6.13,16.25198332,77.25077264
20110210,0.0,27.91,34.67,14.68,19.99,2.81,6.25,16.25198332,77.25077264
20110211,0.0,31.16,34.54,16.0,18.55,2.54,4.27,16.25198332,77.25077264
20110212,0.0,32.01,34.49,15.68,18.81,2.98,5.59,16.25198332,77.25077264
20110213,0.0,29.63,34.64,15.99,18.66,3.58,6.86,16.25198332,77.25077264
20110214,0.0,27.56,34.53,15.94,18.59,3.55,6.47,16.25198332,77.25077264
20110215,0.0,33.08,34.39,15.42,18.97,4.28,7.09,16.25198332,77.25077264
20110216,0.0,45.87,33.02,19.26,13.77,2.58,4.56,16.25198332,77.25077264
20110217,0.0,38.26,34.24,19.11,15.13,3.39,5.29,16.25198332,77.25077264
20110218,1.92,36.56,35.71,20.95,14.76,2.88,3.01,16.25198332,77.25077264
20110219,0.97,42.59,34.97,18.89,16.08,2.25,3.61,16.25198332,77.25077264
20110220,0.0,38.54,35.83,20.64,15.19,2.23,2.76,16.25198332,77.25077264
20110221,0.0,29.69,36.08,18.77,17.31,4.32,7.2,16.25198332,77.25077264
20110222,0.0,50.73,34.51,21.13,13.38,3.64,4.86,16.25198332,77.25077264
20110223,1.19,51.25,33.61,21.13,12.48,3.76,5.69,16.25198332,77.25077264
20110224,0.17,50.54,34.06,20.74,13.31,4.4,6.48,16.25198332,77.25077264
20110225,0.1,47.02,34.37,21.72,12.65,5.0,6.45,16.25198332,77.25077264
20110226,0.21,48.3,34.19,22.53,11.65,3.84,5.76,16.25198332,77.25077264
20110227,0.0,39.94,35.39,20.93,14.47,2.84,3.81,16.25198332,77.25077264
20110228,0.0,39.36,34.94,19.95,15.0,3.76,4.4,16.25198332,77.25077264
20110301,0.0,40.47,35.4,19.68,15.72,4.26,3.9,16.25198332,77.25077264
20110302,0.0,38.63,36.21,21.12,15.09,3.28,4.94,16.25198332,77.25077264
20110303,0.0,33.32,37.12,20.43,16.69,4.4,5.47,16.25198332,77.25077264
20110304,0.0,27.64,37.81,19.74,18.07,3.47,6.12,16.25198332,77.25077264
20110305,0.0,24.95,38.59,19.48,19.11,3.86,7.14,16.25198332,77.25077264
20110306,0.0,22.22,39.05,18.81,20.24,4.05,7.64,16.25198332,77.25077264
20110307,0.0,20.58,39.33,19.73,19.59,2.81,6.32,16.25198332,77.25077264
20110308,0.0,22.44,39.53,20.62,18.92,2.88,6.4,16.25198332,77.25077264
20110309,0.0,23.48,39.19,22.53,16.65,4.66,8.12,16.25198332,77.25077264
20110310,0.0,24.41,39.1,22.1,17.0,4.2,6.64,16.25198332,77.25077264
20110311,0.0,23.65,38.55,20.9,17.65,3.68,6.47,16.25198332,77.25077264
20110312,0.0,31.99,37.43,19.81,17.63,3.65,5.91,16.25198332,77.25077264
20110313,0.0,34.37,37.87,20.95,16.91,2.62,4.61,16.25198332,77.25077264
20110314,0.0,33.93,37.47,21.02,16.45,3.71,6.29,16.25198332,77.25077264
20110315,0.0,30.65,38.5,21.14,17.36,2.2,3.99,16.25198332,77.25077264
20110316,0.0,28.57,38.25,20.19,18.07,3.49,5.33,16.25198332,77.25077264
20110317,0.0,31.01,37.79,20.39,17.4,3.73,5.16,16.25198332,77.25077264
20110318,0.0,25.19,38.0,18.53,19.47,2.96,5.92,16.25198332,77.25077264
20110319,0.0,25.52,38.53,19.25,19.28,2.79,5.72,16.25198332,77.25077264
20110320,0.0,22.1,39.46,19.68,19.78,3.37,7.07,16.25198332,77.25077264
20110321,0.0,24.28,39.17,20.08,19.1,3.86,7.04,16.25198332,77.25077264
20110322,0.0,24.34,39.62,21.27,18.35,3.36,6.91,16.25198332,77.25077264
20110323,0.0,27.74,39.68,22.89,16.79,4.01,5.7,16.25198332,77.25077264
20110324,0.02,24.57,38.92,24.37,14.55,4.61,4.63,16.25198332,77.25077264
20110325,0.0,28.83,39.1,22.52,16.58,3.95,5.44,16.25198332,77.25077264
20110326,0.2,34.28,38.01,24.86,13.15,3.17,3.78,16.25198332,77.25077264
20110327,0.0,26.49,39.47,22.87,16.6,1.59,2.82,16.25198332,77.25077264
20110328,0.0,23.96,39.64,23.04,16.6,2.49,4.84,16.25198332,77.25077264
20110329,0.0,26.64,39.83,21.56,18.26,3.49,5.77,16.25198332,77.25077264
20110330,0.0,22.51,40.28,23.29,17.0,3.01,5.98,16.25198332,77.25077264
20110331,0.0,16.18,40.91,21.91,19.0,3.1,3.55,16.25198332,77.25077264
20110401,0.0,17.07,39.59,22.34,17.25,1.66,3.42,16.25198332,77.25077264
20110402,0.0,13.38,40.14,22.35,17.79,1.78,2.2,16.25198332,77.25077264
20110403,0.0,17.36,40.01,21.31,18.7,3.19,6.24,16.25198332,77.25077264
20110404,0.0,21.42,39.33,20.77,18.56,3.6,6.25,16.25198332,77.25077264
20110405,0.0,20.62,39.31,21.05,18.26,4.58,7.49,16.25198332,77.25077264
20110406,0.0,25.06,39.0,22.33,16.68,5.66,8.36,16.25198332,77.25077264
20110407,0.17,32.87,38.86,25.52,13.34,4.01,4.7,16.25198332,77.25077264
20110408,0.19,32.2,39.09,23.68,15.4,3.12,5.36,16.25198332,77.25077264
20110409,0.3,44.91,32.23,25.93,6.29,2.84,5.01,16.25198332,77.25077264
20110410,0.06,33.97,38.63,23.78,14.85,4.23,6.2,16.25198332,77.25077264
20110411,0.0,30.57,39.83,22.76,17.07,3.19,4.88,16.25198332,77.25077264
20110412,0.03,26.82,40.35,24.65,15.7,3.07,4.92,16.25198332,77.25077264
20110413,0.47,27.8,40.6,26.45,14.16,2.96,4.28,16.25198332,77.25077264
20110414,1.37,31.3,39.9,25.63,14.28,3.12,5.04,16.25198332,77.25077264
20110415,3.83,38.38,37.89,25.88,12.01,3.68,6.08,16.25198332,77.25077264
20110416,0.03,48.33,34.18,26.28,7.9,2.87,3.34,16.25198332,77.25077264
20110417,0.17,44.96,35.07,24.69,10.37,3.23,5.45,16.25198332,77.25077264
20110418,0.0,36.76,37.9,25.18,12.72,1.23,2.43,16.25198332,77.25077264
20110419,0.6,38.13,38.25,25.77,12.48,3.59,6.11,16.25198332,77.25077264
20110420,0.38,44.59,36.09,26.25,9.84,3.06,5.28,16.25198332,77.25077264
20110421,0.7,44.87,36.42,25.68,10.73,2.64,2.65,16.25198332,77.25077264
20110422,1.22,50.29,35.45,25.89,9.56,5.7,7.51,16.25198332,77.25077264
20110423,0.31,45.18,37.57,23.56,14.0,4.6,6.33,16.25198332,77.25077264
20110424,0.36,43.77,37.31,25.18,12.12,4.12,5.43,16.25198332,77.25077264
20110425,0.01,40.05,39.37,24.78,14.59,4.58,6.24,16.25198332,77.25077264
20110426,0.0,40.2,39.83,24.43,15.4,4.59,5.51,16.25198332,77.25077264
20110427,0.0,35.19,40.28,24.93,15.36,5.08,6.66,16.25198332,77.25077264
20110428,0.69,33.43,41.26,26.4,14.87,5.92,7.59,16.25198332,77.25077264
20110429,0.09,32.4,41.95,25.57,16.37,5.93,7.79,16.25198332,77.25077264
20110430,0.38,37.99,40.4,27.06,13.34,2.64,4.19,16.25198332,77.25077264
20110501,0.11,33.35,41.16,28.21,12.94,2.64,3.98,16.25198332,77.25077264
20110502,0.96,37.76,39.23,28.64,10.59,3.2,3.95,16.25198332,77.25077264
20110503,0.05,30.7,42.09,26.97,15.12,5.3,6.1,16.25198332,77.25077264
20110504,0.0,22.0,42.56,28.15,14.41,3.48,3.13,16.25198332,77.25077264
20110505,0.0,19.32,41.95,26.19,15.76,4.44,3.2,16.25198332,77.25077264
20110506,0.0,23.57,42.1,26.14,15.95,4.57,5.34,16.25198332,77.25077264
20110507,0.0,29.01,40.95,26.45,14.5,6.14,5.6,16.25198332,77.25077264
20110508,0.0,29.9,40.26,24.13,16.13,5.11,6.0,16.25198332,77.25077264
20110509,0.01,32.69,41.19,24.96,16.23,6.01,6.39,16.25198332,77.25077264
20110510,0.2,38.86,38.46,27.27,11.19,5.81,7.2,16.25198332,77.25077264
20110511,0.0,31.34,40.0,27.48,12.52,3.75,3.87,16.25198332,77.25077264
20110512,0.0,23.85,41.96,27.07,14.89,6.81,7.93,16.25198332,77.25077264
20110513,0.0,26.09,42.13,27.91,14.22,5.2,5.93,16.25198332,77.25077264
20110514,0.78,25.79,42.64,27.86,14.77,5.4,6.7,16.25198332,77.25077264
20110515,0.47,33.85,41.39,27.53,13.86,4.88,6.46,16.25198332,77.25077264
20110516,0.2,35.47,39.52,28.14,11.37,4.77,5.74,16.25198332,77.25077264
20110517,0.49,36.28,38.7,29.16,9.54,4.24,5.86,16.25198332,77.25077264
20110518,0.01,37.38,38.31,26.69,11.62,3.75,5.26,16.25198332,77.25077264
20110519,3.18,39.4,39.88,27.07,12.8,4.78,6.33,16.25198332,77.25077264
20110520,0.41,33.04,40.61,26.58,14.02,5.01,6.33,16.25198332,77.25077264
20110521,0.0,32.54,41.6,25.9,15.7,6.22,6.99,16.25198332,77.25077264
20110522,0.15,37.63,41.0,25.72,15.27,7.22,8.87,16.25198332,77.25077264
20110523,0.03,38.33,40.44,27.15,13.3,6.79,8.49,16.25198332,77.25077264
20110524,0.09,37.42,39.81,29.19,10.62,4.86,5.39,16.25198332,77.25077264
20110525,6.84,48.92,36.73,26.65,10.08,4.93,5.51,16.25198332,77.25077264
20110526,2.1,54.22,37.14,25.46,11.68,3.47,3.92,16.25198332,77.25077264
20110527,13.16,55.56,36.87,26.2,10.68,3.67,4.97,16.25198332,77.25077264
20110528,0.3,69.37,30.44,25.42,5.02,4.58,5.24,16.25198332,77.25077264
20110529,3.06,54.19,39.01,25.14,13.86,6.55,6.77,16.25198332,77.25077264
20110530,2.06,55.23,38.31,26.34,11.96,4.15,5.55,16.25198332,77.25077264
20110531,0.77,61.9,35.03,25.84,9.19,3.3,4.83,16.25198332,77.25077264
20110601,13.85,72.62,29.57,25.12,4.45,5.36,6.22,16.25198332,77.25077264
20110602,4.97,68.73,33.65,23.97,9.68,3.73,5.64,16.25198332,77.25077264
20110603,0.34,64.35,34.65,23.7,10.95,3.12,3.22,16.25198332,77.25077264
20110604,4.7,66.46,34.22,24.16,10.05,3.17,2.7,16.25198332,77.25077264
20110605,0.67,63.06,35.27,23.87,11.4,3.36,3.38,16.25198332,77.25077264
20110606,0.88,60.24,36.25,23.65,12.6,5.42,6.94,16.25198332,77.25077264
20110607,1.05,58.9,33.02,23.93,9.09,4.45,5.04,16.25198332,77.25077264
20110608,0.14,64.66,33.62,23.4,10.22,4.53,4.21,16.25198332,77.25077264
20110609,0.0,59.61,36.09,23.94,12.15,4.75,5.59,16.25198332,77.25077264
20110610,0.0,61.49,34.45,24.41,10.04,5.61,5.51,16.25198332,77.25077264
20110611,0.0,60.46,33.9,23.47,10.43,5.37,5.41,16.25198332,77.25077264
20110612,0.0,64.52,32.35,22.99,9.36,4.8,4.73,16.25198332,77.25077264
20110613,0.03,60.2,35.08,24.05,11.03,6.07,6.02,16.25198332,77.25077264
20110614,0.03,57.17,36.51,23.88,12.63,7.12,7.86,16.25198332,77.25077264
20110615,0.27,51.28,34.09,23.17,10.92,3.33,3.82,16.25198332,77.25077264
20110616,0.18,50.45,33.24,23.34,9.9,4.95,5.27,16.25198332,77.25077264
20110617,0.19,56.79,34.36,23.34,11.02,4.75,5.06,16.25198332,77.25077264
20110618,0.66,55.6,35.49,25.27,10.22,4.21,4.16,16.25198332,77.25077264
20110619,0.01,51.79,37.59,24.2,13.39,3.26,3.48,16.25198332,77.25077264
20110620,0.55,55.18,35.33,24.68,10.65,3.88,4.16,16.25198332,77.25077264
20110621,0.15,53.64,35.73,24.36,11.37,3.79,3.79,16.25198332,77.25077264
20110622,0.1,54.7,36.04,24.91,11.13,5.41,6.04,16.25198332,77.25077264
20110623,1.29,53.8,36.15,25.4,10.76,2.74,3.01,16.25198332,77.25077264
20110624,3.28,51.3,38.11,25.03,13.08,3.34,3.59,16.25198332,77.25077264
20110625,4.46,61.66,33.19,24.96,8.23,5.13,4.33,16.25198332,77.25077264
20110626,1.21,62.12,32.21,24.15,8.07,6.71,6.28,16.25198332,77.25077264
20110627,4.88,61.33,33.99,23.52,10.48,6.09,6.6,16.25198332,77.25077264
20110628,0.13,62.89,34.22,23.09,11.13,4.44,4.61,16.25198332,77.25077264
20110629,0.0,58.43,34.66,24.16,10.5,5.31,4.47,16.25198332,77.25077264
20110630,0.01,57.25,35.57,23.84,11.72,3.72,3.18,16.25198332,77.25077264
20110701,6.09,60.48,34.21,24.87,9.34,1.85,2.41,16.25198332,77.25077264
20110702,2.94,69.93,30.36,23.77,6.59,1.34,2.28,16.25198332,77.25077264
20110703,1.91,63.92,31.04,22.67,8.37,3.87,3.02,16.25198332,77.25077264
20110704,2.51,61.02,34.3,23.16,11.14,4.72,4.0,16.25198332,77.25077264
20110705,14.12,72.04,28.99,22.83,6.16,3.11,3.03,16.25198332,77.25077264
20110706,1.96,66.51,31.23,21.94,9.29,3.89,2.44,16.25198332,77.25077264
20110707,0.89,59.61,34.9,21.35,13.55,2.72,3.41,16.25198332,77.25077264
20110708,0.22,56.67,35.37,22.35,13.02,3.91,3.21,16.25198332,77.25077264
20110709,0.21,58.05,36.12,22.59,13.53,4.56,4.41,16.25198332,77.25077264
20110710,0.08,57.7,36.03,23.23,12.8,3.86,4.22,16.25198332,77.25077264
20110711,2.06,56.81,35.96,23.93,12.03,4.93,5.34,16.25198332,77.25077264
20110712,11.33,68.22,32.93,23.66,9.27,4.93,5.09,16.25198332,77.25077264
20110713,5.7,74.87,28.62,23.24,5.37,4.84,5.19,16.25198332,77.25077264
20110714,1.84,71.5,32.34,22.19,10.16,3.08,3.13,16.25198332,77.25077264
20110715,0.14,63.9,34.46,22.55,11.91,4.37,4.4,16.25198332,77.25077264
20110716,2.25,67.27,33.01,22.69,10.32,5.75,6.06,16.25198332,77.25077264
20110717,0.61,68.16,32.48,23.57,8.91,5.19,5.28,16.25198332,77.25077264
20110718,0.61,71.66,31.76,23.11,8.64,5.89,5.74,16.25198332,77.25077264
20110719,0.02,65.01,33.31,23.93,9.38,6.61,6.69,16.25198332,77.25077264
20110720,0.98,67.95,33.24,23.41,9.82,4.73,4.6,16.25198332,77.25077264
20110721,0.18,65.85,33.27,24.02,9.25,4.15,3.82,16.25198332,77.25077264
20110722,2.33,63.94,33.51,23.64,9.87,6.12,6.5,16.25198332,77.25077264
20110723,2.65,65.08,33.56,23.57,9.99,5.22,4.75,16.25198332,77.25077264
20110724,2.21,61.47,35.14,23.05,12.1,3.09,2.4,16.25198332,77.25077264
20110725,9.17,69.54,31.98,23.22,8.76,4.26,4.94,16.25198332,77.25077264
20110726,5.27,73.55,30.56,23.9,6.66,2.67,2.85,16.25198332,77.25077264
20110727,0.28,60.08,34.1,21.52,12.58,3.15,3.97,16.25198332,77.25077264
20110728,2.01,64.16,31.44,22.19,9.25,3.13,2.85,16.25198332,77.25077264
20110729,6.9,69.35,32.07,21.76,10.31,3.58,3.48,16.25198332,77.25077264
20110730,7.57,73.49,30.77,22.34,8.43,4.29,4.04,16.25198332,77.25077264
20110731,2.17,67.47,33.05,22.99,10.06,3.99,4.18,16.25198332,77.25077264
20110801,1.5,66.78,32.88,22.08,10.81,4.95,5.12,16.25198332,77.25077264
20110802,2.89,70.27,32.32,22.08,10.24,5.99,6.48,16.25198332,77.25077264
20110803,1.23,74.0,30.43,23.04,7.39,4.65,4.35,16.25198332,77.25077264
20110804,1.8,68.33,32.47,22.81,9.67,5.15,4.97,16.25198332,77.25077264
20110805,0.14,66.26,34.48,22.65,11.83,4.91,4.64,16.25198332,77.25077264
20110806,0.15,70.54,31.19,22.23,8.96,3.32,3.31,16.25198332,77.25077264
20110807,1.22,64.85,34.82,22.78,12.04,4.6,4.67,16.25198332,77.25077264
20110808,0.3,68.23,32.11,23.1,9.01,3.82,3.39,16.25198332,77.25077264
20110809,0.01,63.02,34.84,22.58,12.25,4.01,3.79,16.25198332,77.25077264
20110810,0.0,62.64,35.09,22.82,12.27,3.91,3.69,16.25198332,77.25077264
20110811,0.0,61.82,34.69,23.04,11.65,4.57,4.33,16.25198332,77.25077264
20110812,0.32,66.7,31.77,22.97,8.8,4.46,4.51,16.25198332,77.25077264
20110813,1.02,63.49,34.87,22.68,12.19,3.81,3.23,16.25198332,77.25077264
20110814,0.44,59.91,35.18,23.24,11.94,2.75,2.0,16.25198332,77.25077264
20110815,0.87,65.66,34.26,23.5,10.76,3.88,3.82,16.25198332,77.25077264
20110816,1.25,70.75,31.45,23.78,7.68,3.24,2.68,16.25198332,77.25077264
20110817,1.2,66.97,33.15,23.11,10.04,3.3,2.3,16.25198332,77.25077264
20110818,2.87,70.02,31.59,23.57,8.02,4.21,4.34,16.25198332,77.25077264
20110819,10.45,75.02,30.51,23.03,7.48,5.23,4.5,16.25198332,77.25077264
20110820,19.67,75.78,30.61,22.76,7.85,3.92,2.95,16.25198332,77.25077264
20110821,13.57,82.39,27.98,22.66,5.33,3.67,2.87,16.25198332,77.25077264
20110822,2.33,75.8,31.44,22.1,9.34,4.41,4.72,16.25198332,77.25077264
20110823,14.32,81.96,28.85,22.82,6.03,2.89,1.92,16.25198332,77.25077264
20110824,21.82,83.41,28.73,22.36,6.37,2.5,2.98,16.25198332,77.25077264
20110825,3.43,79.28,30.02,23.08,6.93,3.4,3.87,16.25198332,77.25077264
20110826,6.25,78.1,30.11,22.44,7.67,4.22,4.22,16.25198332,77.25077264
20110827,1.49,77.56,29.49,22.05,7.43,5.99,6.57,16.25198332,77.25077264
20110828,1.18,72.81,31.81,21.15,10.65,6.46,6.67,16.25198332,77.25077264
20110829,0.3,74.01,31.26,22.04,9.22,5.93,6.16,16.25198332,77.25077264
20110830,1.35,71.67,32.56,22.23,10.33,5.44,5.79,16.25198332,77.25077264
20110831,4.89,78.85,30.7,21.79,8.91,4.35,4.23,16.25198332,77.25077264
20110901,7.74,81.02,29.67,23.03,6.64,6.17,6.15,16.25198332,77.25077264
20110902,0.47,76.22,31.49,22.57,8.93,5.8,5.84,16.25198332,77.25077264
20110903,0.05,73.07,32.13,22.85,9.28,5.96,5.89,16.25198332,77.25077264
20110904,0.93,74.44,31.63,21.94,9.69,4.88,4.26,16.25198332,77.25077264
20110905,0.03,69.62,33.63,21.95,11.68,4.76,4.31,16.25198332,77.25077264
20110906,0.7,69.93,33.44,22.29,11.16,5.38,4.86,16.25198332,77.25077264
20110907,1.46,72.18,32.06,22.33,9.74,5.47,5.35,16.25198332,77.25077264
20110908,0.04,71.5,32.66,22.21,10.45,3.53,3.03,16.25198332,77.25077264
20110909,0.01,69.82,33.41,22.29,11.11,3.93,2.8,16.25198332,77.25077264
20110910,0.01,64.59,34.85,22.27,12.58,2.47,2.48,16.25198332,77.25077264
20110911,0.12,65.99,34.1,22.45,11.65,3.23,2.75,16.25198332,77.25077264
20110912,0.0,66.33,34.31,22.28,12.03,3.0,1.69,16.25198332,77.25077264
20110913,0.39,67.66,33.36,22.88,10.48,3.66,3.68,16.25198332,77.25077264
20110914,4.55,80.51,28.46,23.3,5.16,3.38,2.52,16.25198332,77.25077264
20110915,2.42,74.91,31.62,22.43,9.19,2.47,3.24,16.25198332,77.25077264
20110916,0.2,66.66,33.63,23.08,10.55,2.2,2.48,16.25198332,77.25077264
20110917,0.0,65.1,33.69,22.33,11.36,3.97,3.37,16.25198332,77.25077264
20110918,0.04,69.26,32.84,22.62,10.22,3.35,2.37,16.25198332,77.25077264
20110919,0.02,70.35,32.29,22.96,9.32,4.31,4.49,16.25198332,77.25077264
20110920,0.13,61.62,34.42,22.97,11.45,2.04,1.97,16.25198332,77.25077264
20110921,0.1,59.8,34.04,22.61,11.43,3.2,1.93,16.25198332,77.25077264
20110922,0.04,63.04,32.41,21.22,11.18,2.92,2.47,16.25198332,77.25077264
20110923,0.1,60.35,33.75,21.73,12.02,3.62,2.54,16.25198332,77.25077264
20110924,0.03,61.43,33.85,20.67,13.18,2.99,3.06,16.25198332,77.25077264
20110925,0.0,59.63,35.06,21.09,13.97,3.03,2.62,16.25198332,77.25077264
20110926,0.88,58.33,35.68,21.49,14.19,3.01,2.32,16.25198332,77.25077264
20110927,0.37,58.2,35.61,21.96,13.65,2.6,3.11,16.25198332,77.25077264
20110928,1.71,62.41,33.67,22.58,11.09,2.17,3.03,16.25198332,77.25077264
20110929,4.19,62.26,34.32,22.98,11.33,1.68,2.38,16.25198332,77.25077264
20110930,0.28,59.64,35.07,22.76,12.31,0.91,2.87,16.25198332,77.25077264
20111001,3.58,58.9,35.4,21.52,13.88,2.65,5.45,16.25198332,77.25077264
20111002,0.97,63.56,33.77,22.45,11.31,1.75,4.21,16.25198332,77.25077264
20111003,13.99,79.24,29.46,23.32,6.14,2.34,2.71,16.25198332,77.25077264
20111004,6.78,76.27,30.45,22.66,7.79,2.03,3.93,16.25198332,77.25077264
20111005,0.98,70.73,32.49,22.17,10.33,2.54,3.17,16.25198332,77.25077264
20111006,0.15,64.81,33.46,21.81,11.64,1.78,3.38,16.25198332,77.25077264
20111007,0.03,63.57,34.38,20.98,13.4,1.66,4.38,16.25198332,77.25077264
20111008,0.11,61.99,34.86,21.67,13.19,2.09,4.36,16.25198332,77.25077264
20111009,0.0,59.74,35.6,21.86,13.74,2.8,4.62,16.25198332,77.25077264
20111010,4.88,71.72,32.2,22.92,9.28,2.1,4.34,16.25198332,77.25077264
20111011,2.82,76.43,29.81,23.53,6.28,3.17,4.03,16.25198332,77.25077264
20111012,4.87,76.51,31.05,22.42,8.64,1.45,1.09,16.25198332,77.25077264
20111013,0.83,76.78,30.65,22.32,8.33,3.16,2.65,16.25198332,77.25077264
20111014,2.2,67.19,34.17,20.98,13.19,1.87,4.33,16.25198332,77.25077264
20111015,3.03,69.18,34.2,22.15,12.04,1.89,4.29,16.25198332,77.25077264
20111016,0.47,67.71,33.06,22.87,10.19,2.53,4.6,16.25198332,77.25077264
20111017,0.29,61.08,34.74,21.52,13.22,3.68,4.41,16.25198332,77.25077264
20111018,0.0,61.38,34.7,21.53,13.17,3.6,5.63,16.25198332,77.25077264
20111019,1.01,56.94,34.38,19.71,14.68,2.59,5.62,16.25198332,77.25077264
20111020,0.22,56.13,33.98,19.39,14.59,2.92,5.96,16.25198332,77.25077264
20111021,0.0,56.37,34.0,21.14,12.86,2.23,4.8,16.25198332,77.25077264
20111022,0.0,54.42,34.72,21.2,13.51,2.31,2.59,16.25198332,77.25077264
20111023,0.0,62.19,32.67,22.18,10.49,3.35,2.32,16.25198332,77.25077264
20111024,0.05,61.71,33.6,22.07,11.53,3.74,3.89,16.25198332,77.25077264
20111025,2.17,66.62,32.23,22.12,10.11,4.46,3.97,16.25198332,77.25077264
20111026,1.06,66.46,32.54,20.74,11.79,5.43,5.44,16.25198332,77.25077264
20111027,0.62,68.89,30.63,20.63,10.01,4.38,3.36,16.25198332,77.25077264
20111028,1.56,62.76,33.6,20.51,13.08,4.96,4.47,16.25198332,77.25077264
20111029,1.14,66.32,32.33,20.99,11.34,4.51,3.7,16.25198332,77.25077264
20111030,0.07,63.56,32.93,20.95,11.98,4.86,4.88,16.25198332,77.25077264
20111031,0.01,60.96,32.5,21.11,11.4,4.56,4.01,16.25198332,77.25077264
20111101,0.03,61.78,33.77,20.59,13.18,4.33,3.87,16.25198332,77.25077264
20111102,0.25,61.78,33.5,22.0,11.5,4.08,3.34,16.25198332,77.25077264
20111103,0.3,63.63,32.96,21.64,11.32,3.61,3.6,16.25198332,77.25077264
20111104,0.01,53.05,34.73,20.35,14.38,3.58,4.03,16.25198332,77.25077264
20111105,0.0,47.4,35.08,19.93,15.15,3.0,3.79,16.25198332,77.25077264
20111106,0.0,43.11,34.98,18.63,16.36,2.78,6.04,16.25198332,77.25077264
20111107,0.0,41.84,34.49,17.33,17.16,2.22,5.11,16.25198332,77.25077264
20111108,0.0,38.8,34.65,16.88,17.78,3.06,5.57,16.25198332,77.25077264
20111109,0.0,40.24,34.02,17.39,16.63,2.57,4.35,16.25198332,77.25077264
20111110,0.0,39.85,33.65,15.89,17.76,1.68,5.0,16.25198332,77.25077264
20111111,0.0,45.39,34.48,16.68,17.8,2.11,5.24,16.25198332,77.25077264
20111112,0.0,45.78,34.79,17.39,17.41,2.43,6.2,16.25198332,77.25077264
20111113,0.0,48.37,34.69,18.62,16.07,2.21,4.86,16.25198332,77.25077264
20111114,0.0,51.65,34.27,19.53,14.74,2.33,3.53,16.25198332,77.25077264
20111115,0.0,49.54,33.77,19.29,14.49,2.82,4.14,16.25198332,77.25077264
20111116,0.0,42.79,33.54,18.26,15.28,3.07,4.77,16.25198332,77.25077264
20111117,0.0,33.34,33.94,15.79,18.14,1.72,4.26,16.25198332,77.25077264
20111118,0.0,35.37,33.97,16.05,17.92,2.38,4.26,16.25198332,77.25077264
20111119,0.0,36.03,34.42,15.1,19.32,3.62,5.44,16.25198332,77.25077264
20111120,0.0,42.79,34.19,15.53,18.66,4.76,5.75,16.25198332,77.25077264
20111121,0.0,47.03,33.63,16.45,17.18,3.81,3.92,16.25198332,77.25077264
20111122,0.0,49.86,32.63,16.59,16.04,2.25,4.41,16.25198332,77.25077264
20111123,0.0,53.96,32.43,17.66,14.77,3.0,3.83,16.25198332,77.25077264
20111124,0.0,52.66,32.91,17.43,15.48,3.11,4.03,16.25198332,77.25077264
20111125,0.06,55.48,33.36,18.45,14.9,3.95,3.57,16.25198332,77.25077264
20111126,1.41,65.74,32.53,21.11,11.42,5.2,4.65,16.25198332,77.25077264
20111127,0.61,65.05,32.31,21.53,10.78,4.28,4.15,16.25198332,77.25077264
20111128,0.48,61.32,32.45,21.68,10.78,3.58,3.02,16.25198332,77.25077264
20111129,0.04,58.15,33.06,20.17,12.89,3.22,2.82,16.25198332,77.25077264
20111130,0.0,52.49,34.92,20.12,14.8,3.17,3.37,16.25198332,77.25077264
20111201,0.0,46.53,34.62,19.5,15.12,2.34,3.77,16.25198332,77.25077264
20111202,0.0,44.26,34.38,18.38,16.0,1.63,5.1,16.25198332,77.25077264
20111203,0.0,37.33,34.87,17.63,17.24,2.21,5.36,16.25198332,77.25077264
20111204,0.0,37.36,33.99,16.4,17.59,2.82,4.74,16.25198332,77.25077264
20111205,0.0,44.36,34.57,17.31,17.26,1.54,3.7,16.25198332,77.25077264
20111206,0.0,47.33,33.78,17.83,15.95,2.31,5.67,16.25198332,77.25077264
20111207,0.0,49.81,32.81,18.19,14.63,1.79,3.79,16.25198332,77.25077264
20111208,0.0,46.49,32.52,16.76,15.76,2.33,3.57,16.25198332,77.25077264
20111209,0.0,56.66,33.58,18.23,15.35,3.43,4.21,16.25198332,77.25077264
20111210,0.0,55.32,34.11,20.43,13.68,2.2,3.94,16.25198332,77.25077264
20111211,0.0,51.05,34.27,20.36,13.91,2.27,4.51,16.25198332,77.25077264
20111212,0.0,52.48,33.55,19.32,14.23,2.81,4.63,16.25198332,77.25077264
20111213,0.0,50.24,32.77,19.14,13.63,2.18,3.78,16.25198332,77.25077264
20111214,0.0,46.88,31.78,17.92,13.86,2.64,4.33,16.25198332,77.25077264
20111215,0.0,44.74,32.27,16.09,16.18,2.29,3.82,16.25198332,77.25077264
20111216,0.0,49.42,32.17,16.31,15.85,2.17,3.19,16.25198332,77.25077264
20111217,0.0,50.63,32.01,16.69,15.32,1.8,4.3,16.25198332,77.25077264
20111218,0.0,50.99,32.04,16.25,15.79,3.34,4.29,16.25198332,77.25077264
20111219,0.0,50.6,31.82,16.3,15.52,2.45,4.08,16.25198332,77.25077264
20111220,0.0,42.52,31.49,16.35,15.14,2.69,4.73,16.25198332,77.25077264
20111221,0.0,43.75,31.4,15.19,16.21,2.04,3.93,16.25198332,77.25077264
20111222,0.0,47.19,31.21,15.79,15.42,2.7,4.69,16.25198332,77.25077264
20111223,0.0,53.93,27.63,15.56,12.07,2.69,4.7,16.25198332,77.25077264
20111224,0.0,33.73,32.69,14.81,17.88,3.58,7.92,16.25198332,77.25077264
20111225,0.0,29.14,32.75,13.41,19.34,2.35,6.32,16.25198332,77.25077264
20111226,0.0,21.75,33.28,12.91,20.37,2.2,6.09,16.25198332,77.25077264
20111227,0.0,22.31,33.38,13.64,19.75,1.96,5.36,16.25198332,77.25077264
20111228,0.0,19.99,33.68,13.32,20.36,2.73,7.05,16.25198332,77.25077264
20111229,0.0,40.11,33.1,14.21,18.89,2.28,3.86,16.25198332,77.25077264
20111230,0.15,60.93,32.58,19.52,13.06,4.85,3.68,16.25198332,77.25077264
20111231,0.05,61.96,30.83,20.08,10.75,4.3,3.62,16.25198332,77.25077264
20120101,0.06,63.61,32.87,21.6,11.28,3.34,4.04,16.25198332,77.25077264
20120102,0.0,56.78,34.1,21.68,12.42,4.0,5.4,16.25198332,77.25077264
20120103,0.0,52.29,34.75,21.46,13.29,3.61,5.88,16.25198332,77.25077264
20120104,0.0,47.69,35.2,20.85,14.35,4.4,7.04,16.25198332,77.25077264
20120105,0.0,47.35,35.22,19.81,15.41,2.94,5.3,16.25198332,77.25077264
20120106,0.0,44.04,35.59,20.01,15.59,3.47,6.44,16.25198332,77.25077264
20120107,0.0,40.81,34.83,18.44,16.39,3.64,6.35,16.25198332,77.25077264
20120108,0.0,39.36,34.57,17.49,17.08,2.54,4.53,16.25198332,77.25077264
20120109,0.0,30.53,34.28,16.65,17.63,2.4,4.42,16.25198332,77.25077264
20120110,0.14,43.99,32.79,17.14,15.64,3.29,6.11,16.25198332,77.25077264
20120111,0.06,57.12,30.4,19.05,11.36,3.46,3.67,16.25198332,77.25077264
20120112,0.0,50.95,30.49,18.31,12.18,2.44,3.54,16.25198332,77.25077264
20120113,0.0,27.51,30.66,14.88,15.79,3.52,5.06,16.25198332,77.25077264
20120114,0.0,17.67,30.44,12.74,17.7,2.24,4.66,16.25198332,77.25077264
20120115,0.0,18.02,30.69,10.75,19.94,2.16,4.62,16.25198332,77.25077264
20120116,0.0,29.14,31.57,10.67,20.9,2.34,5.39,16.25198332,77.25077264
20120117,0.0,27.0,32.79,11.95,20.84,2.86,5.69,16.25198332,77.25077264
20120118,0.0,22.24,33.26,13.12,20.14,2.48,4.37,16.25198332,77.25077264
20120119,0.0,26.09,32.64,14.0,18.64,3.07,4.43,16.25198332,77.25077264
20120120,0.0,31.01,32.32,13.68,18.65,3.24,6.65,16.25198332,77.25077264
20120121,0.0,38.57,31.93,14.42,17.51,2.47,5.3,16.25198332,77.25077264
20120122,0.0,42.32,32.2,15.19,17.01,3.45,6.8,16.25198332,77.25077264
20120123,0.0,46.92,32.17,16.23,15.94,3.34,5.81,16.25198332,77.25077264
20120124,0.0,43.16,32.43,16.25,16.18,2.83,5.81,16.25198332,77.25077264
20120125,0.0,42.85,32.46,16.44,16.02,3.01,4.88,16.25198332,77.25077264
20120126,0.0,38.98,31.71,15.03,16.68,3.84,6.53,16.25198332,77.25077264
20120127,0.0,36.81,32.34,14.49,17.85,2.47,5.23,16.25198332,77.25077264
20120128,0.0,45.09,31.94,15.34,16.6,3.76,6.69,16.25198332,77.25077264
20120129,0.0,44.6,32.05,17.11,14.94,4.33,6.23,16.25198332,77.25077264
20120130,0.0,45.03,32.23,17.65,14.58,4.43,5.05,16.25198332,77.25077264
20120131,0.0,44.01,32.26,16.29,15.97,3.37,4.2,16.25198332,77.25077264
20120201,0.0,46.26,31.98,16.24,15.73,2.21,3.33,16.25198332,77.25077264
20120202,0.0,44.71,32.38,16.48,15.89,2.8,4.9,16.25198332,77.25077264
20120203,0.0,49.17,32.49,16.9,15.59,2.05,2.75,16.25198332,77.25077264
20120204,0.0,42.19,33.26,16.58,16.68,2.49,5.2,16.25198332,77.25077264
20120205,0.0,39.93,34.26,16.43,17.83,3.13,6.45,16.25198332,77.25077264
20120206,0.0,35.72,34.81,16.49,18.32,3.18,5.53,16.25198332,77.25077264
20120207,0.0,31.32,34.43,16.66,17.77,2.03,4.15,16.25198332,77.25077264
20120208,0.0,29.84,34.91,17.72,17.19,3.74,6.95,16.25198332,77.25077264
20120209,0.0,31.33,33.27,17.84,15.44,4.13,8.05,16.25198332,77.25077264
20120210,0.0,29.77,34.78,17.31,17.47,3.81,6.56,16.25198332,77.25077264
20120211,0.0,41.33,34.79,20.95,13.84,3.49,5.16,16.25198332,77.25077264
20120212,0.0,43.44,34.87,21.38,13.5,4.12,6.68,16.25198332,77.25077264
20120213,0.0,42.63,35.47,19.92,15.55,4.3,7.05,16.25198332,77.25077264
20120214,0.0,41.44,35.63,19.8,15.83,5.23,7.14,16.25198332,77.25077264
20120215,0.0,31.56,36.3,18.67,17.64,2.91,5.77,16.25198332,77.25077264
20120216,0.0,26.02,35.95,18.94,17.01,2.34,4.58,16.25198332,77.25077264
20120217,0.0,41.85,35.4,19.62,15.78,3.71,5.02,16.25198332,77.25077264
20120218,0.0,31.18,35.65,18.15,17.51,3.41,4.79,16.25198332,77.25077264
20120219,0.0,28.73,36.19,17.28,18.91,2.49,5.08,16.25198332,77.25077264
20120220,0.0,25.5,37.42,17.71,19.7,2.75,6.17,16.25198332,77.25077264
20120221,0.0,21.64,37.41,18.39,19.02,1.88,4.54,16.25198332,77.25077264
20120222,0.0,21.98,37.41,17.28,20.13,2.07,4.75,16.25198332,77.25077264
20120223,0.0,25.27,37.76,18.43,19.33,2.32,5.79,16.25198332,77.25077264
20120224,0.0,19.63,37.71,18.04,19.67,2.8,5.77,16.25198332,77.25077264
20120225,0.0,19.03,37.72,17.77,19.95,1.95,5.74,16.25198332,77.25077264
20120226,0.0,19.49,37.84,18.03,19.81,2.76,5.64,16.25198332,77.25077264
20120227,0.0,19.23,38.25,18.72,19.53,3.67,7.16,16.25198332,77.25077264
20120228,0.0,17.93,38.79,17.75,21.04,3.54,7.31,16.25198332,77.25077264
20120229,0.0,12.71,37.93,19.06,18.87,4.48,7.55,16.25198332,77.25077264
20120301,0.0,11.04,38.3,17.16,21.13,4.73,8.05,16.25198332,77.25077264
20120302,0.0,10.31,38.54,16.36,22.17,2.18,5.45,16.25198332,77.25077264
20120303,0.0,16.14,37.54,16.11,21.43,2.7,5.26,16.25198332,77.25077264
20120304,0.0,16.12,38.67,18.11,20.56,2.79,5.89,16.25198332,77.25077264
20120305,0.0,18.22,38.64,17.95,20.7,1.49,4.54,16.25198332,77.25077264
20120306,0.0,31.17,38.2,19.46,18.75,3.08,5.75,16.25198332,77.25077264
20120307,0.0,14.8,38.3,19.57,18.73,3.78,5.53,16.25198332,77.25077264
20120308,0.0,15.92,37.46,18.67,18.78,3.75,4.79,16.25198332,77.25077264
20120309,0.0,15.29,36.92,17.0,19.92,3.56,7.05,16.25198332,77.25077264
20120310,0.0,17.72,37.64,18.25,19.39,4.24,7.43,16.25198332,77.25077264
20120311,0.0,32.2,38.09,21.62,16.47,3.49,4.82,16.25198332,77.25077264
20120312,0.0,34.52,38.17,21.47,16.71,4.78,6.16,16.25198332,77.25077264
20120313,0.0,36.08,38.59,22.03,16.57,2.66,3.95,16.25198332,77.25077264
20120314,0.0,37.04,37.94,23.36,14.58,2.28,3.96,16.25198332,77.25077264
20120315,0.0,25.08,38.73,22.53,16.2,1.98,4.3,16.25198332,77.25077264
20120316,0.0,30.88,38.36,22.12,16.23,2.29,5.63,16.25198332,77.25077264
20120317,0.0,20.66,39.71,20.41,19.3,2.25,4.85,16.25198332,77.25077264
20120318,0.0,26.68,39.91,21.33,18.59,2.25,4.83,16.25198332,77.25077264
20120319,0.0,20.67,40.22,22.24,17.98,1.56,4.25,16.25198332,77.25077264
20120320,0.0,14.66,41.49,21.55,19.94,2.06,6.38,16.25198332,77.25077264
20120321,0.0,21.69,41.0,20.61,20.39,2.22,5.92,16.25198332,77.25077264
20120322,0.0,28.21,39.98,22.41,17.56,1.99,5.31,16.25198332,77.25077264
20120323,0.0,15.33,40.52,21.08,19.44,2.93,6.57,16.25198332,77.25077264
20120324,0.0,13.84,40.68,19.79,20.89,3.11,5.46,16.25198332,77.25077264
20120325,0.0,17.2,40.45,20.59,19.85,4.24,8.16,16.25198332,77.25077264
20120326,0.0,23.31,39.34,20.19,19.15,3.73,6.33,16.25198332,77.25077264
20120327,0.0,24.97,38.78,20.27,18.5,3.71,5.64,16.25198332,77.25077264
20120328,0.0,25.22,39.64,20.93,18.71,3.39,4.93,16.25198332,77.25077264
20120329,0.0,25.78,39.93,22.34,17.59,4.51,6.78,16.25198332,77.25077264
20120330,0.1,25.57,39.61,22.54,17.07,3.87,7.05,16.25198332,77.25077264
20120331,0.07,27.02,40.22,23.42,16.8,4.76,7.52,16.25198332,77.25077264
20120401,0.0,31.71,39.38,23.98,15.4,3.79,5.2,16.25198332,77.25077264
20120402,0.0,26.91,40.18,22.93,17.26,3.85,5.86,16.25198332,77.25077264
20120403,0.0,25.82,39.95,22.48,17.48,3.25,5.96,16.25198332,77.25077264
20120404,0.22,24.71,40.61,23.67,16.94,3.4,6.16,16.25198332,77.25077264
20120405,0.61,24.94,41.11,25.29,15.82,2.61,4.46,16.25198332,77.25077264
20120406,0.45,22.83,40.84,25.49,15.35,2.81,4.12,16.25198332,77.25077264
20120407,7.05,29.3,40.62,25.56,15.06,4.1,6.87,16.25198332,77.25077264
20120408,0.29,40.43,39.48,24.11,15.37,3.56,5.77,16.25198332,77.25077264
20120409,0.0,37.1,40.8,25.34,15.46,3.64,5.62,16.25198332,77.25077264
20120410,0.2,33.2,40.74,26.14,14.6,4.47,6.46,16.25198332,77.25077264
20120411,3.45,36.52,39.66,26.08,13.58,3.36,4.75,16.25198332,77.25077264
20120412,4.27,47.16,36.9,25.8,11.1,3.46,5.97,16.25198332,77.25077264
20120413,0.78,42.59,38.08,24.9,13.19,3.48,6.7,16.25198332,77.25077264
20120414,0.52,39.63,39.0,24.42,14.58,3.56,5.66,16.25198332,77.25077264
20120415,0.59,38.58,39.5,23.16,16.34,2.75,4.26,16.25198332,77.25077264
20120416,0.07,33.96,40.23,23.84,16.39,3.48,5.89,16.25198332,77.25077264
20120417,0.0,33.36,40.0,26.23,13.77,2.94,4.66,16.25198332,77.25077264
20120418,0.79,35.54,38.32,28.38,9.93,2.21,4.46,16.25198332,77.25077264
20120419,0.82,35.93,37.66,27.17,10.49,3.66,4.12,16.25198332,77.25077264
20120420,0.09,30.42,40.99,26.69,14.3,1.74,3.84,16.25198332,77.25077264
20120421,0.07,29.57,41.23,27.87,13.36,5.99,6.16,16.25198332,77.25077264
20120422,0.75,36.6,38.03,27.4,10.63,3.85,3.7,16.25198332,77.25077264
20120423,3.7,43.43,37.69,27.01,10.69,2.85,4.66,16.25198332,77.25077264
20120424,2.81,45.73,39.06,24.91,14.15,3.32,6.13,16.25198332,77.25077264
20120425,1.27,46.58,38.53,25.47,13.06,3.49,5.12,16.25198332,77.25077264
20120426,0.46,47.95,37.47,25.58,11.9,3.94,3.97,16.25198332,77.25077264
20120427,15.12,52.6,37.77,25.7,12.07,1.85,3.77,16.25198332,77.25077264
20120428,6.48,57.42,36.71,24.98,11.73,3.88,6.11,16.25198332,77.25077264
20120429,0.0,49.94,38.11,24.76,13.35,3.72,6.86,16.25198332,77.25077264
20120430,0.01,47.5,39.08,24.44,14.63,4.26,6.92,16.25198332,77.25077264
20120501,0.0,37.03,40.62,24.15,16.48,4.9,5.86,16.25198332,77.25077264
20120502,0.0,32.06,40.92,25.33,15.58,5.76,5.47,16.25198332,77.25077264
20120503,0.0,29.73,41.33,24.82,16.51,4.02,5.13,16.25198332,77.25077264
20120504,0.0,30.55,41.28,24.82,16.46,5.67,5.67,16.25198332,77.25077264
20120505,0.0,31.24,40.93,24.34,16.59,4.89,6.4,16.25198332,77.25077264
20120506,0.0,32.48,40.05,25.38,14.68,5.51,6.01,16.25198332,77.25077264
20120507,0.09,31.04,40.77,26.35,14.41,5.39,5.58,16.25198332,77.25077264
20120508,0.35,29.56,41.18,27.72,13.46,3.42,5.97,16.25198332,77.25077264
20120509,1.61,32.42,40.7,28.59,12.11,4.3,5.54,16.25198332,77.25077264
20120510,3.08,34.47,41.96,27.96,14.01,5.89,6.82,16.25198332,77.25077264
20120511,0.92,39.82,40.29,26.33,13.96,3.16,4.53,16.25198332,77.25077264
20120512,13.93,56.56,34.16,25.61,8.56,4.44,6.45,16.25198332,77.25077264
20120513,0.01,54.05,36.54,24.92,11.62,6.88,7.97,16.25198332,77.25077264
20120514,0.0,44.49,39.37,25.16,14.21,3.35,5.33,16.25198332,77.25077264
20120515,0.08,37.23,41.44,26.93,14.51,4.66,5.56,16.25198332,77.25077264
20120516,0.29,34.22,41.52,26.43,15.1,2.52,4.86,16.25198332,77.25077264
20120517,0.04,28.53,42.06,26.49,15.56,4.6,6.19,16.25198332,77.25077264
20120518,0.0,24.58,43.37,26.16,17.21,4.55,5.19,16.25198332,77.25077264
20120519,0.0,22.8,44.07,28.01,16.06,2.22,2.66,16.25198332,77.25077264
20120520,0.0,25.52,43.6,30.08,13.52,4.65,4.49,16.25198332,77.25077264
20120521,0.48,29.01,42.79,29.24,13.54,2.84,2.05,16.25198332,77.25077264
20120522,0.09,34.22,40.64,28.21,12.42,3.58,5.03,16.25198332,77.25077264
20120523,0.0,28.69,42.41,28.49,13.92,5.84,5.96,16.25198332,77.25077264
20120524,0.0,26.02,43.27,28.85,14.42,5.26,4.57,16.25198332,77.25077264
20120525,0.02,26.61,43.21,27.09,16.13,5.97,5.33,16.25198332,77.25077264
20120526,0.01,36.37,37.93,28.68,9.26,4.28,5.34,16.25198332,77.25077264
20120527,0.0,32.78,41.31,27.7,13.61,3.53,3.4,16.25198332,77.25077264
20120528,0.37,31.61,42.12,28.2,13.92,4.31,5.66,16.25198332,77.25077264
20120529,0.18,32.82,40.44,28.66,11.78,5.92,5.83,16.25198332,77.25077264
20120530,0.0,30.47,41.7,28.23,13.47,7.29,6.48,16.25198332,77.25077264
20120531,0.0,27.97,42.02,28.59,13.42,7.11,8.58,16.25198332,77.25077264
20120601,0.0,35.73,37.42,26.22,11.2,6.86,8.3,16.25198332,77.25077264
20120602,0.0,30.41,40.89,27.4,13.49,7.29,8.6,16.25198332,77.25077264
20120603,0.0,34.72,41.05,27.7,13.35,4.97,5.7,16.25198332,77.25077264
20120604,0.92,41.01,40.34,26.46,13.88,5.88,7.8,16.25198332,77.25077264
20120605,0.03,45.01,38.96,25.55,13.41,5.77,7.87,16.25198332,77.25077264
20120606,0.03,44.36,38.66,24.87,13.79,3.69,5.34,16.25198332,77.25077264
20120607,0.0,44.58,37.66,25.25,12.41,3.96,5.06,16.25198332,77.25077264
20120608,0.0,40.74,38.31,25.04,13.27,3.82,5.65,16.25198332,77.25077264
20120609,0.02,44.26,38.11,25.51,12.6,3.41,5.22,16.25198332,77.25077264
20120610,0.02,45.71,36.9,25.24,11.66,2.31,1.84,16.25198332,77.25077264
20120611,0.0,45.65,37.62,25.32,12.3,2.88,4.46,16.25198332,77.25077264
20120612,1.05,48.55,37.03,25.79,11.24,3.93,4.79,16.25198332,77.25077264
20120613,3.68,44.03,37.92,24.87,13.04,3.9,5.38,16.25198332,77.25077264
20120614,2.44,48.81,36.94,25.29,11.65,3.79,4.72,16.25198332,77.25077264
20120615,0.24,57.37,32.36,24.41,7.95,3.97,3.58,16.25198332,77.25077264
20120616,0.1,53.47,35.89,24.97,10.92,4.88,4.37,16.25198332,77.25077264
20120617,5.22,57.91,33.99,24.43,9.55,4.34,4.31,16.25198332,77.25077264
20120618,8.45,66.28,29.16,23.58,5.58,3.78,4.06,16.25198332,77.25077264
20120619,1.21,63.02,31.39,23.38,8.01,2.41,2.24,16.25198332,77.25077264
20120620,0.27,59.11,33.9,24.09,9.81,2.46,2.0,16.25198332,77.25077264
20120621,0.71,52.34,36.04,23.6,12.44,4.6,3.81,16.25198332,77.25077264
20120622,0.87,55.04,34.89,24.03,10.86,5.54,6.32,16.25198332,77.25077264
20120623,0.0,49.76,37.59,23.8,13.79,3.39,4.13,16.25198332,77.25077264
20120624,0.0,54.06,35.77,24.73,11.04,2.5,2.35,16.25198332,77.25077264
20120625,6.69,60.74,33.53,24.98,8.55,3.0,2.93,16.25198332,77.25077264
20120626,2.89,68.05,30.61,24.44,6.17,3.69,2.51,16.25198332,77.25077264
20120627,2.0,58.92,34.2,23.26,10.94,4.0,3.52,16.25198332,77.25077264
20120628,0.64,60.92,33.36,23.1,10.26,2.8,2.45,16.25198332,77.25077264
20120629,0.05,59.12,33.83,23.09,10.74,3.24,2.99,16.25198332,77.25077264
20120630,0.11,60.06,33.77,23.29,10.48,3.84,3.81,16.25198332,77.25077264
20120701,6.86,66.32,32.68,23.04,9.64,4.74,5.39,16.25198332,77.25077264
20120702,1.26,69.02,32.29,23.16,9.13,4.16,4.31,16.25198332,77.25077264
20120703,0.15,59.81,33.76,22.9,10.86,5.87,6.21,16.25198332,77.25077264
20120704,0.01,56.53,35.54,22.38,13.16,3.52,3.01,16.25198332,77.25077264
20120705,0.0,52.3,36.48,22.7,13.78,4.07,3.67,16.25198332,77.25077264
20120706,1.66,56.97,34.84,24.18,10.66,4.26,4.16,16.25198332,77.25077264
20120707,1.6,62.22,33.38,24.42,8.96,4.37,3.45,16.25198332,77.25077264
20120708,0.48,58.23,35.57,23.97,11.6,2.44,2.98,16.25198332,77.25077264
20120709,3.31,61.75,33.71,24.43,9.29,4.68,3.87,16.25198332,77.25077264
20120710,0.66,59.38,34.1,23.97,10.13,4.3,5.84,16.25198332,77.25077264
20120711,0.13,56.1,34.22,23.99,10.23,2.98,4.26,16.25198332,77.25077264
20120712,0.82,54.33,36.0,23.46,12.54,2.31,3.01,16.25198332,77.25077264
20120713,0.86,61.23,35.08,24.57,10.5,2.14,2.87,16.25198332,77.25077264
20120714,1.52,70.96,30.09,24.12,5.97,2.77,2.82,16.25198332,77.25077264
20120715,4.46,62.78,33.0,23.89,9.11,3.67,2.22,16.25198332,77.25077264
20120716,24.13,73.0,30.97,23.23,7.74,5.14,5.02,16.25198332,77.25077264
20120717,20.32,78.13,29.12,23.28,5.84,2.97,3.55,16.25198332,77.25077264
20120718,3.42,72.85,30.55,23.21,7.33,3.95,4.22,16.25198332,77.25077264
20120719,1.21,67.4,31.89,22.52,9.37,5.92,6.0,16.25198332,77.25077264
20120720,16.67,72.28,32.4,23.15,9.25,5.11,4.9,16.25198332,77.25077264
20120721,7.27,73.19,31.16,23.18,7.98,4.42,3.6,16.25198332,77.25077264
20120722,0.39,71.95,31.58,23.19,8.38,3.4,3.05,16.25198332,77.25077264
20120723,0.01,66.34,33.92,23.47,10.44,4.42,4.36,16.25198332,77.25077264
20120724,0.27,67.9,32.49,23.43,9.06,3.62,3.64,16.25198332,77.25077264
20120725,2.77,70.5,33.73,22.63,11.09,4.51,3.9,16.25198332,77.25077264
20120726,16.29,71.45,31.17,22.99,8.18,5.56,4.52,16.25198332,77.25077264
20120727,2.18,67.82,33.14,22.44,10.7,4.37,3.72,16.25198332,77.25077264
20120728,3.14,66.69,33.32,22.56,10.76,5.31,5.69,16.25198332,77.25077264
20120729,3.48,67.05,32.54,22.77,9.76,5.26,5.02,16.25198332,77.25077264
20120730,0.04,64.51,33.74,22.71,11.03,4.57,5.2,16.25198332,77.25077264
20120731,0.74,70.17,31.0,22.43,8.57,4.69,3.62,16.25198332,77.25077264
20120801,0.23,63.88,32.95,22.24,10.7,4.4,4.48,16.25198332,77.25077264
20120802,1.85,68.8,32.67,21.99,10.69,4.78,5.13,16.25198332,77.25077264
20120803,0.39,72.27,29.81,22.78,7.03,4.81,4.87,16.25198332,77.25077264
20120804,3.54,67.77,30.29,22.71,7.58,4.15,4.34,16.25198332,77.25077264
20120805,3.24,70.82,30.71,21.43,9.29,4.0,3.31,16.25198332,77.25077264
20120806,1.18,73.89,30.09,22.5,7.6,4.03,3.78,16.25198332,77.25077264
20120807,0.7,71.11,31.97,22.46,9.51,4.82,3.97,16.25198332,77.25077264
20120808,0.43,68.74,32.31,22.71,9.59,4.69,4.81,16.25198332,77.25077264
20120809,0.54,66.29,33.74,22.54,11.2,4.63,4.68,16.25198332,77.25077264
20120810,0.96,66.73,33.68,22.74,10.94,4.56,4.38,16.25198332,77.25077264
20120811,0.9,68.93,32.44,23.31,9.13,4.35,3.97,16.25198332,77.25077264
20120812,0.51,68.61,32.15,22.7,9.45,4.44,3.99,16.25198332,77.25077264
20120813,0.05,65.02,33.76,22.54,11.22,5.52,5.46,16.25198332,77.25077264
20120814,0.04,60.56,35.47,21.64,13.83,3.7,3.24,16.25198332,77.25077264
20120815,1.24,61.6,35.0,22.76,12.24,4.32,3.78,16.25198332,77.25077264
20120816,0.2,61.38,35.25,22.81,12.44,4.63,3.57,16.25198332,77.25077264
20120817,0.47,59.06,35.18,23.45,11.74,3.84,2.71,16.25198332,77.25077264
20120818,0.19,60.8,33.2,22.79,10.41,2.76,2.25,16.25198332,77.25077264
20120819,1.68,63.27,34.04,23.2,10.83,4.97,3.77,16.25198332,77.25077264
20120820,0.15,59.16,35.23,22.71,12.52,3.04,2.27,16.25198332,77.25077264
20120821,0.09,60.73,34.4,23.06,11.33,4.02,2.74,16.25198332,77.25077264
20120822,0.42,57.16,35.09,23.25,11.84,2.77,4.71,16.25198332,77.25077264
20120823,9.81,64.59,32.77,24.29,8.48,2.27,4.4,16.25198332,77.25077264
20120824,9.73,75.91,30.16,23.48,6.68,5.84,6.93,16.25198332,77.25077264
20120825,10.4,75.75,30.95,22.95,8.0,4.03,4.15,16.25198332,77.25077264
20120826,10.25,80.85,28.39,23.24,5.15,3.12,2.35,16.25198332,77.25077264
20120827,6.65,76.93,29.76,22.48,7.28,4.23,3.96,16.25198332,77.25077264
20120828,7.88,73.84,32.05,22.01,10.04,4.0,3.66,16.25198332,77.25077264
20120829,0.79,72.46,32.68,22.99,9.69,4.79,5.36,16.25198332,77.25077264
20120830,1.3,79.84,28.81,22.86,5.95,5.21,5.65,16.25198332,77.25077264
20120831,2.24,68.46,32.56,21.35,11.21,2.48,2.34,16.25198332,77.25077264
20120901,0.26,70.19,32.28,21.73,10.54,3.56,3.4,16.25198332,77.25077264
20120902,17.85,75.24,31.88,22.8,9.08,5.86,5.59,16.25198332,77.25077264
20120903,26.93,84.36,29.71,22.9,6.81,4.98,4.55,16.25198332,77.25077264
20120904,9.13,81.67,30.0,22.87,7.13,5.17,4.82,16.25198332,77.25077264
20120905,1.72,76.35,31.29,22.25,9.04,4.42,3.8,16.25198332,77.25077264
20120906,1.68,74.27,32.67,21.78,10.89,3.3,2.91,16.25198332,77.25077264
20120907,5.63,76.42,32.2,22.17,10.03,3.41,2.39,16.25198332,77.25077264
20120908,1.95,78.63,30.69,22.29,8.4,3.89,3.7,16.25198332,77.25077264
20120909,0.2,75.32,31.58,22.09,9.48,4.83,4.85,16.25198332,77.25077264
20120910,3.03,79.58,28.48,22.72,5.77,5.16,5.07,16.25198332,77.25077264
20120911,1.76,73.98,32.29,21.96,10.33,3.94,3.09,16.25198332,77.25077264
20120912,1.41,74.8,30.92,21.61,9.32,2.87,2.51,16.25198332,77.25077264
20120913,0.46,71.2,33.01,22.03,10.98,2.62,2.75,16.25198332,77.25077264
20120914,0.01,67.58,33.59,21.87,11.72,3.43,2.77,16.25198332,77.25077264
20120915,0.03,65.38,34.13,21.59,12.54,3.59,4.31,16.25198332,77.25077264
20120916,0.01,71.39,30.99,22.08,8.9,3.45,2.41,16.25198332,77.25077264
20120917,0.23,67.83,33.31,21.6,11.71,3.63,3.93,16.25198332,77.25077264
20120918,3.65,69.77,31.94,22.27,9.68,4.87,5.52,16.25198332,77.25077264
20120919,0.38,69.07,31.88,22.24,9.64,4.38,5.3,16.25198332,77.25077264
20120920,0.29,67.01,33.38,22.1,11.28,4.95,6.22,16.25198332,77.25077264
20120921,1.22,68.52,31.86,23.13,8.73,3.46,4.2,16.25198332,77.25077264
20120922,0.47,64.15,34.32,22.49,11.83,3.16,2.02,16.25198332,77.25077264
20120923,0.01,63.52,33.29,20.86,12.43,3.43,3.34,16.25198332,77.25077264
20120924,0.0,61.22,34.43,20.81,13.62,5.17,5.63,16.25198332,77.25077264
20120925,0.85,66.6,33.33,21.26,12.07,4.38,4.3,16.25198332,77.25077264
20120926,0.92,69.44,32.67,22.72,9.95,2.56,4.91,16.25198332,77.25077264
20120927,3.5,68.99,32.74,22.23,10.51,1.3,3.59,16.25198332,77.25077264
20120928,1.21,69.08,32.64,22.56,10.07,2.44,3.9,16.25198332,77.25077264
20120929,16.24,72.86,32.42,21.63,10.79,2.5,4.15,16.25198332,77.25077264
20120930,10.2,76.14,31.8,22.75,9.05,1.46,2.35,16.25198332,77.25077264
20121001,14.22,83.14,29.19,22.87,6.33,1.19,0.99,16.25198332,77.25077264
20121002,13.29,84.71,28.5,22.54,5.96,3.45,4.12,16.25198332,77.25077264
20121003,1.97,83.44,28.8,22.35,6.45,5.31,4.87,16.25198332,77.25077264
20121004,0.13,78.32,30.66,22.15,8.51,3.78,3.58,16.25198332,77.25077264
20121005,1.58,73.93,31.76,22.59,9.17,3.42,4.55,16.25198332,77.25077264
20121006,7.01,80.46,29.68,22.48,7.2,1.99,3.17,16.25198332,77.25077264
20121007,1.66,78.0,30.73,22.36,8.38,3.53,3.85,16.25198332,77.25077264
20121008,0.19,74.58,31.32,21.64,9.68,1.7,4.0,16.25198332,77.25077264
20121009,0.02,68.54,32.07,20.12,11.95,2.97,5.28,16.25198332,77.25077264
20121010,0.0,65.14,32.36,18.98,13.38,4.88,6.44,16.25198332,77.25077264
20121011,0.0,60.16,32.65,19.35,13.29,4.18,5.41,16.25198332,77.25077264
20121012,0.0,59.48,32.83,18.31,14.52,1.92,5.3,16.25198332,77.25077264
20121013,0.0,56.22,32.91,17.77,15.14,1.28,4.99,16.25198332,77.25077264
20121014,0.0,54.67,32.45,17.47,14.98,1.58,4.84,16.25198332,77.25077264
20121015,0.0,58.02,33.24,17.62,15.62,3.17,6.76,16.25198332,77.25077264
20121016,0.0,56.33,33.06,17.45,15.61,2.77,4.79,16.25198332,77.25077264
20121017,0.0,56.73,33.1,18.02,15.08,2.8,5.19,16.25198332,77.25077264
20121018,0.0,58.12,33.42,17.58,15.84,3.07,5.97,16.25198332,77.25077264
20121019,0.15,62.59,33.31,18.49,14.82,3.24,4.8,16.25198332,77.25077264
20121020,0.72,75.25,29.34,20.82,8.52,3.44,2.62,16.25198332,77.25077264
20121021,1.89,75.29,31.13,20.1,11.03,4.83,4.43,16.25198332,77.25077264
20121022,0.33,69.29,32.57,21.58,10.99,4.28,3.46,16.25198332,77.25077264
20121023,0.02,65.93,33.01,20.62,12.39,3.73,3.89,16.25198332,77.25077264
20121024,0.0,65.07,33.3,20.84,12.47,2.5,3.43,16.25198332,77.25077264
20121025,0.0,63.7,33.83,20.11,13.72,2.0,4.02,16.25198332,77.25077264
20121026,0.02,63.67,33.47,20.81,12.66,2.93,4.63,16.25198332,77.25077264
20121027,0.0,59.38,33.72,19.35,14.36,3.07,4.28,16.25198332,77.25077264
20121028,0.0,61.28,33.64,18.99,14.65,4.61,5.16,16.25198332,77.25077264
20121029,0.0,60.72,33.25,18.37,14.89,2.73,3.34,16.25198332,77.25077264
20121030,0.0,52.12,33.33,18.07,15.26,3.24,5.03,16.25198332,77.25077264
20121031,3.56,62.46,32.61,18.59,14.02,4.62,4.11,16.25198332,77.25077264
20121101,25.41,83.62,27.71,21.78,5.92,7.05,7.99,16.25198332,77.25077264
20121102,15.16,84.48,28.94,21.66,7.28,2.62,2.51,16.25198332,77.25077264
20121103,1.89,77.81,29.98,21.5,8.48,3.11,3.13,16.25198332,77.25077264
20121104,1.41,71.5,32.27,20.74,11.53,2.41,2.53,16.25198332,77.25077264
20121105,0.47,65.57,32.49,19.95,12.54,1.34,4.13,16.25198332,77.25077264
20121106,0.0,71.75,31.54,20.1,11.45,1.67,2.72,16.25198332,77.25077264
20121107,0.0,70.35,32.5,20.81,11.69,1.98,4.47,16.25198332,77.25077264
20121108,1.39,69.16,31.49,21.58,9.9,2.09,3.18,16.25198332,77.25077264
20121109,1.02,62.21,31.09,18.99,12.1,1.51,4.22,16.25198332,77.25077264
20121110,0.0,63.5,31.6,17.21,14.39,2.77,5.27,16.25198332,77.25077264
20121111,0.0,65.21,31.16,18.67,12.49,2.99,4.99,16.25198332,77.25077264
20121112,0.0,64.14,30.88,18.44,12.44,3.15,5.64,16.25198332,77.25077264
20121113,0.0,55.81,31.11,16.66,14.45,3.18,6.03,16.25198332,77.25077264
20121114,0.0,53.73,31.06,14.91,16.15,3.33,6.89,16.25198332,77.25077264
20121115,0.0,55.78,30.51,14.59,15.92,2.83,6.29,16.25198332,77.25077264
20121116,0.0,52.26,30.1,13.28,16.82,1.51,4.76,16.25198332,77.25077264
20121117,0.0,46.77,30.19,12.23,17.96,2.08,5.65,16.25198332,77.25077264
20121118,0.0,44.69,30.63,12.02,18.61,1.92,5.76,16.25198332,77.25077264
20121119,0.0,41.46,31.55,11.55,20.01,3.11,7.17,16.25198332,77.25077264
20121120,0.0,62.69,33.02,16.19,16.83,2.34,5.29,16.25198332,77.25077264
20121121,0.04,64.53,33.24,19.08,14.15,2.19,4.75,16.25198332,77.25077264
20121122,0.01,69.78,32.26,21.24,11.02,2.33,3.13,16.25198332,77.25077264
20121123,0.31,72.08,31.55,21.74,9.82,2.19,2.52,16.25198332,77.25077264
20121124,0.02,67.65,32.51,20.54,11.97,2.48,3.33,16.25198332,77.25077264
20121125,0.0,65.01,33.29,20.7,12.59,3.18,4.0,16.25198332,77.25077264
20121126,0.0,65.19,32.01,20.05,11.96,2.68,4.49,16.25198332,77.25077264
20121127,0.0,64.35,31.85,19.68,12.17,2.48,3.89,16.25198332,77.25077264
20121128,0.0,60.34,31.96,18.96,13.0,1.9,3.59,16.25198332,77.25077264
20121129,0.0,56.57,32.8,17.85,14.96,2.25,4.24,16.25198332,77.25077264
20121130,0.0,54.42,32.82,18.11,14.71,2.48,4.99,16.25198332,77.25077264
20121201,0.0,53.19,33.16,17.96,15.2,2.87,5.47,16.25198332,77.25077264
20121202,0.0,55.7,32.1,18.32,13.78,2.9,5.09,16.25198332,77.25077264
20121203,0.01,51.17,32.43,15.78,16.65,2.88,5.22,16.25198332,77.25077264
20121204,0.17,58.38,32.62,19.11,13.52,3.29,4.19,16.25198332,77.25077264
20121205,0.1,55.98,33.59,20.37,13.23,4.17,3.77,16.25198332,77.25077264
20121206,0.06,53.88,33.97,19.5,14.47,2.77,4.19,16.25198332,77.25077264
20121207,0.0,53.47,33.07,18.96,14.11,2.05,3.97,16.25198332,77.25077264
20121208,0.0,45.51,34.93,18.9,16.03,2.13,4.48,16.25198332,77.25077264
20121209,0.0,47.64,34.84,18.59,16.25,2.66,5.72,16.25198332,77.25077264
20121210,0.0,42.69,34.78,18.4,16.38,1.97,4.85,16.25198332,77.25077264
20121211,0.0,41.78,34.83,17.54,17.29,2.06,5.43,16.25198332,77.25077264
20121212,0.0,41.68,34.6,17.5,17.1,1.99,3.98,16.25198332,77.25077264
20121213,0.0,46.02,33.97,17.53,16.43,1.81,4.66,16.25198332,77.25077264
20121214,0.0,49.16,33.8,18.72,15.08,3.26,5.44,16.25198332,77.25077264
20121215,0.0,48.07,32.89,17.58,15.31,2.49,3.82,16.25198332,77.25077264
20121216,0.0,48.66,32.42,15.8,16.62,3.27,4.86,16.25198332,77.25077264
20121217,0.0,49.4,32.31,17.12,15.2,3.52,3.82,16.25198332,77.25077264
20121218,0.0,38.75,32.36,15.45,16.9,3.33,4.68,16.25198332,77.25077264
20121219,0.0,39.03,31.79,13.71,18.08,2.62,4.82,16.25198332,77.25077264
20121220,0.0,37.55,32.54,14.81,17.73,2.7,5.2,16.25198332,77.25077264
20121221,0.0,48.61,32.99,15.36,17.62,2.88,4.26,16.25198332,77.25077264
20121222,0.0,49.04,32.6,15.96,16.64,2.63,4.66,16.25198332,77.25077264
20121223,0.0,49.16,32.79,16.13,16.66,3.63,5.71,16.25198332,77.25077264
20121224,0.0,50.26,32.25,16.69,15.56,2.96,5.41,16.25198332,77.25077264
20121225,0.0,44.83,32.54,16.4,16.15,2.35,4.88,16.25198332,77.25077264
20121226,0.0,36.25,31.53,14.85,16.68,2.45,4.61,16.25198332,77.25077264
20121227,0.0,39.18,31.73,13.71,18.03,2.17,5.67,16.25198332,77.25077264
20121228,0.0,49.64,31.81,15.3,16.51,3.39,6.16,16.25198332,77.25077264
20121229,0.0,56.45,32.69,17.54,15.16,3.54,5.29,16.25198332,77.25077264
20121230,0.0,64.24,31.22,19.82,11.4,4.04,3.91,16.25198332,77.25077264
20121231,0.0,61.51,33.27,21.34,11.93,3.67,4.19,16.25198332,77.25077264
20130101,0.17,55.83,34.03,21.34,12.69,3.0,4.43,16.25198332,77.25077264
20130102,0.01,46.71,34.76,19.0,15.76,2.86,4.98,16.25198332,77.25077264
20130103,0.04,46.68,34.73,18.79,15.94,3.71,6.45,16.25198332,77.25077264
20130104,0.0,46.8,34.0,19.95,14.05,4.69,7.11,16.25198332,77.25077264
20130105,0.0,43.0,34.99,19.99,15.0,2.28,4.72,16.25198332,77.25077264
20130106,0.0,44.85,33.95,19.67,14.28,3.03,5.11,16.25198332,77.25077264
20130107,0.0,49.85,33.54,18.73,14.82,3.79,6.63,16.25198332,77.25077264
20130108,0.0,48.16,33.15,18.67,14.48,3.46,6.24,16.25198332,77.25077264
20130109,0.0,45.74,32.49,17.9,14.59,2.68,4.66,16.25198332,77.25077264
20130110,0.0,41.32,32.15,17.48,14.67,2.78,5.2,16.25198332,77.25077264
20130111,0.0,35.02,32.74,15.8,16.94,1.85,3.89,16.25198332,77.25077264
20130112,0.0,33.57,33.15,15.08,18.07,1.88,4.38,16.25198332,77.25077264
20130113,0.0,21.15,34.28,14.47,19.81,3.05,7.23,16.25198332,77.25077264
20130114,0.0,23.69,34.38,14.06,20.32,1.8,4.99,16.25198332,77.25077264
20130115,0.0,32.42,34.3,13.98,20.32,3.0,6.41,16.25198332,77.25077264
20130116,0.0,40.68,33.07,14.99,18.08,2.69,5.0,16.25198332,77.25077264
20130117,0.0,44.07,32.39,16.03,16.36,2.95,3.87,16.25198332,77.25077264
20130118,0.0,44.61,32.14,15.34,16.8,3.42,5.44,16.25198332,77.25077264
20130119,0.0,46.31,32.25,16.53,15.72,2.61,4.85,16.25198332,77.25077264
20130120,0.0,44.23,31.84,15.57,16.27,3.01,5.13,16.25198332,77.25077264
20130121,0.0,45.72,32.13,16.04,16.09,3.11,6.71,16.25198332,77.25077264
20130122,0.0,43.12,32.3,17.09,15.21,3.24,5.68,16.25198332,77.25077264
20130123,0.0,46.61,31.91,16.95,14.95,3.66,5.67,16.25198332,77.25077264
20130124,0.0,45.13,32.68,16.91,15.77,3.4,5.38,16.25198332,77.25077264
20130125,0.0,46.0,32.21,17.3,14.91,3.62,5.32,16.25198332,77.25077264
20130126,0.0,43.71,32.14,16.78,15.36,3.28,4.6,16.25198332,77.25077264
20130127,0.0,40.3,32.9,16.6,16.3,2.91,5.66,16.25198332,77.25077264
20130128,0.0,41.08,32.96,17.81,15.14,3.8,6.24,16.25198332,77.25077264
20130129,0.01,43.73,32.77,17.47,15.3,2.66,6.29,16.25198332,77.25077264
20130130,0.0,46.78,32.33,18.63,13.7,3.25,5.6,16.25198332,77.25077264
20130131,0.0,46.63,32.29,18.16,14.13,3.24,4.35,16.25198332,77.25077264
20130201,0.0,45.96,32.39,17.69,14.7,2.51,3.46,16.25198332,77.25077264
20130202,0.0,43.19,32.51,16.71,15.8,2.33,3.53,16.25198332,77.25077264
20130203,0.0,38.75,32.96,16.49,16.47,2.53,4.94,16.25198332,77.25077264
20130204,0.0,36.32,34.14,16.56,17.58,3.4,6.0,16.25198332,77.25077264
20130205,0.0,43.13,33.81,16.09,17.73,4.26,5.01,16.25198332,77.25077264
20130206,0.83,46.43,33.78,18.67,15.11,3.94,5.26,16.25198332,77.25077264
20130207,0.44,40.1,35.1,20.35,14.75,2.7,4.92,16.25198332,77.25077264
20130208,0.02,35.12,35.35,22.21,13.13,3.88,5.68,16.25198332,77.25077264
20130209,0.0,35.85,34.46,20.15,14.31,3.39,4.49,16.25198332,77.25077264
20130210,0.0,45.21,34.36,19.77,14.6,3.72,5.38,16.25198332,77.25077264
20130211,0.0,46.94,34.65,19.99,14.66,3.81,4.33,16.25198332,77.25077264
20130212,0.0,44.19,34.01,20.42,13.6,2.86,3.43,16.25198332,77.25077264
20130213,0.0,33.99,35.79,20.64,15.16,4.13,5.11,16.25198332,77.25077264
20130214,0.0,38.74,34.74,18.73,16.01,3.73,4.75,16.25198332,77.25077264
20130215,1.74,50.51,34.32,21.24,13.09,2.95,3.92,16.25198332,77.25077264
20130216,9.77,64.42,31.43,22.7,8.73,3.14,3.23,16.25198332,77.25077264
20130217,0.11,50.92,32.3,18.87,13.42,3.14,4.53,16.25198332,77.25077264
20130218,0.0,33.77,32.68,14.13,18.54,2.79,6.92,16.25198332,77.25077264
20130219,0.0,33.58,33.83,14.72,19.11,2.96,6.62,16.25198332,77.25077264
20130220,0.0,45.77,34.59,16.49,18.1,3.35,6.43,16.25198332,77.25077264
20130221,0.0,47.81,34.87,18.36,16.51,3.37,5.21,16.25198332,77.25077264
20130222,0.01,45.06,35.38,18.77,16.61,3.39,4.84,16.25198332,77.25077264
20130223,0.01,41.17,35.97,18.87,17.11,3.52,5.84,16.25198332,77.25077264
20130224,0.0,35.46,35.83,18.87,16.96,3.03,5.24,16.25198332,77.25077264
20130225,0.0,27.63,36.4,18.05,18.35,2.72,5.33,16.25198332,77.25077264
20130226,0.0,24.24,36.84,17.49,19.35,2.99,6.14,16.25198332,77.25077264
20130227,0.0,29.6,35.72,17.56,18.16,4.05,7.83,16.25198332,77.25077264
20130228,0.0,28.78,36.68,18.7,17.98,2.35,5.69,16.25198332,77.25077264
20130301,0.0,26.57,37.27,18.83,18.44,2.72,6.55,16.25198332,77.25077264
20130302,0.0,22.43,37.55,18.66,18.88,3.07,4.62,16.25198332,77.25077264
20130303,0.0,20.95,37.99,17.61,20.38,2.96,7.08,16.25198332,77.25077264
20130304,0.0,27.48,37.38,17.01,20.37,4.22,7.55,16.25198332,77.25077264
20130305,0.0,31.48,37.29,17.4,19.9,3.73,5.83,16.25198332,77.25077264
20130306,0.0,41.3,36.44,18.08,18.37,3.53,4.36,16.25198332,77.25077264
20130307,0.0,45.86,36.65,21.52,15.13,3.9,4.15,16.25198332,77.25077264
20130308,0.0,38.5,37.02,21.49,15.54,3.7,5.33,16.25198332,77.25077264
20130309,0.0,37.69,37.39,22.56,14.82,4.2,6.89,16.25198332,77.25077264
20130310,0.15,33.45,38.08,22.51,15.57,2.98,5.15,16.25198332,77.25077264
20130311,0.01,32.19,38.22,25.33,12.89,3.21,5.53,16.25198332,77.25077264
20130312,0.0,30.78,38.33,23.65,14.68,3.83,5.34,16.25198332,77.25077264
20130313,0.0,27.73,39.15,23.37,15.78,2.74,3.79,16.25198332,77.25077264
20130314,0.0,30.08,35.35,24.44,10.91,2.86,4.07,16.25198332,77.25077264
20130315,0.0,26.61,37.57,23.97,13.6,4.69,5.95,16.25198332,77.25077264
20130316,0.0,25.21,37.85,20.3,17.56,3.71,5.11,16.25198332,77.25077264
20130317,0.01,23.39,38.27,19.66,18.61,3.51,6.32,16.25198332,77.25077264
20130318,0.0,26.52,38.43,20.26,18.17,4.12,6.78,16.25198332,77.25077264
20130319,0.0,31.16,38.15,21.78,16.37,4.4,6.53,16.25198332,77.25077264
20130320,0.0,29.65,38.54,23.13,15.41,4.24,5.72,16.25198332,77.25077264
20130321,0.0,26.35,38.88,22.79,16.09,4.57,7.34,16.25198332,77.25077264
20130322,0.0,25.28,39.55,23.87,15.68,3.87,5.46,16.25198332,77.25077264
20130323,0.0,26.72,37.52,23.75,13.78,4.67,6.5,16.25198332,77.25077264
20130324,0.0,27.85,38.57,22.56,16.0,4.35,7.01,16.25198332,77.25077264
20130325,0.0,25.27,39.43,21.99,17.44,3.95,6.43,16.25198332,77.25077264
20130326,0.0,25.39,39.7,22.08,17.62,3.71,5.87,16.25198332,77.25077264
20130327,0.0,26.97,40.41,24.12,16.29,4.21,5.9,16.25198332,77.25077264
20130328,0.0,27.02,40.79,23.7,17.09,3.94,4.79,16.25198332,77.25077264
20130329,0.0,23.71,40.17,24.16,16.01,3.67,6.01,16.25198332,77.25077264
20130330,0.0,30.48,40.28,23.84,16.44,3.94,6.61,16.25198332,77.25077264
20130331,0.74,34.32,40.78,23.93,16.85,5.29,6.7,16.25198332,77.25077264
20130401,0.46,32.24,40.63,26.36,14.28,4.11,5.08,16.25198332,77.25077264
20130402,2.4,35.3,40.01,26.5,13.51,3.84,5.27,16.25198332,77.25077264
20130403,3.22,39.27,39.98,26.79,13.19,3.73,5.76,16.25198332,77.25077264
20130404,0.89,36.05,39.89,25.07,14.82,4.18,7.05,16.25198332,77.25077264
20130405,0.0,34.48,40.55,25.52,15.03,3.19,6.01,16.25198332,77.25077264
20130406,0.0,34.29,39.7,27.88,11.82,1.94,4.45,16.25198332,77.25077264
20130407,0.0,26.8,41.19,25.05,16.14,2.55,5.09,16.25198332,77.25077264
20130408,0.0,29.97,41.23,25.24,15.99,4.67,7.1,16.25198332,77.25077264
20130409,0.0,32.65,41.13,27.49,13.65,4.59,5.19,16.25198332,77.25077264
20130410,0.0,29.26,40.99,27.45,13.53,3.73,4.47,16.25198332,77.25077264
20130411,0.0,25.22,40.75,26.38,14.36,3.28,5.6,16.25198332,77.25077264
20130412,0.0,27.38,41.74,25.69,16.05,3.63,4.87,16.25198332,77.25077264
20130413,0.02,31.57,41.57,25.0,16.57,3.69,5.65,16.25198332,77.25077264
20130414,0.02,27.63,40.99,24.25,16.74,3.65,6.4,16.25198332,77.25077264
20130415,0.0,30.87,41.3,26.37,14.93,4.13,5.66,16.25198332,77.25077264
20130416,0.0,19.68,41.25,24.01,17.23,4.46,5.04,16.25198332,77.25077264
20130417,0.0,19.91,40.86,23.36,17.51,4.02,6.45,16.25198332,77.25077264
20130418,0.0,23.22,40.6,23.01,17.59,4.03,6.03,16.25198332,77.25077264
20130419,0.0,25.6,39.9,23.6,16.3,3.52,5.03,16.25198332,77.25077264
20130420,0.0,26.59,39.67,23.76,15.91,3.04,4.97,16.25198332,77.25077264
20130421,0.0,27.29,39.45,23.88,15.57,4.43,7.68,16.25198332,77.25077264
20130422,1.5,34.54,39.68,25.86,13.82,6.4,8.48,16.25198332,77.25077264
20130423,1.48,41.11,39.51,25.99,13.52,4.28,6.04,16.25198332,77.25077264
20130424,2.8,44.09,38.4,27.02,11.38,3.06,4.07,16.25198332,77.25077264
20130425,2.81,44.56,38.17,26.56,11.61,3.15,3.22,16.25198332,77.25077264
20130426,0.01,40.79,38.16,25.77,12.39,3.17,4.53,16.25198332,77.25077264
20130427,2.93,40.92,39.43,26.17,13.26,3.25,4.77,16.25198332,77.25077264
20130428,0.17,39.59,39.62,26.04,13.58,3.15,5.68,16.25198332,77.25077264
20130429,3.66,41.29,39.94,27.41,12.54,3.36,5.49,16.25198332,77.25077264
20130430,0.29,40.82,40.47,25.48,14.99,4.35,7.09,16.25198332,77.25077264
20130501,0.03,35.5,41.11,26.3,14.81,5.56,7.49,16.25198332,77.25077264
20130502,4.76,42.63,39.66,27.57,12.09,3.71,5.74,16.25198332,77.25077264
20130503,0.0,38.1,40.99,26.87,14.13,3.45,4.11,16.25198332,77.25077264
20130504,0.0,27.27,42.26,24.68,17.58,3.59,3.64,16.25198332,77.25077264
20130505,0.11,34.23,42.1,25.2,16.9,3.88,6.52,16.25198332,77.25077264
20130506,0.97,37.26,40.59,27.7,12.88,4.03,6.05,16.25198332,77.25077264
20130507,5.61,43.34,39.86,28.22,11.64,2.86,4.65,16.25198332,77.25077264
20130508,3.27,51.44,38.01,27.31,10.69,2.28,3.87,16.25198332,77.25077264
20130509,0.01,44.21,40.83,25.95,14.87,5.49,7.93,16.25198332,77.25077264
20130510,0.07,33.65,42.38,27.39,14.99,4.57,6.55,16.25198332,77.25077264
20130511,0.0,31.42,43.15,26.21,16.94,6.19,7.69,16.25198332,77.25077264
20130512,0.0,29.63,39.66,29.42,10.24,9.13,11.09,16.25198332,77.25077264
20130513,0.01,34.46,39.22,28.06,11.16,3.43,4.08,16.25198332,77.25077264
20130514,0.0,28.88,41.36,28.24,13.12,6.74,7.41,16.25198332,77.25077264
20130515,0.15,31.57,40.96,28.16,12.8,6.31,6.52,16.25198332,77.25077264
20130516,0.0,35.97,41.11,27.46,13.66,5.65,5.5,16.25198332,77.25077264
20130517,0.01,34.89,40.18,29.07,11.11,6.27,7.05,16.25198332,77.25077264
20130518,0.27,30.02,42.6,28.92,13.68,5.88,7.6,16.25198332,77.25077264
20130519,0.16,38.07,41.27,28.67,12.6,6.01,7.52,16.25198332,77.25077264
20130520,4.48,44.99,40.76,27.64,13.12,6.04,7.27,16.25198332,77.25077264
20130521,1.47,49.67,38.18,26.45,11.73,5.12,7.08,16.25198332,77.25077264
20130522,0.0,37.97,42.08,26.61,15.46,5.58,6.61,16.25198332,77.25077264
20130523,0.0,35.79,42.4,27.28,15.11,7.72,9.97,16.25198332,77.25077264
20130524,0.0,35.91,41.58,27.55,14.03,5.89,5.13,16.25198332,77.25077264
20130525,0.0,35.65,40.48,27.69,12.79,6.8,6.13,16.25198332,77.25077264
20130526,0.49,37.84,39.59,26.99,12.6,9.95,12.31,16.25198332,77.25077264
20130527,6.63,51.89,34.52,26.08,8.44,5.02,6.19,16.25198332,77.25077264
20130528,4.58,57.09,34.96,25.6,9.37,4.09,3.14,16.25198332,77.25077264
20130529,7.1,65.43,32.63,24.84,7.79,3.17,3.73,16.25198332,77.25077264
20130530,2.37,65.83,33.48,25.29,8.19,3.61,3.41,16.25198332,77.25077264
20130531,8.57,65.8,34.35,24.87,9.48,5.1,6.04,16.25198332,77.25077264
20130601,3.98,65.78,33.01,24.45,8.55,5.31,6.49,16.25198332,77.25077264
20130602,8.43,67.66,32.2,24.21,7.98,4.09,5.71,16.25198332,77.25077264
20130603,8.41,69.78,31.54,23.18,8.36,4.08,6.04,16.25198332,77.25077264
20130604,0.04,60.76,35.14,23.15,12.0,3.92,5.71,16.25198332,77.25077264
20130605,11.19,65.91,33.39,24.07,9.31,3.93,2.99,16.25198332,77.25077264
20130606,5.38,75.79,31.59,24.6,7.0,4.52,4.19,16.25198332,77.25077264
20130607,3.59,75.87,30.24,24.54,5.7,2.54,2.82,16.25198332,77.25077264
20130608,2.55,75.91,31.39,23.61,7.78,3.54,3.65,16.25198332,77.25077264
20130609,0.13,71.83,31.21,23.17,8.03,4.61,4.53,16.25198332,77.25077264
20130610,1.04,73.88,31.4,22.1,9.3,4.16,4.25,16.25198332,77.25077264
20130611,1.53,68.18,32.52,23.51,9.01,4.04,3.44,16.25198332,77.25077264
20130612,0.15,64.14,34.22,23.03,11.19,5.13,5.4,16.25198332,77.25077264
20130613,1.82,68.53,31.13,23.33,7.8,4.32,4.9,16.25198332,77.25077264
20130614,0.93,71.53,30.47,22.94,7.53,5.1,5.06,16.25198332,77.25077264
20130615,0.18,68.21,32.37,23.57,8.8,6.4,6.34,16.25198332,77.25077264
20130616,0.04,62.98,35.0,23.09,11.91,6.11,6.01,16.25198332,77.25077264
20130617,0.08,64.16,34.6,22.85,11.75,7.12,7.33,16.25198332,77.25077264
20130618,0.08,65.64,34.0,23.39,10.61,3.67,3.81,16.25198332,77.25077264
20130619,2.79,67.53,33.74,23.25,10.49,3.53,2.92,16.25198332,77.25077264
20130620,0.15,63.25,34.16,23.3,10.86,3.76,3.82,16.25198332,77.25077264
20130621,0.06,61.59,33.72,23.57,10.15,3.78,3.21,16.25198332,77.25077264
20130622,0.83,65.64,33.11,23.24,9.87,4.33,3.67,16.25198332,77.25077264
20130623,4.03,64.92,31.74,23.46,8.28,4.66,4.93,16.25198332,77.25077264
20130624,7.81,67.63,32.69,22.95,9.74,4.94,5.33,16.25198332,77.25077264
20130625,1.46,69.13,31.78,23.42,8.36,6.82,7.03,16.25198332,77.25077264
20130626,0.61,63.73,35.1,22.98,12.12,6.25,6.6,16.25198332,77.25077264
20130627,0.01,60.47,35.64,23.58,12.06,4.76,4.54,16.25198332,77.25077264
20130628,0.0,57.68,36.26,23.0,13.26,4.76,5.05,16.25198332,77.25077264
20130629,0.27,59.94,35.08,22.71,12.37,3.8,3.67,16.25198332,77.25077264
20130630,0.13,66.47,32.57,23.54,9.03,5.72,6.04,16.25198332,77.25077264
20130701,0.03,68.01,31.07,23.17,7.89,3.63,3.58,16.25198332,77.25077264
20130702,0.33,65.74,32.39,23.77,8.61,5.37,4.0,16.25198332,77.25077264
20130703,0.3,66.73,31.4,23.71,7.69,4.68,4.04,16.25198332,77.25077264
20130704,1.05,64.15,32.14,23.17,8.97,5.33,4.46,16.25198332,77.25077264
20130705,1.35,65.32,32.88,23.24,9.64,3.07,2.92,16.25198332,77.25077264
20130706,0.92,69.53,30.91,23.51,7.4,3.04,2.36,16.25198332,77.25077264
20130707,2.24,73.16,30.04,23.09,6.95,3.35,3.03,16.25198332,77.25077264
20130708,3.31,70.04,31.87,23.46,8.41,3.37,2.77,16.25198332,77.25077264
20130709,0.84,65.44,33.14,22.89,10.25,4.2,3.95,16.25198332,77.25077264
20130710,12.06,69.86,31.05,23.16,7.89,5.38,4.77,16.25198332,77.25077264
20130711,9.08,75.34,29.04,22.29,6.75,4.76,4.08,16.25198332,77.25077264
20130712,7.31,76.9,29.67,22.51,7.16,3.36,3.39,16.25198332,77.25077264
20130713,3.78,70.08,31.99,22.43,9.56,4.65,3.18,16.25198332,77.25077264
20130714,0.79,67.24,33.37,22.46,10.91,3.96,3.75,16.25198332,77.25077264
20130715,6.38,68.49,32.89,23.18,9.71,3.76,3.14,16.25198332,77.25077264
20130716,10.4,73.12,31.05,22.92,8.13,4.44,4.11,16.25198332,77.25077264
20130717,14.87,72.99,31.37,22.61,8.77,4.52,4.2,16.25198332,77.25077264
20130718,6.89,71.9,31.07,22.76,8.31,5.51,5.32,16.25198332,77.25077264
20130719,5.48,80.23,28.61,22.9,5.71,3.38,3.82,16.25198332,77.25077264
20130720,0.4,74.96,30.47,22.93,7.54,5.24,5.02,16.25198332,77.25077264
20130721,0.61,75.64,30.03,22.1,7.93,4.29,4.09,16.25198332,77.25077264
20130722,16.76,80.58,28.91,23.02,5.89,3.94,3.73,16.25198332,77.25077264
20130723,7.3,81.55,28.29,22.76,5.53,5.14,5.16,16.25198332,77.25077264
20130724,0.58,71.03,32.11,22.52,9.59,5.35,5.71,16.25198332,77.25077264
20130725,0.31,68.94,32.07,23.41,8.66,4.36,4.36,16.25198332,77.25077264
20130726,3.11,73.9,30.3,22.83,7.47,4.66,4.5,16.25198332,77.25077264
20130727,0.27,69.92,32.91,21.13,11.78,5.15,5.04,16.25198332,77.25077264
20130728,0.07,68.26,33.08,22.77,10.31,4.44,4.14,16.25198332,77.25077264
20130729,0.0,67.96,32.54,22.3,10.24,4.72,5.08,16.25198332,77.25077264
20130730,1.36,66.94,33.36,22.12,11.23,6.58,7.24,16.25198332,77.25077264
20130731,3.22,72.39,29.08,22.94,6.14,3.02,2.74,16.25198332,77.25077264
20130801,0.42,66.79,31.61,22.35,9.26,6.22,6.42,16.25198332,77.25077264
20130802,0.13,65.61,33.35,22.79,10.57,4.7,4.49,16.25198332,77.25077264
20130803,0.02,65.44,33.61,21.76,11.85,3.48,2.72,16.25198332,77.25077264
20130804,3.45,67.62,33.65,21.99,11.66,4.65,3.39,16.25198332,77.25077264
20130805,14.23,78.21,29.11,22.62,6.49,5.42,5.52,16.25198332,77.25077264
20130806,2.05,75.01,30.09,22.54,7.54,3.75,2.23,16.25198332,77.25077264
20130807,0.1,68.45,33.44,21.98,11.46,3.72,2.04,16.25198332,77.25077264
20130808,0.03,67.49,32.96,22.8,10.16,3.07,2.33,16.25198332,77.25077264
20130809,0.1,70.4,30.98,22.58,8.4,3.52,3.1,16.25198332,77.25077264
20130810,1.7,72.61,31.37,22.3,9.07,3.17,2.6,16.25198332,77.25077264
20130811,1.96,72.5,31.15,22.19,8.97,3.96,2.63,16.25198332,77.25077264
20130812,4.09,75.98,29.65,22.51,7.13,4.61,3.14,16.25198332,77.25077264
20130813,2.46,72.54,31.85,22.09,9.76,3.82,3.61,16.25198332,77.25077264
20130814,11.34,75.62,31.16,22.03,9.13,3.63,2.86,16.25198332,77.25077264
20130815,12.56,78.43,30.11,22.17,7.94,4.42,3.78,16.25198332,77.25077264
20130816,5.99,82.93,28.25,22.82,5.43,3.86,3.52,16.25198332,77.25077264
20130817,2.15,76.18,30.8,22.12,8.69,2.89,2.37,16.25198332,77.25077264
20130818,12.15,81.14,29.78,22.32,7.45,4.2,3.44,16.25198332,77.25077264
20130819,0.59,77.18,30.44,22.21,8.23,3.45,3.3,16.25198332,77.25077264
20130820,0.03,69.84,32.33,22.27,10.07,4.19,3.7,16.25198332,77.25077264
20130821,0.08,67.49,33.34,22.15,11.19,4.25,3.82,16.25198332,77.25077264
20130822,1.54,68.65,32.9,21.91,10.99,4.26,3.08,16.25198332,77.25077264
20130823,0.08,65.99,33.26,21.96,11.3,3.22,2.23,16.25198332,77.25077264
20130824,0.01,64.54,33.96,21.45,12.51,3.1,1.92,16.25198332,77.25077264
20130825,0.21,65.44,33.43,22.06,11.37,2.8,2.34,16.25198332,77.25077264
20130826,0.4,66.13,33.52,21.85,11.67,3.56,2.5,16.25198332,77.25077264
20130827,0.1,66.27,33.33,21.98,11.34,2.46,1.14,16.25198332,77.25077264
20130828,0.05,67.42,33.22,22.52,10.7,3.51,3.4,16.25198332,77.25077264
20130829,0.68,71.8,31.5,22.52,8.98,2.63,2.08,16.25198332,77.25077264
20130830,0.12,66.6,34.09,22.67,11.42,2.61,2.36,16.25198332,77.25077264
20130831,1.03,68.26,33.63,23.39,10.24,2.83,2.39,16.25198332,77.25077264
20130901,4.86,67.81,34.19,22.59,11.6,1.59,2.66,16.25198332,77.25077264
20130902,8.79,72.85,31.15,24.14,7.0,1.28,1.97,16.25198332,77.25077264
20130903,22.04,80.06,28.98,23.35,5.63,3.26,4.86,16.25198332,77.25077264
20130904,1.42,72.4,30.91,22.08,8.83,3.5,4.54,16.25198332,77.25077264
20130905,0.18,66.65,32.82,21.82,11.0,3.42,4.12,16.25198332,77.25077264
20130906,12.67,72.49,30.78,21.83,8.95,4.77,6.3,16.25198332,77.25077264
20130907,14.34,82.17,28.12,22.31,5.81,3.8,4.25,16.25198332,77.25077264
20130908,14.29,86.93,27.19,21.61,5.58,2.1,3.32,16.25198332,77.25077264
20130909,2.36,84.33,28.4,21.89,6.51,1.43,1.49,16.25198332,77.25077264
20130910,15.17,86.03,28.93,22.11,6.82,1.95,3.47,16.25198332,77.25077264
20130911,15.07,86.03,29.22,22.6,6.62,1.81,2.14,16.25198332,77.25077264
20130912,3.32,82.13,30.5,22.4,8.1,2.55,4.47,16.25198332,77.25077264
20130913,3.76,83.69,29.23,22.34,6.89,1.89,2.28,16.25198332,77.25077264
20130914,24.54,82.64,29.26,22.56,6.69,0.81,2.37,16.25198332,77.25077264
20130915,13.08,83.56,29.52,22.63,6.89,3.08,3.35,16.25198332,77.25077264
20130916,10.24,89.49,27.51,22.81,4.7,2.71,3.75,16.25198332,77.25077264
20130917,13.83,85.6,29.27,22.46,6.82,3.07,2.35,16.25198332,77.25077264
20130918,14.25,90.0,27.8,22.62,5.19,3.19,3.52,16.25198332,77.25077264
20130919,9.6,88.14,28.57,22.0,6.57,3.85,3.45,16.25198332,77.25077264
20130920,4.49,86.69,27.71,22.8,4.9,3.29,3.37,16.25198332,77.25077264
20130921,0.07,80.24,29.95,21.7,8.25,3.03,2.5,16.25198332,77.25077264
20130922,0.01,78.33,31.01,21.41,9.6,3.65,3.66,16.25198332,77.25077264
20130923,0.01,77.25,30.78,20.54,10.24,3.89,2.31,16.25198332,77.25077264
20130924,2.21,83.11,30.77,19.63,11.14,2.05,2.22,16.25198332,77.25077264
20130925,1.56,81.61,29.94,20.12,9.81,3.51,3.34,16.25198332,77.25077264
20130926,0.67,79.27,30.42,22.03,8.38,3.72,3.93,16.25198332,77.25077264
20130927,0.03,77.76,30.78,22.18,8.59,2.54,4.11,16.25198332,77.25077264
20130928,0.02,77.29,30.9,22.18,8.72,2.89,3.19,16.25198332,77.25077264
20130929,0.17,77.88,29.75,21.43,8.32,3.59,3.95,16.25198332,77.25077264
20130930,0.54,82.14,28.34,22.16,6.18,4.76,5.1,16.25198332,77.25077264
20131001,0.49,88.81,26.23,22.46,3.76,2.98,2.51,16.25198332,77.25077264
20131002,11.91,88.42,26.94,22.03,4.91,3.91,5.44,16.25198332,77.25077264
20131003,0.78,79.74,30.0,21.76,8.24,3.52,4.43,16.25198332,77.25077264
20131004,0.0,77.52,30.25,21.28,8.98,3.03,3.17,16.25198332,77.25077264
20131005,1.51,81.54,30.09,19.41,10.68,3.64,2.68,16.25198332,77.25077264
20131006,0.02,77.95,30.74,20.84,9.9,3.46,4.86,16.25198332,77.25077264
20131007,0.69,80.96,30.14,22.09,8.05,2.11,4.15,16.25198332,77.25077264
20131008,1.23,85.14,28.64,23.18,5.46,3.6,4.27,16.25198332,77.25077264
20131009,7.03,82.7,28.56,21.91,6.65,4.88,5.91,16.25198332,77.25077264
20131010,3.19,80.87,28.98,22.1,6.88,4.99,6.08,16.25198332,77.25077264
20131011,0.15,76.27,30.36,21.66,8.7,4.05,3.52,16.25198332,77.25077264
20131012,1.93,80.61,30.16,21.65,8.52,3.72,2.31,16.25198332,77.25077264
20131013,0.59,78.2,30.99,22.1,8.89,2.9,4.0,16.25198332,77.25077264
20131014,0.05,79.85,30.19,22.74,7.45,2.92,4.37,16.25198332,77.25077264
20131015,0.12,78.15,30.78,21.75,9.04,1.24,1.91,16.25198332,77.25077264
20131016,0.07,77.73,30.96,22.06,8.9,2.4,3.71,16.25198332,77.25077264
20131017,1.35,77.36,30.97,20.81,10.16,2.92,2.21,16.25198332,77.25077264
20131018,0.6,76.82,30.89,21.41,9.48,2.64,2.97,16.25198332,77.25077264
20131019,0.06,73.6,30.11,19.07,11.05,2.68,3.2,16.25198332,77.25077264
20131020,0.0,68.22,30.87,17.35,13.52,2.78,3.08,16.25198332,77.25077264
20131021,2.52,78.24,30.05,19.59,10.46,3.37,2.76,16.25198332,77.25077264
20131022,8.12,84.6,27.72,21.22,6.5,2.52,1.44,16.25198332,77.25077264
20131023,18.15,87.53,28.12,21.53,6.59,3.93,4.19,16.25198332,77.25077264
20131024,18.56,92.19,25.44,21.63,3.82,3.63,2.95,16.25198332,77.25077264
20131025,11.1,91.47,25.88,21.51,4.37,3.68,2.99,16.25198332,77.25077264
20131026,2.25,84.11,29.29,20.78,8.51,1.48,1.33,16.25198332,77.25077264
20131027,1.08,86.15,28.65,22.11,6.54,2.46,3.34,16.25198332,77.25077264
20131028,0.27,81.93,29.69,21.4,8.29,2.4,3.25,16.25198332,77.25077264
20131029,0.0,74.52,29.56,19.19,10.37,1.18,2.67,16.25198332,77.25077264
20131030,0.0,72.36,28.83,16.79,12.04,1.1,3.0,16.25198332,77.25077264
20131031,0.0,78.25,28.62,17.37,11.25,0.81,2.13,16.25198332,77.25077264
20131101,0.0,79.3,29.31,18.44,10.87,1.63,2.63,16.25198332,77.25077264
20131102,0.89,83.41,29.55,20.0,9.55,2.17,2.0,16.25198332,77.25077264
20131103,0.38,82.49,29.08,21.21,7.87,2.84,2.22,16.25198332,77.25077264
20131104,0.0,80.19,29.72,19.93,9.8,2.38,2.85,16.25198332,77.25077264
20131105,0.0,79.31,28.38,19.58,8.8,3.36,2.49,16.25198332,77.25077264
20131106,0.0,76.17,28.78,17.36,11.42,2.47,4.28,16.25198332,77.25077264
20131107,0.0,74.42,29.32,17.3,12.02,2.1,3.04,16.25198332,77.25077264
20131108,0.0,74.9,29.49,18.15,11.34,1.91,3.0,16.25198332,77.25077264
20131109,0.0,70.86,29.8,17.59,12.21,1.53,2.92,16.25198332,77.25077264
20131110,0.0,69.33,29.75,16.53,13.22,1.34,3.63,16.25198332,77.25077264
20131111,0.0,65.41,29.04,15.27,13.77,1.27,4.0,16.25198332,77.25077264
20131112,0.0,62.03,28.8,14.65,14.15,1.98,5.72,16.25198332,77.25077264
20131113,0.0,66.24,28.88,14.33,14.55,1.06,4.25,16.25198332,77.25077264
20131114,0.0,62.46,28.53,14.11,14.43,1.58,4.04,16.25198332,77.25077264
20131115,0.0,64.63,28.4,14.19,14.21,1.92,3.78,16.25198332,77.25077264
20131116,0.0,70.12,29.47,13.18,16.29,2.18,3.3,16.25198332,77.25077264
20131117,0.0,77.35,28.38,17.66,10.72,3.7,2.54,16.25198332,77.25077264
20131118,0.0,75.92,29.66,18.89,10.77,2.54,1.96,16.25198332,77.25077264
20131119,0.0,69.5,31.62,18.95,12.68,2.93,4.84,16.25198332,77.25077264
20131120,0.0,66.83,31.12,15.71,15.41,1.77,3.81,16.25198332,77.25077264
20131121,0.0,64.84,32.01,17.0,15.02,1.22,5.1,16.25198332,77.25077264
20131122,0.12,65.5,31.86,16.33,15.53,2.1,5.41,16.25198332,77.25077264
20131123,0.43,68.39,30.91,17.88,13.03,2.47,5.49,16.25198332,77.25077264
20131124,0.59,75.09,31.3,20.33,10.97,2.11,3.08,16.25198332,77.25077264
20131125,0.06,70.48,32.15,20.77,11.38,1.45,4.01,16.25198332,77.25077264
20131126,0.0,66.54,32.5,19.66,12.84,3.13,5.32,16.25198332,77.25077264
20131127,0.0,56.75,31.25,16.49,14.76,2.32,4.05,16.25198332,77.25077264
20131128,0.01,54.5,29.94,16.1,13.83,2.39,4.25,16.25198332,77.25077264
20131129,1.31,67.78,30.81,17.78,13.02,3.55,6.97,16.25198332,77.25077264
20131130,0.05,66.09,31.86,17.64,14.22,2.25,4.88,16.25198332,77.25077264
20131201,0.0,68.32,32.68,19.07,13.6,2.82,4.87,16.25198332,77.25077264
20131202,0.0,70.24,31.39,20.31,11.08,2.97,4.45,16.25198332,77.25077264
20131203,0.0,64.11,31.93,19.7,12.23,3.79,4.97,16.25198332,77.25077264
20131204,0.0,64.58,31.22,17.51,13.7,3.77,4.12,16.25198332,77.25077264
20131205,0.0,56.25,31.13,16.21,14.92,4.02,4.51,16.25198332,77.25077264
20131206,0.0,54.86,30.62,14.84,15.78,2.53,5.13,16.25198332,77.25077264
20131207,0.0,48.72,29.96,12.72,17.23,2.27,4.49,16.25198332,77.25077264
20131208,0.0,52.43,31.42,12.74,18.69,2.4,6.22,16.25198332,77.25077264
20131209,0.0,41.79,31.48,13.07,18.42,2.71,5.69,16.25198332,77.25077264
20131210,0.0,42.14,31.87,11.87,20.0,2.02,5.1,16.25198332,77.25077264
20131211,0.0,39.12,32.23,12.07,20.16,2.01,6.17,16.25198332,77.25077264
20131212,0.0,43.91,31.65,13.5,18.16,2.53,3.78,16.25198332,77.25077264
20131213,0.0,49.4,31.56,13.16,18.4,2.07,3.56,16.25198332,77.25077264
20131214,0.0,46.27,31.85,14.88,16.98,1.36,4.12,16.25198332,77.25077264
20131215,0.0,35.33,32.7,12.99,19.71,3.81,7.4,16.25198332,77.25077264
20131216,0.0,41.09,31.18,12.64,18.55,3.92,7.86,16.25198332,77.25077264
20131217,0.0,45.12,30.13,11.88,18.25,2.23,4.76,16.25198332,77.25077264
20131218,0.0,47.5,30.12,12.68,17.44,1.27,4.78,16.25198332,77.25077264
20131219,0.0,47.23,30.29,12.61,17.68,2.55,6.09,16.25198332,77.25077264
20131220,0.0,44.58,30.85,12.15,18.7,3.27,7.3,16.25198332,77.25077264
20131221,0.0,51.66,30.74,13.39,17.36,3.28,5.84,16.25198332,77.25077264
20131222,0.0,52.6,30.62,14.19,16.44,3.09,4.28,16.25198332,77.25077264
20131223,0.0,58.89,30.03,15.59,14.44,3.5,2.96,16.25198332,77.25077264
20131224,0.0,56.81,30.0,15.11,14.89,3.19,3.57,16.25198332,77.25077264
20131225,0.0,51.0,30.51,15.32,15.19,1.74,4.47,16.25198332,77.25077264
20131226,0.0,48.29,30.71,14.19,16.52,1.73,4.69,16.25198332,77.25077264
20131227,0.0,52.28,29.69,14.31,15.38,2.01,4.94,16.25198332,77.25077264
20131228,0.0,55.89,30.16,15.85,14.31,2.2,4.86,16.25198332,77.25077264
20131229,0.0,51.61,30.43,15.47,14.96,3.09,5.38,16.25198332,77.25077264
20131230,0.0,48.75,30.34,14.84,15.5,3.18,5.15,16.25198332,77.25077264
20131231,0.0,55.16,30.64,14.95,15.7,3.22,3.84,16.25198332,77.25077264
20140101,0.0,53.99,29.98,16.35,13.63,3.54,3.82,16.25198332,77.25077264
20140102,0.0,51.03,30.6,14.22,16.38,2.66,5.5,16.25198332,77.25077264
20140103,0.0,48.92,31.09,14.19,16.9,2.49,5.45,16.25198332,77.25077264
20140104,0.0,48.9,31.91,14.79,17.13,3.05,5.93,16.25198332,77.25077264
20140105,0.0,51.82,31.62,16.16,15.46,2.88,5.69,16.25198332,77.25077264
20140106,0.0,48.15,32.63,16.32,16.3,3.84,7.14,16.25198332,77.25077264
20140107,0.0,47.85,32.32,15.98,16.34,2.8,4.62,16.25198332,77.25077264
20140108,0.0,48.54,32.03,15.44,16.59,3.12,3.61,16.25198332,77.25077264
20140109,0.0,52.15,31.88,16.8,15.08,3.07,5.34,16.25198332,77.25077264
20140110,0.0,51.02,32.09,17.62,14.47,4.06,6.23,16.25198332,77.25077264
20140111,0.0,53.64,31.67,18.03,13.64,3.2,4.81,16.25198332,77.25077264
20140112,0.0,49.95,32.63,17.2,15.42,2.87,4.93,16.25198332,77.25077264
20140113,0.0,45.47,32.09,16.55,15.54,2.54,4.41,16.25198332,77.25077264
20140114,0.0,50.0,31.79,16.47,15.32,3.81,6.18,16.25198332,77.25077264
20140115,0.0,50.74,31.77,17.91,13.86,3.75,5.75,16.25198332,77.25077264
20140116,0.0,49.58,32.21,17.55,14.66,3.56,5.72,16.25198332,77.25077264
20140117,0.0,51.57,31.91,18.61,13.3,3.57,4.65,16.25198332,77.25077264
20140118,0.0,53.85,31.76,17.69,14.07,3.62,4.67,16.25198332,77.25077264
20140119,0.0,48.87,32.5,17.66,14.84,3.72,4.87,16.25198332,77.25077264
20140120,0.0,51.84,31.8,18.2,13.61,3.03,2.86,16.25198332,77.25077264
20140121,0.0,50.74,31.89,17.38,14.51,3.58,3.97,16.25198332,77.25077264
20140122,0.0,50.7,31.51,17.51,14.0,4.01,3.65,16.25198332,77.25077264
20140123,0.0,53.0,30.58,17.45,13.14,3.4,4.41,16.25198332,77.25077264
20140124,0.0,49.18,31.59,17.79,13.79,3.39,5.31,16.25198332,77.25077264
20140125,0.0,52.12,32.09,19.06,13.03,2.58,3.98,16.25198332,77.25077264
20140126,0.0,48.3,32.13,17.43,14.7,3.08,4.28,16.25198332,77.25077264
20140127,0.0,53.7,30.13,17.54,12.59,2.27,3.71,16.25198332,77.25077264
20140128,0.0,51.32,31.11,16.75,14.37,2.82,4.81,16.25198332,77.25077264
20140129,0.0,51.05,31.16,17.92,13.24,2.88,4.26,16.25198332,77.25077264
20140130,0.0,47.05,31.01,17.29,13.73,2.31,4.23,16.25198332,77.25077264
20140131,0.0,42.39,31.48,16.21,15.27,2.82,5.39,16.25198332,77.25077264
20140201,0.0,45.44,31.46,16.25,15.21,3.58,4.74,16.25198332,77.25077264
20140202,0.0,46.8,32.65,17.09,15.56,2.64,4.51,16.25198332,77.25077264
20140203,0.0,40.81,33.82,17.02,16.8,2.4,4.98,16.25198332,77.25077264
20140204,0.0,33.45,34.3,16.05,18.25,2.0,5.39,16.25198332,77.25077264
20140205,0.0,27.46,34.42,15.7,18.72,2.4,6.28,16.25198332,77.25077264
20140206,0.0,28.95,34.93,16.38,18.54,1.87,5.91,16.25198332,77.25077264
20140207,0.0,29.06,34.84,16.15,18.69,3.6,7.67,16.25198332,77.25077264
20140208,0.0,27.93,34.4,15.92,18.48,3.18,6.27,16.25198332,77.25077264
20140209,0.0,26.9,35.27,16.34,18.93,2.32,5.06,16.25198332,77.25077264
20140210,0.0,21.23,35.21,16.42,18.79,2.33,3.39,16.25198332,77.25077264
20140211,0.0,26.21,33.87,15.09,18.78,2.59,4.93,16.25198332,77.25077264
20140212,0.0,39.76,34.16,17.32,16.85,4.0,4.29,16.25198332,77.25077264
20140213,0.0,48.26,32.02,19.73,12.29,4.09,4.01,16.25198332,77.25077264
20140214,0.03,46.49,32.66,20.68,11.98,3.37,4.53,16.25198332,77.25077264
20140215,0.0,41.04,30.3,19.75,10.55,2.54,4.09,16.25198332,77.25077264
20140216,0.0,42.21,30.82,19.71,11.1,3.11,5.11,16.25198332,77.25077264
20140217,0.0,28.81,34.47,18.55,15.92,3.6,6.22,16.25198332,77.25077264
20140218,0.0,29.98,33.46,16.28,17.18,2.95,5.05,16.25198332,77.25077264
20140219,0.0,50.68,33.12,18.33,14.79,3.15,4.51,16.25198332,77.25077264
20140220,0.0,47.11,33.83,18.83,15.0,3.75,4.36,16.25198332,77.25077264
20140221,0.0,45.84,33.17,19.2,13.97,3.34,5.55,16.25198332,77.25077264
20140222,0.0,42.26,34.07,19.38,14.69,3.99,6.13,16.25198332,77.25077264
20140223,0.0,41.92,34.45,19.89,14.56,4.13,4.87,16.25198332,77.25077264
20140224,0.0,40.24,34.82,18.39,16.44,3.64,3.44,16.25198332,77.25077264
20140225,0.0,38.69,34.87,17.34,17.52,3.95,4.01,16.25198332,77.25077264
20140226,0.12,32.96,35.3,17.28,18.02,3.34,5.88,16.25198332,77.25077264
20140227,1.25,37.13,35.34,19.2,16.14,2.65,3.69,16.25198332,77.25077264
20140228,0.89,44.07,34.03,21.04,12.98,3.9,5.97,16.25198332,77.25077264
20140301,3.97,47.49,33.95,21.32,12.63,2.87,4.01,16.25198332,77.25077264
20140302,0.53,47.8,34.07,20.21,13.86,5.25,8.03,16.25198332,77.25077264
20140303,1.74,56.38,31.77,20.49,11.27,3.43,3.57,16.25198332,77.25077264
20140304,3.65,61.39,30.83,21.03,9.8,5.37,7.38,16.25198332,77.25077264
20140305,21.7,66.95,31.33,19.71,11.62,3.59,5.66,16.25198332,77.25077264
20140306,4.02,68.66,30.55,19.69,10.86,2.97,4.69,16.25198332,77.25077264
20140307,2.26,62.21,31.81,18.42,13.39,3.2,3.82,16.25198332,77.25077264
20140308,1.05,56.24,32.96,17.95,15.0,4.1,5.77,16.25198332,77.25077264
20140309,1.12,59.2,32.21,18.4,13.82,5.5,5.64,16.25198332,77.25077264
20140310,0.45,55.49,32.94,19.1,13.84,5.11,8.04,16.25198332,77.25077264
20140311,0.04,55.5,33.5,18.2,15.3,3.76,5.92,16.25198332,77.25077264
20140312,0.0,59.43,30.35,19.82,10.53,2.72,3.45,16.25198332,77.25077264
20140313,0.0,50.5,33.68,19.06,14.62,2.96,4.37,16.25198332,77.25077264
20140314,0.0,46.9,35.43,17.67,17.76,2.42,6.35,16.25198332,77.25077264
20140315,0.0,40.33,35.59,17.9,17.69,2.75,6.32,16.25198332,77.25077264
20140316,0.0,43.54,36.15,18.27,17.88,1.51,4.76,16.25198332,77.25077264
20140317,0.0,40.26,36.24,20.01,16.22,2.37,5.43,16.25198332,77.25077264
20140318,0.0,34.74,37.38,20.93,16.45,2.15,4.59,16.25198332,77.25077264
20140319,0.0,32.7,37.88,19.29,18.59,2.24,5.39,16.25198332,77.25077264
20140320,0.0,30.82,38.54,20.87,17.67,3.08,5.52,16.25198332,77.25077264
20140321,0.0,29.51,38.65,21.63,17.02,3.48,6.9,16.25198332,77.25077264
20140322,0.0,28.68,38.83,21.61,17.22,4.68,8.47,16.25198332,77.25077264
20140323,0.0,29.73,39.3,22.6,16.7,4.13,6.3,16.25198332,77.25077264
20140324,0.0,29.31,39.06,22.58,16.48,4.31,5.76,16.25198332,77.25077264
20140325,0.0,28.24,39.28,21.38,17.9,4.87,7.98,16.25198332,77.25077264
20140326,0.0,29.32,39.62,22.2,17.42,3.76,5.71,16.25198332,77.25077264
20140327,0.0,24.65,39.66,21.81,17.85,3.35,5.91,16.25198332,77.25077264
20140328,0.0,23.03,39.4,21.3,18.09,3.68,6.93,16.25198332,77.25077264
20140329,0.0,21.82,40.28,22.02,18.26,2.1,5.03,16.25198332,77.25077264
20140330,0.0,22.2,40.76,23.11,17.65,2.32,4.46,16.25198332,77.25077264
20140331,0.0,25.11,40.02,24.34,15.68,1.53,2.72,16.25198332,77.25077264
20140401,0.79,28.13,40.08,25.35,14.73,1.89,3.9,16.25198332,77.25077264
20140402,0.57,29.81,38.52,26.46,12.06,2.1,3.88,16.25198332,77.25077264
20140403,0.04,26.0,39.55,24.32,15.23,2.42,4.75,16.25198332,77.25077264
20140404,0.0,26.61,39.88,26.64,13.24,2.79,4.62,16.25198332,77.25077264
20140405,0.0,23.95,40.74,23.8,16.95,2.53,4.96,16.25198332,77.25077264
20140406,0.0,23.99,40.85,24.66,16.19,3.55,5.65,16.25198332,77.25077264
20140407,0.0,26.12,40.97,23.66,17.31,3.91,7.06,16.25198332,77.25077264
20140408,0.55,25.07,41.09,24.93,16.16,2.73,4.88,16.25198332,77.25077264
20140409,1.79,28.9,39.95,26.11,13.84,2.48,3.79,16.25198332,77.25077264
20140410,0.19,27.72,40.24,25.29,14.95,1.95,4.57,16.25198332,77.25077264
20140411,0.0,26.85,39.82,25.13,14.69,3.12,5.88,16.25198332,77.25077264
20140412,0.0,25.74,39.68,26.2,13.48,4.11,7.33,16.25198332,77.25077264
20140413,1.73,31.3,39.92,25.41,14.52,5.26,7.36,16.25198332,77.25077264
20140414,1.22,33.94,39.17,25.98,13.19,3.9,5.55,16.25198332,77.25077264
20140415,1.78,38.93,39.26,25.41,13.85,3.32,4.22,16.25198332,77.25077264
20140416,0.03,31.19,39.92,23.54,16.39,3.35,5.39,16.25198332,77.25077264
20140417,2.94,34.8,39.85,24.68,15.17,3.38,5.99,16.25198332,77.25077264
20140418,0.93,39.67,38.18,26.17,12.01,2.57,3.15,16.25198332,77.25077264
20140419,1.38,37.92,38.64,24.77,13.87,1.98,3.8,16.25198332,77.25077264
20140420,0.05,33.38,38.33,25.53,12.8,3.68,6.07,16.25198332,77.25077264
20140421,0.03,33.64,37.74,25.26,12.48,3.93,6.45,16.25198332,77.25077264
20140422,0.0,27.37,39.56,24.99,14.58,2.7,4.14,16.25198332,77.25077264
20140423,0.0,29.25,40.08,24.67,15.4,3.36,6.02,16.25198332,77.25077264
20140424,0.36,29.36,40.28,25.61,14.67,2.33,4.58,16.25198332,77.25077264
20140425,0.17,30.49,40.7,25.85,14.85,2.81,5.72,16.25198332,77.25077264
20140426,0.62,34.06,39.69,28.35,11.34,2.98,4.99,16.25198332,77.25077264
20140427,4.86,34.98,40.77,27.73,13.04,3.3,5.23,16.25198332,77.25077264
20140428,1.24,40.93,38.92,27.36,11.56,3.31,5.93,16.25198332,77.25077264
20140429,0.87,39.21,38.79,26.78,12.01,2.31,4.23,16.25198332,77.25077264
20140430,2.34,44.05,36.86,26.92,9.94,2.63,4.03,16.25198332,77.25077264
20140501,0.09,39.65,38.83,26.45,12.37,1.43,3.92,16.25198332,77.25077264
20140502,1.74,37.04,40.54,25.35,15.19,5.64,8.59,16.25198332,77.25077264
20140503,2.18,41.91,39.89,26.09,13.8,5.02,7.03,16.25198332,77.25077264
20140504,0.39,41.85,39.0,25.68,13.32,5.86,7.66,16.25198332,77.25077264
20140505,0.37,40.01,39.0,26.12,12.88,5.03,6.16,16.25198332,77.25077264
20140506,0.06,42.25,39.45,26.55,12.91,4.31,6.06,16.25198332,77.25077264
20140507,0.13,48.17,36.0,25.86,10.14,3.58,4.39,16.25198332,77.25077264
20140508,13.42,57.11,35.43,24.47,10.97,3.38,2.86,16.25198332,77.25077264
20140509,23.37,84.06,27.77,22.97,4.8,4.19,4.37,16.25198332,77.25077264
20140510,0.03,58.72,36.72,22.37,14.35,5.11,5.54,16.25198332,77.25077264
20140511,0.0,45.21,37.41,23.16,14.25,5.27,7.23,16.25198332,77.25077264
20140512,0.0,41.94,37.68,22.53,15.15,5.5,6.9,16.25198332,77.25077264
20140513,0.0,42.55,38.08,21.81,16.27,5.23,6.92,16.25198332,77.25077264
20140514,0.0,42.07,38.34,23.6,14.73,5.22,6.53,16.25198332,77.25077264
20140515,0.0,46.26,38.23,23.09,15.14,5.68,7.63,16.25198332,77.25077264
20140516,0.03,47.76,37.91,24.92,12.99,5.21,6.4,16.25198332,77.25077264
20140517,0.08,47.9,37.98,25.25,12.72,3.14,4.06,16.25198332,77.25077264
20140518,0.0,43.4,39.23,25.98,13.25,3.13,6.61,16.25198332,77.25077264
20140519,1.26,43.25,39.55,26.11,13.44,3.88,7.33,16.25198332,77.25077264
20140520,0.31,48.43,38.05,26.53,11.51,4.25,6.22,16.25198332,77.25077264
20140521,1.43,53.41,36.39,25.97,10.41,4.44,6.52,16.25198332,77.25077264
20140522,0.77,47.92,39.74,25.91,13.82,4.92,6.14,16.25198332,77.25077264
20140523,0.0,33.19,42.53,26.11,16.42,7.6,9.73,16.25198332,77.25077264
20140524,0.0,31.18,42.44,28.08,14.36,6.29,7.88,16.25198332,77.25077264
20140525,0.01,31.14,42.4,27.86,14.54,3.94,3.44,16.25198332,77.25077264
20140526,0.32,49.89,36.27,28.1,8.18,6.62,7.24,16.25198332,77.25077264
20140527,16.62,57.21,36.63,26.94,9.68,1.62,4.66,16.25198332,77.25077264
20140528,0.26,57.58,36.6,25.38,11.22,3.35,6.7,16.25198332,77.25077264
20140529,0.66,52.76,38.88,25.21,13.66,4.51,5.79,16.25198332,77.25077264
20140530,0.43,54.96,38.15,25.67,12.49,3.58,4.35,16.25198332,77.25077264
20140531,0.2,47.89,39.99,25.7,14.3,4.46,4.83,16.25198332,77.25077264
20140601,0.38,40.51,39.73,25.74,13.99,6.62,8.66,16.25198332,77.25077264
20140602,10.89,47.8,37.98,27.03,10.95,3.61,6.11,16.25198332,77.25077264
20140603,4.32,56.85,36.76,25.83,10.92,2.56,5.24,16.25198332,77.25077264
20140604,0.08,55.83,36.76,24.74,12.02,4.1,6.79,16.25198332,77.25077264
20140605,2.71,56.91,37.12,25.93,11.19,5.07,6.99,16.25198332,77.25077264
20140606,4.32,59.8,36.84,26.18,10.66,4.08,4.98,16.25198332,77.25077264
20140607,0.27,57.74,36.94,25.67,11.27,3.87,6.39,16.25198332,77.25077264
20140608,0.0,55.05,37.35,25.47,11.88,3.84,4.99,16.25198332,77.25077264
20140609,1.15,55.67,37.2,25.42,11.78,4.64,5.96,16.25198332,77.25077264
20140610,0.05,52.17,38.65,24.89,13.76,2.95,4.46,16.25198332,77.25077264
20140611,0.0,51.58,38.81,25.34,13.47,3.02,3.28,16.25198332,77.25077264
20140612,0.01,46.19,39.08,24.74,14.35,4.01,4.83,16.25198332,77.25077264
20140613,0.03,44.91,38.69,24.72,13.97,2.25,3.02,16.25198332,77.25077264
20140614,18.33,54.72,37.46,25.78,11.68,5.02,5.87,16.25198332,77.25077264
20140615,0.14,57.6,35.52,24.72,10.79,2.75,3.27,16.25198332,77.25077264
20140616,0.0,56.73,36.93,24.59,12.34,4.12,4.49,16.25198332,77.25077264
20140617,0.01,60.76,35.23,24.82,10.41,3.95,4.87,16.25198332,77.25077264
20140618,0.74,61.43,34.45,24.54,9.91,4.46,4.61,16.25198332,77.25077264
20140619,0.71,62.51,34.22,24.45,9.77,3.5,3.26,16.25198332,77.25077264
20140620,0.01,58.12,35.4,24.66,10.74,4.71,4.69,16.25198332,77.25077264
20140621,0.0,56.78,35.52,24.47,11.05,3.83,4.01,16.25198332,77.25077264
20140622,0.0,55.31,34.9,25.27,9.63,3.14,3.1,16.25198332,77.25077264
20140623,0.0,48.79,38.01,25.03,12.98,2.91,3.14,16.25198332,77.25077264
20140624,0.0,44.98,39.28,25.3,13.98,4.22,4.69,16.25198332,77.25077264
20140625,0.36,43.2,39.35,24.69,14.67,3.47,3.56,16.25198332,77.25077264
20140626,0.08,43.24,38.22,25.61,12.62,7.81,9.4,16.25198332,77.25077264
20140627,0.1,44.41,36.96,27.59,9.37,6.28,7.02,16.25198332,77.25077264
20140628,0.05,49.66,35.23,28.15,7.08,3.75,3.55,16.25198332,77.25077264
20140629,0.0,46.78,36.48,26.73,9.75,5.32,6.03,16.25198332,77.25077264
20140630,0.0,40.02,39.06,26.23,12.82,5.9,5.22,16.25198332,77.25077264
20140701,1.58,41.53,38.18,27.03,11.15,5.72,6.5,16.25198332,77.25077264
20140702,0.32,42.18,37.77,26.6,11.16,3.39,4.21,16.25198332,77.25077264
20140703,0.0,42.97,38.01,25.36,12.65,3.78,5.5,16.25198332,77.25077264
20140704,0.36,53.81,33.72,26.27,7.45,2.57,3.27,16.25198332,77.25077264
20140705,6.81,66.18,31.24,24.86,6.38,2.54,2.66,16.25198332,77.25077264
20140706,23.4,75.99,30.48,24.07,6.41,3.9,4.95,16.25198332,77.25077264
20140707,24.47,73.4,31.4,23.68,7.73,3.55,2.31,16.25198332,77.25077264
20140708,4.33,69.06,33.04,23.02,10.02,3.82,2.33,16.25198332,77.25077264
20140709,4.91,68.6,31.69,23.14,8.55,4.1,2.53,16.25198332,77.25077264
20140710,1.01,66.83,30.94,21.88,9.06,3.85,4.68,16.25198332,77.25077264
20140711,3.0,68.57,31.55,22.46,9.09,5.54,5.52,16.25198332,77.25077264
20140712,3.29,65.02,31.57,22.49,9.08,5.7,5.71,16.25198332,77.25077264
20140713,3.63,69.92,32.09,23.0,9.09,5.05,5.19,16.25198332,77.25077264
20140714,5.52,71.5,32.84,23.25,9.59,4.87,4.74,16.25198332,77.25077264
20140715,4.05,69.25,31.95,23.54,8.41,5.31,5.09,16.25198332,77.25077264
20140716,0.4,64.53,33.56,22.79,10.77,6.19,6.49,16.25198332,77.25077264
20140717,0.04,63.24,34.83,23.18,11.65,4.84,4.92,16.25198332,77.25077264
20140718,0.09,66.7,33.06,23.63,9.43,4.44,4.27,16.25198332,77.25077264
20140719,0.15,64.58,34.0,23.41,10.59,6.59,6.94,16.25198332,77.25077264
20140720,0.04,65.31,33.38,23.95,9.42,4.17,3.78,16.25198332,77.25077264
20140721,3.13,67.89,32.26,23.67,8.59,4.42,4.25,16.25198332,77.25077264
20140722,2.24,71.31,31.01,23.46,7.55,4.51,4.55,16.25198332,77.25077264
20140723,4.69,66.7,32.95,23.48,9.47,6.71,6.9,16.25198332,77.25077264
20140724,0.73,63.67,34.26,23.33,10.94,5.32,5.28,16.25198332,77.25077264
20140725,1.96,65.48,34.38,22.76,11.61,4.38,4.71,16.25198332,77.25077264
20140726,5.97,65.29,34.44,22.93,11.51,3.86,3.99,16.25198332,77.25077264
20140727,9.71,70.52,32.93,23.01,9.92,3.11,2.7,16.25198332,77.25077264
20140728,7.92,76.42,30.03,23.04,7.0,4.9,5.05,16.25198332,77.25077264
20140729,0.69,73.0,30.71,23.02,7.68,5.08,5.0,16.25198332,77.25077264
20140730,2.11,74.72,30.84,23.03,7.82,4.94,5.12,16.25198332,77.25077264
20140731,0.9,74.87,31.89,23.25,8.64,4.94,4.86,16.25198332,77.25077264
20140801,0.02,67.69,33.86,23.43,10.43,4.01,3.49,16.25198332,77.25077264
20140802,0.02,65.06,34.16,22.9,11.26,5.34,5.44,16.25198332,77.25077264
20140803,0.02,65.47,34.25,23.17,11.08,4.67,5.18,16.25198332,77.25077264
20140804,0.64,67.85,34.05,23.12,10.93,4.28,3.79,16.25198332,77.25077264
20140805,2.62,73.23,29.91,23.48,6.43,4.64,4.43,16.25198332,77.25077264
20140806,0.16,65.28,34.76,22.22,12.54,5.6,5.85,16.25198332,77.25077264
20140807,0.5,64.94,34.49,22.58,11.9,4.42,5.0,16.25198332,77.25077264
20140808,0.39,64.76,34.53,22.73,11.8,3.45,3.01,16.25198332,77.25077264
20140809,0.1,64.61,34.57,22.71,11.86,3.24,2.93,16.25198332,77.25077264
20140810,0.01,66.53,32.51,23.07,9.45,3.22,2.86,16.25198332,77.25077264
20140811,1.53,67.1,33.27,22.84,10.43,3.47,3.48,16.25198332,77.25077264
20140812,0.92,61.92,34.67,23.24,11.43,2.4,3.22,16.25198332,77.25077264
20140813,0.02,64.28,33.19,22.86,10.33,3.12,2.8,16.25198332,77.25077264
20140814,0.06,63.5,33.45,23.27,10.18,2.8,2.06,16.25198332,77.25077264
20140815,0.47,61.47,34.5,23.1,11.41,3.66,3.12,16.25198332,77.25077264
20140816,0.09,62.55,33.23,23.05,10.18,2.85,2.26,16.25198332,77.25077264
20140817,0.58,63.85,33.38,23.03,10.34,3.62,2.91,16.25198332,77.25077264
20140818,8.57,71.34,30.52,23.42,7.11,3.28,3.57,16.25198332,77.25077264
20140819,1.52,67.87,33.25,22.79,10.46,2.88,4.74,16.25198332,77.25077264
20140820,1.68,67.5,32.96,23.44,9.52,0.94,2.86,16.25198332,77.25077264
20140821,28.65,73.35,32.0,23.24,8.76,2.68,3.36,16.25198332,77.25077264
20140822,4.98,69.25,32.49,22.45,10.04,2.12,3.3,16.25198332,77.25077264
20140823,0.71,65.37,35.29,22.75,12.54,2.87,3.85,16.25198332,77.25077264
20140824,61.12,82.61,29.49,22.56,6.94,2.3,3.19,16.25198332,77.25077264
20140825,8.16,81.62,30.66,22.18,8.48,3.5,3.65,16.25198332,77.25077264
20140826,28.91,89.16,27.09,22.7,4.4,2.97,3.48,16.25198332,77.25077264
20140827,19.55,86.14,26.95,22.37,4.58,2.94,3.08,16.25198332,77.25077264
20140828,36.61,87.29,27.6,21.81,5.79,2.98,1.94,16.25198332,77.25077264
20140829,25.76,86.92,28.07,21.88,6.19,2.19,3.7,16.25198332,77.25077264
20140830,8.59,88.96,26.92,22.29,4.63,3.85,3.48,16.25198332,77.25077264
20140831,12.23,84.6,28.67,21.0,7.67,3.73,3.66,16.25198332,77.25077264
20140901,0.91,78.26,29.16,20.62,8.53,5.2,5.13,16.25198332,77.25077264
20140902,0.02,79.96,30.72,20.79,9.93,5.03,4.65,16.25198332,77.25077264
20140903,0.04,79.74,31.1,21.71,9.39,4.17,3.55,16.25198332,77.25077264
20140904,1.06,81.61,29.87,21.88,7.98,3.88,3.36,16.25198332,77.25077264
20140905,0.97,80.98,29.47,21.96,7.51,4.64,4.47,16.25198332,77.25077264
20140906,7.22,86.67,27.64,21.9,5.74,3.67,3.24,16.25198332,77.25077264
20140907,1.63,80.93,28.97,22.08,6.89,4.33,3.18,16.25198332,77.25077264
20140908,0.07,76.45,31.27,21.34,9.93,3.71,3.39,16.25198332,77.25077264
20140909,0.39,75.8,31.08,21.01,10.07,3.62,3.11,16.25198332,77.25077264
20140910,0.24,78.88,30.49,20.91,9.58,3.99,2.61,16.25198332,77.25077264
20140911,0.07,77.51,30.83,21.29,9.54,3.13,2.58,16.25198332,77.25077264
20140912,4.48,78.03,30.5,20.86,9.64,3.74,5.71,16.25198332,77.25077264
20140913,5.27,78.75,30.26,22.02,8.24,4.27,5.49,16.25198332,77.25077264
20140914,10.57,84.56,29.28,22.57,6.7,4.14,4.15,16.25198332,77.25077264
20140915,7.28,84.31,28.85,22.56,6.29,2.83,3.42,16.25198332,77.25077264
20140916,12.64,87.65,27.29,22.28,5.01,2.25,2.68,16.25198332,77.25077264
20140917,1.65,84.78,28.46,22.3,6.17,3.64,3.75,16.25198332,77.25077264
20140918,2.34,85.19,28.36,22.45,5.91,3.05,3.26,16.25198332,77.25077264
20140919,15.36,84.27,29.15,22.52,6.62,2.99,3.72,16.25198332,77.25077264
20140920,4.38,87.31,28.33,22.99,5.34,2.1,1.07,16.25198332,77.25077264
20140921,0.21,83.67,29.33,22.49,6.84,3.51,3.66,16.25198332,77.25077264
20140922,0.02,78.97,30.4,22.54,7.86,2.29,2.32,16.25198332,77.25077264
20140923,0.0,79.99,30.79,22.13,8.66,2.13,2.14,16.25198332,77.25077264
20140924,0.32,83.46,29.7,22.64,7.06,2.57,2.27,16.25198332,77.25077264
20140925,0.09,80.15,30.85,22.65,8.19,2.85,3.11,16.25198332,77.25077264
20140926,0.73,78.86,31.06,21.46,9.6,2.53,2.34,16.25198332,77.25077264
20140927,0.12,80.01,30.02,20.57,9.45,1.98,2.26,16.25198332,77.25077264
20140928,0.52,81.2,30.21,21.2,9.0,2.2,2.11,16.25198332,77.25077264
20140929,0.13,80.27,30.65,21.53,9.12,2.11,2.08,16.25198332,77.25077264
20140930,1.62,80.08,30.53,21.12,9.41,1.78,1.24,16.25198332,77.25077264
20141001,0.04,75.94,31.04,20.89,10.15,1.02,2.81,16.25198332,77.25077264
20141002,0.0,71.88,31.52,19.83,11.69,1.09,2.5,16.25198332,77.25077264
20141003,0.02,70.97,31.54,20.78,10.76,0.94,1.37,16.25198332,77.25077264
20141004,0.0,68.28,31.85,21.43,10.42,2.1,2.26,16.25198332,77.25077264
20141005,4.17,74.76,31.35,21.11,10.24,0.81,1.42,16.25198332,77.25077264
20141006,11.02,73.46,30.79,21.95,8.84,2.94,4.07,16.25198332,77.25077264
20141007,8.33,76.67,30.61,21.98,8.62,1.13,2.82,16.25198332,77.25077264
20141008,1.74,80.67,29.3,22.13,7.17,1.0,1.6,16.25198332,77.25077264
20141009,0.42,79.9,30.33,21.21,9.11,0.93,2.2,16.25198332,77.25077264
20141010,0.32,77.15,31.1,22.28,8.83,2.23,2.71,16.25198332,77.25077264
20141011,0.41,78.36,30.01,22.39,7.63,3.0,3.39,16.25198332,77.25077264
20141012,0.04,65.64,31.13,19.48,11.65,4.17,3.73,16.25198332,77.25077264
20141013,0.0,61.12,31.99,18.65,13.35,3.55,5.43,16.25198332,77.25077264
20141014,0.0,67.52,32.57,19.78,12.79,3.45,6.22,16.25198332,77.25077264
20141015,0.0,74.0,31.93,21.78,10.14,1.87,3.02,16.25198332,77.25077264
20141016,1.72,77.56,31.1,21.11,10.0,2.89,2.89,16.25198332,77.25077264
20141017,0.25,73.84,31.73,20.92,10.81,2.1,2.79,16.25198332,77.25077264
20141018,0.03,69.62,31.83,20.15,11.68,2.13,2.4,16.25198332,77.25077264
20141019,0.18,70.71,31.74,20.03,11.72,3.37,4.93,16.25198332,77.25077264
20141020,0.06,68.36,31.83,19.9,11.93,4.1,3.39,16.25198332,77.25077264
20141021,0.57,70.76,31.27,20.28,10.99,3.38,2.91,16.25198332,77.25077264
20141022,0.1,71.99,32.01,19.63,12.37,2.87,2.8,16.25198332,77.25077264
20141023,0.0,68.5,31.98,19.84,12.14,2.47,2.38,16.25198332,77.25077264
20141024,0.4,71.68,30.99,19.96,11.03,2.75,1.79,16.25198332,77.25077264
20141025,19.28,83.39,26.14,19.09,7.06,3.58,3.75,16.25198332,77.25077264
20141026,13.8,83.12,27.09,17.81,9.28,3.03,4.97,16.25198332,77.25077264
20141027,1.83,76.92,28.3,18.78,9.52,2.41,3.22,16.25198332,77.25077264
20141028,0.03,71.32,30.02,18.86,11.16,2.69,2.93,16.25198332,77.25077264
20141029,0.0,63.19,29.87,16.61,13.26,2.33,2.5,16.25198332,77.25077264
20141030,0.0,66.78,30.04,15.18,14.86,2.73,2.73,16.25198332,77.25077264
20141031,0.0,68.87,28.27,15.21,13.06,2.27,2.39,16.25198332,77.25077264
20141101,0.0,65.82,30.94,17.1,13.84,4.36,4.58,16.25198332,77.25077264
20141102,0.0,61.02,31.98,17.73,14.24,2.89,3.55,16.25198332,77.25077264
20141103,0.0,62.51,31.58,16.62,14.96,3.54,3.55,16.25198332,77.25077264
20141104,0.0,55.16,31.94,15.96,15.99,2.61,2.6,16.25198332,77.25077264
20141105,0.0,52.83,31.9,15.13,16.77,2.47,3.75,16.25198332,77.25077264
20141106,0.0,53.85,32.5,16.54,15.95,1.99,3.55,16.25198332,77.25077264
20141107,0.0,55.65,32.77,16.77,16.0,1.86,3.03,16.25198332,77.25077264
20141108,0.0,52.16,31.65,15.94,15.71,2.91,4.02,16.25198332,77.25077264
20141109,1.83,68.96,24.82,16.96,7.86,3.48,3.11,16.25198332,77.25077264
20141110,1.82,74.17,32.34,18.85,13.49,3.5,3.26,16.25198332,77.25077264
20141111,0.02,69.61,32.63,20.25,12.38,2.37,4.68,16.25198332,77.25077264
20141112,1.52,73.05,31.58,19.25,12.34,3.55,4.85,16.25198332,77.25077264
20141113,3.29,77.72,29.3,20.75,8.55,4.9,4.18,16.25198332,77.25077264
20141114,3.55,81.66,27.97,20.87,7.1,3.84,3.17,16.25198332,77.25077264
20141115,0.46,72.21,31.58,20.06,11.51,2.41,3.43,16.25198332,77.25077264
20141116,0.0,67.5,32.06,18.73,13.33,2.76,4.71,16.25198332,77.25077264
20141117,0.0,68.28,31.9,18.59,13.31,3.17,6.36,16.25198332,77.25077264
20141118,0.42,69.98,31.7,18.9,12.8,3.71,6.54,16.25198332,77.25077264
20141119,0.02,71.39,31.42,18.79,12.63,3.19,5.96,16.25198332,77.25077264
20141120,0.0,65.94,31.73,19.26,12.48,2.1,4.04,16.25198332,77.25077264
20141121,0.0,63.69,31.05,16.6,14.45,2.27,4.43,16.25198332,77.25077264
20141122,0.0,63.95,31.04,16.42,14.62,1.75,4.92,16.25198332,77.25077264
20141123,0.0,63.02,31.11,16.41,14.7,2.32,4.65,16.25198332,77.25077264
20141124,0.0,63.16,30.9,16.02,14.88,2.44,4.94,16.25198332,77.25077264
20141125,0.0,61.6,30.56,14.93,15.63,2.8,4.34,16.25198332,77.25077264
20141126,0.0,56.91,30.78,14.41,16.37,3.12,6.15,16.25198332,77.25077264
20141127,0.0,53.84,31.03,13.79,17.24,2.65,5.26,16.25198332,77.25077264
20141128,0.0,54.38,31.01,13.35,17.66,3.12,6.42,16.25198332,77.25077264
20141129,0.0,51.12,31.18,15.52,15.66,3.56,5.39,16.25198332,77.25077264
20141130,0.0,44.99,31.43,15.17,16.27,3.83,5.41,16.25198332,77.25077264
20141201,0.0,46.18,30.27,15.1,15.17,3.28,3.2,16.25198332,77.25077264
20141202,0.0,45.76,32.28,14.14,18.14,1.75,3.76,16.25198332,77.25077264
20141203,0.0,43.63,32.79,15.14,17.66,2.81,5.75,16.25198332,77.25077264
20141204,0.0,39.8,33.27,14.93,18.34,3.29,6.64,16.25198332,77.25077264
20141205,0.0,43.89,32.03,14.25,17.78,3.87,7.39,16.25198332,77.25077264
20141206,0.0,54.43,31.99,15.12,16.87,3.66,6.83,16.25198332,77.25077264
20141207,0.0,50.51,32.62,15.36,17.26,2.96,6.73,16.25198332,77.25077264
20141208,0.0,50.69,32.87,16.74,16.13,2.23,5.18,16.25198332,77.25077264
20141209,0.01,55.19,32.8,18.16,14.64,2.48,4.42,16.25198332,77.25077264
20141210,0.01,59.93,32.25,18.97,13.29,3.04,4.26,16.25198332,77.25077264
20141211,2.35,72.58,28.03,20.46,7.57,3.01,2.78,16.25198332,77.25077264
20141212,4.61,66.15,30.12,19.15,10.96,3.31,4.51,16.25198332,77.25077264
20141213,0.28,63.96,30.24,17.81,12.43,3.59,3.77,16.25198332,77.25077264
20141214,0.09,68.82,29.18,19.28,9.9,3.94,5.2,16.25198332,77.25077264
20141215,0.01,62.74,31.5,18.26,13.24,1.99,4.26,16.25198332,77.25077264
20141216,0.0,59.26,32.08,18.1,13.98,2.96,3.17,16.25198332,77.25077264
20141217,0.0,51.53,30.78,16.55,14.23,3.25,3.65,16.25198332,77.25077264
20141218,0.0,50.6,30.02,14.66,15.35,2.18,3.86,16.25198332,77.25077264
20141219,0.0,54.32,30.22,15.88,14.34,2.13,4.68,16.25198332,77.25077264
20141220,0.0,48.39,29.69,13.98,15.71,1.45,3.61,16.25198332,77.25077264
20141221,0.0,43.69,29.98,13.19,16.79,1.89,4.89,16.25198332,77.25077264
20141222,0.0,50.47,30.73,13.18,17.55,3.39,6.28,16.25198332,77.25077264
20141223,0.0,52.38,30.81,14.58,16.22,2.3,5.65,16.25198332,77.25077264
20141224,0.0,51.83,31.02,15.18,15.84,2.1,5.03,16.25198332,77.25077264
20141225,0.0,47.21,30.53,13.7,16.83,1.52,4.53,16.25198332,77.25077264
20141226,0.0,40.28,30.73,13.42,17.31,3.06,4.79,16.25198332,77.25077264
20141227,0.0,38.31,30.38,12.99,17.4,2.21,4.83,16.25198332,77.25077264
20141228,0.0,49.18,30.02,13.04,16.98,2.63,4.21,16.25198332,77.25077264
20141229,0.0,52.65,31.88,17.09,14.79,2.63,5.42,16.25198332,77.25077264
20141230,0.0,50.7,32.79,16.31,16.47,3.58,5.76,16.25198332,77.25077264
20141231,0.04,54.13,32.57,17.92,14.66,3.12,5.81,16.25198332,77.25077264
20150101,0.45,54.92,31.96,19.13,12.83,3.27,2.61,16.25198332,77.25077264
20150102,0.49,58.26,31.8,19.83,11.97,2.85,3.03,16.25198332,77.25077264
20150103,0.54,54.56,31.69,20.07,11.62,3.31,5.18,16.25198332,77.25077264
20150104,0.0,55.2,31.08,19.72,11.35,2.39,4.28,16.25198332,77.25077264
20150105,0.0,47.88,31.49,17.94,13.55,4.38,5.14,16.25198332,77.25077264
20150106,0.0,40.27,31.4,16.04,15.36,3.41,4.94,16.25198332,77.25077264
20150107,0.0,33.93,31.73,15.33,16.39,2.77,5.45,16.25198332,77.25077264
20150108,0.0,32.97,31.03,14.74,16.29,2.0,4.81,16.25198332,77.25077264
20150109,0.0,24.15,31.29,13.09,18.2,2.22,5.51,16.25198332,77.25077264
20150110,0.0,21.54,31.0,11.08,19.92,1.53,4.37,16.25198332,77.25077264
20150111,0.0,21.36,30.92,10.79,20.14,2.75,6.46,16.25198332,77.25077264
20150112,0.0,25.56,30.29,10.56,19.73,1.43,4.54,16.25198332,77.25077264
20150113,0.0,28.6,31.0,11.55,19.45,2.01,5.39,16.25198332,77.25077264
20150114,0.0,37.95,30.87,11.5,19.37,2.61,5.94,16.25198332,77.25077264
20150115,0.0,47.71,30.34,13.74,16.6,2.66,4.63,16.25198332,77.25077264
20150116,0.0,43.12,30.93,14.23,16.7,2.46,4.95,16.25198332,77.25077264
20150117,0.0,35.94,31.32,13.26,18.05,2.12,4.62,16.25198332,77.25077264
20150118,0.0,35.21,31.59,13.67,17.92,2.95,6.63,16.25198332,77.25077264
20150119,0.0,41.96,31.14,13.94,17.2,2.81,6.2,16.25198332,77.25077264
20150120,0.0,51.93,31.01,15.78,15.23,3.58,5.3,16.25198332,77.25077264
20150121,0.0,54.74,30.18,16.46,13.72,3.62,4.03,16.25198332,77.25077264
20150122,0.0,41.87,30.7,14.81,15.9,3.71,5.03,16.25198332,77.25077264
20150123,0.0,45.61,31.61,15.46,16.15,2.81,5.22,16.25198332,77.25077264
20150124,0.0,44.51,30.89,15.64,15.24,2.79,5.01,16.25198332,77.25077264
20150125,0.0,43.11,31.67,14.5,17.17,3.2,4.14,16.25198332,77.25077264
20150126,0.0,45.27,32.05,15.73,16.32,3.73,3.62,16.25198332,77.25077264
20150127,0.0,44.81,31.92,15.49,16.44,2.94,3.71,16.25198332,77.25077264
20150128,0.0,47.36,32.42,15.07,17.35,3.01,4.85,16.25198332,77.25077264
20150129,0.0,47.82,32.46,16.13,16.33,3.04,5.57,16.25198332,77.25077264
20150130,0.0,46.25,32.92,16.58,16.34,2.39,4.89,16.25198332,77.25077264
20150131,0.0,42.72,32.61,16.3,16.31,2.86,3.9,16.25198332,77.25077264
20150201,0.0,44.23,32.67,16.39,16.28,1.96,4.51,16.25198332,77.25077264
20150202,0.0,46.68,32.5,16.89,15.61,2.99,4.66,16.25198332,77.25077264
20150203,0.0,45.08,31.91,17.34,14.57,2.45,4.05,16.25198332,77.25077264
20150204,0.0,43.04,31.48,14.87,16.6,3.03,4.11,16.25198332,77.25077264
20150205,0.0,33.11,32.45,15.47,16.98,3.89,6.91,16.25198332,77.25077264
20150206,0.0,36.65,31.46,14.9,16.56,3.58,6.02,16.25198332,77.25077264
20150207,0.0,40.01,32.39,15.93,16.46,2.59,4.26,16.25198332,77.25077264
20150208,0.0,45.93,30.04,16.38,13.66,3.76,5.85,16.25198332,77.25077264
20150209,0.0,46.24,31.74,16.16,15.58,4.3,5.47,16.25198332,77.25077264
20150210,0.0,46.84,32.67,17.41,15.26,3.02,4.19,16.25198332,77.25077264
20150211,0.0,44.36,33.2,15.85,17.35,2.61,4.11,16.25198332,77.25077264
20150212,0.0,36.01,33.93,15.84,18.08,3.43,6.11,16.25198332,77.25077264
20150213,0.0,33.55,34.49,15.22,19.27,2.77,5.55,16.25198332,77.25077264
20150214,0.0,26.46,35.23,17.51,17.72,2.7,4.88,16.25198332,77.25077264
20150215,0.0,25.08,35.66,16.52,19.13,2.21,5.65,16.25198332,77.25077264
20150216,0.0,29.31,35.5,15.82,19.68,1.42,3.71,16.25198332,77.25077264
20150217,0.0,28.49,35.69,16.0,19.69,2.26,5.2,16.25198332,77.25077264
20150218,0.0,26.34,36.02,15.87,20.15,2.9,5.74,16.25198332,77.25077264
20150219,0.0,28.8,35.88,16.87,19.01,2.56,5.34,16.25198332,77.25077264
20150220,0.0,34.25,35.13,17.9,17.24,2.93,5.29,16.25198332,77.25077264
20150221,0.0,36.69,34.99,18.16,16.83,2.07,4.12,16.25198332,77.25077264
20150222,0.0,27.97,35.47,18.4,17.07,2.25,4.75,16.25198332,77.25077264
20150223,0.0,28.17,35.37,17.14,18.23,2.58,5.28,16.25198332,77.25077264
20150224,0.0,26.66,35.7,17.34,18.36,2.01,4.6,16.25198332,77.25077264
20150225,0.0,22.85,35.86,16.36,19.5,2.52,6.25,16.25198332,77.25077264
20150226,0.0,21.8,35.93,15.4,20.54,2.45,5.1,16.25198332,77.25077264
20150227,0.0,26.87,36.29,17.35,18.95,2.95,5.66,16.25198332,77.25077264
20150228,0.49,43.97,32.39,21.22,11.17,2.35,2.19,16.25198332,77.25077264
20150301,3.14,54.68,32.75,20.16,12.59,3.33,1.51,16.25198332,77.25077264
20150302,2.59,49.75,34.64,20.7,13.94,3.39,4.53,16.25198332,77.25077264
20150303,0.06,40.85,34.26,19.14,15.12,2.9,3.11,16.25198332,77.25077264
20150304,0.5,35.35,34.37,16.94,17.43,2.25,4.39,16.25198332,77.25077264
20150305,0.0,36.2,36.44,19.43,17.02,4.1,6.64,16.25198332,77.25077264
20150306,7.5,54.51,33.54,23.0,10.54,4.1,6.34,16.25198332,77.25077264
20150307,0.61,56.93,33.84,20.29,13.55,1.77,5.03,16.25198332,77.25077264
20150308,1.71,51.75,35.06,21.02,14.05,3.42,5.75,16.25198332,77.25077264
20150309,4.36,57.88,33.0,21.51,11.49,3.24,5.59,16.25198332,77.25077264
20150310,0.04,53.61,33.9,21.06,12.84,2.31,3.08,16.25198332,77.25077264
20150311,0.0,39.53,35.44,18.8,16.64,3.16,5.98,16.25198332,77.25077264
20150312,0.0,41.51,36.08,17.82,18.26,3.53,4.27,16.25198332,77.25077264
20150313,0.0,40.75,36.56,19.24,17.33,3.44,5.01,16.25198332,77.25077264
20150314,0.0,35.06,36.8,18.56,18.24,3.92,5.46,16.25198332,77.25077264
20150315,0.0,43.73,36.65,19.71,16.93,4.98,5.01,16.25198332,77.25077264
20150316,0.0,35.57,37.71,22.78,14.92,4.6,6.02,16.25198332,77.25077264
20150317,0.0,33.07,37.75,21.37,16.38,3.78,5.39,16.25198332,77.25077264
20150318,0.0,27.9,38.07,20.36,17.71,3.61,6.83,16.25198332,77.25077264
20150319,0.0,24.53,37.75,20.66,17.09,2.77,5.59,16.25198332,77.25077264
20150320,0.0,29.45,36.2,21.17,15.03,3.32,5.62,16.25198332,77.25077264
20150321,0.0,26.94,38.41,20.68,17.74,2.55,5.74,16.25198332,77.25077264
20150322,0.0,25.7,39.08,20.67,18.42,3.06,6.27,16.25198332,77.25077264
20150323,0.0,27.21,37.68,23.77,13.9,3.31,5.95,16.25198332,77.25077264
20150324,0.0,24.83,40.13,24.17,15.96,3.47,5.87,16.25198332,77.25077264
20150325,0.0,29.89,39.61,23.01,16.6,2.89,4.15,16.25198332,77.25077264
20150326,0.0,34.46,38.95,23.1,15.85,3.25,4.15,16.25198332,77.25077264
20150327,0.0,33.04,38.61,22.82,15.79,3.28,4.58,16.25198332,77.25077264
20150328,0.0,28.56,38.6,22.24,16.36,2.87,5.02,16.25198332,77.25077264
20150329,0.0,33.14,37.91,22.41,15.5,4.11,6.06,16.25198332,77.25077264
20150330,0.12,36.47,35.92,23.43,12.49,3.43,5.71,16.25198332,77.25077264
20150331,0.36,42.85,35.58,23.91,11.67,2.58,4.92,16.25198332,77.25077264
20150401,0.0,36.13,38.64,23.44,15.2,3.48,6.07,16.25198332,77.25077264
20150402,0.0,29.94,40.09,25.23,14.86,4.41,6.42,16.25198332,77.25077264
20150403,0.0,19.9,40.46,24.18,16.28,6.03,6.69,16.25198332,77.25077264
20150404,0.0,20.19,40.72,23.53,17.19,4.47,4.65,16.25198332,77.25077264
20150405,0.0,19.47,40.61,22.49,18.12,3.32,3.52,16.25198332,77.25077264
20150406,0.11,28.08,40.67,24.33,16.34,2.43,4.92,16.25198332,77.25077264
20150407,0.38,28.53,40.38,24.57,15.8,5.17,7.61,16.25198332,77.25077264
20150408,0.0,32.13,40.2,26.24,13.96,5.49,7.09,16.25198332,77.25077264
20150409,0.06,37.23,39.63,26.47,13.16,5.85,7.39,16.25198332,77.25077264
20150410,6.31,42.3,38.97,25.99,12.98,5.72,6.86,16.25198332,77.25077264
20150411,8.56,62.99,30.36,24.35,6.0,3.21,3.74,16.25198332,77.25077264
20150412,16.28,64.28,31.69,22.18,9.51,2.65,5.2,16.25198332,77.25077264
20150413,15.56,72.35,29.61,20.9,8.71,3.36,3.17,16.25198332,77.25077264
20150414,0.81,61.43,31.79,18.42,13.37,2.01,3.89,16.25198332,77.25077264
20150415,0.74,57.4,33.68,18.83,14.84,3.18,4.36,16.25198332,77.25077264
20150416,0.07,59.4,34.1,20.51,13.59,2.47,4.43,16.25198332,77.25077264
20150417,0.0,56.09,34.28,21.15,13.13,1.71,4.32,16.25198332,77.25077264
20150418,0.0,43.36,37.19,23.19,14.0,2.92,4.32,16.25198332,77.25077264
20150419,0.0,47.72,38.19,20.96,17.22,2.09,4.74,16.25198332,77.25077264
20150420,0.0,48.07,38.23,21.55,16.68,3.25,6.43,16.25198332,77.25077264
20150421,0.0,46.29,38.22,22.17,16.05,3.83,6.31,16.25198332,77.25077264
20150422,0.05,44.79,39.05,22.32,16.74,1.87,4.62,16.25198332,77.25077264
20150423,7.77,49.05,38.03,24.62,13.41,3.77,4.8,16.25198332,77.25077264
20150424,20.57,53.79,36.61,24.1,12.51,4.4,7.51,16.25198332,77.25077264
20150425,0.59,45.79,37.8,22.99,14.81,3.02,5.74,16.25198332,77.25077264
20150426,0.01,50.68,36.51,22.49,14.03,3.28,7.4,16.25198332,77.25077264
20150427,0.0,52.78,37.36,22.62,14.74,3.32,5.33,16.25198332,77.25077264
20150428,0.01,48.22,38.53,22.34,16.19,3.27,6.47,16.25198332,77.25077264
20150429,0.0,40.58,40.01,24.5,15.51,3.59,6.12,16.25198332,77.25077264
20150430,0.0,39.16,39.58,23.36,16.22,5.76,7.12,16.25198332,77.25077264
20150501,0.0,35.45,40.47,23.39,17.08,4.53,7.15,16.25198332,77.25077264
20150502,0.2,33.53,40.82,24.19,16.63,2.98,4.64,16.25198332,77.25077264
20150503,7.12,46.39,38.16,23.88,14.27,5.53,6.79,16.25198332,77.25077264
20150504,0.15,45.47,38.98,24.99,13.99,4.08,7.18,16.25198332,77.25077264
20150505,0.24,47.2,37.64,25.17,12.47,3.22,5.35,16.25198332,77.25077264
20150506,0.47,42.88,38.89,24.55,14.34,3.07,5.63,16.25198332,77.25077264
20150507,0.01,39.95,39.63,25.83,13.8,3.53,5.85,16.25198332,77.25077264
20150508,0.13,36.96,39.42,26.84,12.59,3.75,5.97,16.25198332,77.25077264
20150509,0.0,41.84,37.88,26.51,11.37,2.83,5.07,16.25198332,77.25077264
20150510,0.08,43.9,35.86,26.67,9.19,3.96,6.17,16.25198332,77.25077264
20150511,0.0,43.99,36.88,25.76,11.12,3.42,5.14,16.25198332,77.25077264
20150512,0.03,38.75,37.86,26.32,11.54,2.4,4.42,16.25198332,77.25077264
20150513,0.02,35.37,38.49,26.27,12.22,6.36,8.22,16.25198332,77.25077264
20150514,0.16,33.22,39.22,26.14,13.09,2.26,3.18,16.25198332,77.25077264
20150515,8.72,44.6,38.74,26.06,12.67,2.23,2.44,16.25198332,77.25077264
20150516,1.38,54.19,37.05,25.1,11.95,1.5,2.98,16.25198332,77.25077264
20150517,0.09,50.86,37.96,24.59,13.37,3.95,6.11,16.25198332,77.25077264
20150518,0.12,44.39,40.28,26.76,13.52,5.56,7.14,16.25198332,77.25077264
20150519,0.01,42.51,40.52,27.11,13.41,4.0,5.49,16.25198332,77.25077264
20150520,0.0,35.94,43.3,26.65,16.66,6.37,7.39,16.25198332,77.25077264
20150521,0.0,34.25,43.34,28.13,15.21,7.23,8.28,16.25198332,77.25077264
20150522,0.0,36.03,41.36,28.11,13.26,7.72,8.79,16.25198332,77.25077264
20150523,0.0,35.25,40.91,28.46,12.45,6.1,6.6,16.25198332,77.25077264
20150524,0.0,31.85,42.41,27.64,14.77,5.68,5.49,16.25198332,77.25077264
20150525,0.0,35.79,41.58,26.78,14.8,6.61,5.64,16.25198332,77.25077264
20150526,0.0,31.72,42.36,28.41,13.94,5.94,5.87,16.25198332,77.25077264
20150527,0.14,29.24,43.44,28.27,15.18,7.0,9.23,16.25198332,77.25077264
20150528,0.91,31.89,40.88,29.06,11.82,5.67,6.8,16.25198332,77.25077264
20150529,0.95,35.2,41.41,28.91,12.5,6.82,7.72,16.25198332,77.25077264
20150530,1.29,40.06,40.14,27.98,12.16,7.38,8.05,16.25198332,77.25077264
20150531,3.6,45.87,37.91,28.34,9.57,4.39,6.31,16.25198332,77.25077264
20150601,2.33,49.06,36.92,25.57,11.35,6.38,7.69,16.25198332,77.25077264
20150602,0.27,45.77,38.69,25.45,13.24,3.77,2.8,16.25198332,77.25077264
20150603,0.15,41.98,39.61,25.82,13.79,3.89,4.49,16.25198332,77.25077264
20150604,0.43,42.22,39.23,26.81,12.42,3.99,5.57,16.25198332,77.25077264
20150605,0.45,51.72,35.15,27.35,7.79,2.69,3.63,16.25198332,77.25077264
20150606,1.37,49.44,36.06,26.87,9.19,3.33,4.24,16.25198332,77.25077264
20150607,0.91,50.1,35.41,26.33,9.08,4.57,4.88,16.25198332,77.25077264
20150608,6.02,58.82,33.69,25.9,7.8,4.05,5.38,16.25198332,77.25077264
20150609,6.48,63.03,33.64,24.03,9.62,2.38,3.97,16.25198332,77.25077264
20150610,0.02,57.07,36.17,25.1,11.07,5.44,6.84,16.25198332,77.25077264
20150611,0.23,59.43,34.91,25.22,9.69,4.46,5.24,16.25198332,77.25077264
20150612,3.12,60.3,34.11,24.81,9.29,4.67,4.5,16.25198332,77.25077264
20150613,3.38,61.87,35.1,23.91,11.18,2.83,3.54,16.25198332,77.25077264
20150614,2.81,68.67,31.62,23.1,8.52,3.06,2.91,16.25198332,77.25077264
20150615,3.2,59.55,32.72,22.67,10.04,4.21,2.87,16.25198332,77.25077264
20150616,2.42,67.84,30.11,22.64,7.46,2.89,2.53,16.25198332,77.25077264
20150617,1.54,62.61,33.76,22.01,11.75,3.0,3.06,16.25198332,77.25077264
20150618,1.29,64.69,31.94,22.76,9.18,5.97,6.83,16.25198332,77.25077264
20150619,0.43,67.04,30.01,22.52,7.49,5.83,6.58,16.25198332,77.25077264
20150620,0.56,67.72,30.12,23.57,6.55,5.69,5.9,16.25198332,77.25077264
20150621,6.69,70.58,30.81,23.65,7.16,5.83,6.12,16.25198332,77.25077264
20150622,0.25,67.24,31.11,24.35,6.76,5.26,5.41,16.25198332,77.25077264
20150623,0.01,62.38,34.57,23.81,10.76,6.65,6.86,16.25198332,77.25077264
20150624,0.06,59.78,35.17,24.86,10.31,4.6,4.29,16.25198332,77.25077264
20150625,0.03,59.35,35.63,24.8,10.83,5.12,4.97,16.25198332,77.25077264
20150626,0.01,57.45,36.53,24.76,11.76,4.8,4.53,16.25198332,77.25077264
20150627,0.1,54.94,36.9,24.58,12.33,4.98,4.93,16.25198332,77.25077264
20150628,0.02,51.29,37.98,23.94,14.04,2.44,2.71,16.25198332,77.25077264
20150629,0.63,49.2,37.49,25.11,12.38,3.35,3.56,16.25198332,77.25077264
20150630,0.17,48.63,37.59,24.96,12.63,1.53,2.77,16.25198332,77.25077264
20150701,0.71,49.66,36.51,24.82,11.69,1.64,2.7,16.25198332,77.25077264
20150702,0.77,53.53,35.22,25.25,9.96,5.63,5.76,16.25198332,77.25077264
20150703,0.04,48.61,37.52,25.1,12.42,4.88,5.46,16.25198332,77.25077264
20150704,0.0,46.88,38.22,25.53,12.69,2.56,3.5,16.25198332,77.25077264
20150705,0.0,47.65,38.32,24.72,13.6,3.58,4.91,16.25198332,77.25077264
20150706,0.0,45.88,38.81,24.73,14.08,3.53,3.82,16.25198332,77.25077264
20150707,0.0,49.14,38.14,24.48,13.66,2.65,3.25,16.25198332,77.25077264
20150708,0.06,54.24,34.84,25.07,9.77,2.76,3.46,16.25198332,77.25077264
20150709,0.15,53.48,37.47,24.85,12.62,3.54,3.79,16.25198332,77.25077264
20150710,0.23,53.25,36.73,25.46,11.27,4.1,4.11,16.25198332,77.25077264
20150711,0.2,53.78,35.41,24.86,10.55,2.67,2.87,16.25198332,77.25077264
20150712,0.01,49.71,37.53,24.51,13.02,2.47,3.23,16.25198332,77.25077264
20150713,0.0,56.38,33.35,25.71,7.64,5.69,7.01,16.25198332,77.25077264
20150714,15.25,63.29,33.22,25.8,7.42,4.66,4.3,16.25198332,77.25077264
20150715,8.15,70.99,31.25,24.38,6.87,5.07,5.99,16.25198332,77.25077264
20150716,0.2,58.47,36.0,23.56,12.44,2.99,2.91,16.25198332,77.25077264
20150717,0.3,61.9,33.7,23.51,10.19,2.79,2.13,16.25198332,77.25077264
20150718,0.21,60.15,35.6,23.96,11.64,4.72,4.37,16.25198332,77.25077264
20150719,1.03,60.09,35.42,24.26,11.16,3.99,4.25,16.25198332,77.25077264
20150720,0.41,62.42,33.84,24.03,9.81,4.88,4.05,16.25198332,77.25077264
20150721,3.95,62.34,34.38,23.56,10.82,3.99,3.47,16.25198332,77.25077264
20150722,2.6,64.02,34.13,23.66,10.47,3.21,2.61,16.25198332,77.25077264
20150723,2.51,67.2,32.74,23.74,8.99,3.42,3.18,16.25198332,77.25077264
20150724,0.86,63.19,34.21,23.6,10.61,4.38,4.08,16.25198332,77.25077264
20150725,0.74,63.27,31.82,23.01,8.81,3.43,3.81,16.25198332,77.25077264
20150726,2.78,64.18,33.04,23.05,9.99,4.36,3.33,16.25198332,77.25077264
20150727,2.17,60.63,35.38,22.91,12.47,4.87,4.75,16.25198332,77.25077264
20150728,0.54,56.21,35.02,22.56,12.46,5.05,5.07,16.25198332,77.25077264
20150729,0.49,54.67,36.63,22.1,14.52,4.83,5.16,16.25198332,77.25077264
20150730,0.03,51.12,36.41,22.23,14.18,3.84,4.04,16.25198332,77.25077264
20150731,2.27,57.85,34.55,23.8,10.76,2.8,2.51,16.25198332,77.25077264
20150801,0.15,55.38,35.96,23.35,12.61,2.9,2.43,16.25198332,77.25077264
20150802,0.18,50.86,36.56,24.58,11.98,3.01,2.03,16.25198332,77.25077264
20150803,0.47,52.79,35.33,25.18,10.15,2.68,2.97,16.25198332,77.25077264
20150804,0.11,56.29,34.72,24.56,10.16,2.87,3.07,16.25198332,77.25077264
20150805,0.56,50.3,36.28,24.38,11.9,4.11,4.13,16.25198332,77.25077264
20150806,0.71,56.05,34.53,23.6,10.93,5.11,4.9,16.25198332,77.25077264
20150807,1.34,55.38,36.3,24.11,12.19,3.22,2.83,16.25198332,77.25077264
20150808,0.5,61.43,33.59,24.35,9.24,3.61,3.59,16.25198332,77.25077264
20150809,3.09,59.89,35.1,24.48,10.62,3.44,2.4,16.25198332,77.25077264
20150810,5.23,70.86,30.86,24.39,6.47,4.28,3.34,16.25198332,77.25077264
20150811,3.11,76.36,29.01,23.83,5.18,4.11,4.44,16.25198332,77.25077264
20150812,1.71,73.76,29.78,23.17,6.61,4.13,3.84,16.25198332,77.25077264
20150813,0.33,63.98,33.61,22.54,11.07,4.28,3.99,16.25198332,77.25077264
20150814,0.06,56.36,36.52,23.14,13.38,2.95,2.62,16.25198332,77.25077264
20150815,5.33,59.37,35.91,23.63,12.27,3.25,2.39,16.25198332,77.25077264
20150816,3.45,65.74,33.35,23.73,9.62,5.96,6.82,16.25198332,77.25077264
20150817,2.08,69.44,31.88,23.41,8.47,4.35,5.08,16.25198332,77.25077264
20150818,1.28,73.08,30.8,24.02,6.79,2.25,2.81,16.25198332,77.25077264
20150819,8.25,66.37,34.96,23.39,11.57,2.79,2.88,16.25198332,77.25077264
20150820,17.99,80.83,29.63,24.11,5.51,1.97,2.87,16.25198332,77.25077264
20150821,4.51,74.45,30.95,23.23,7.71,2.25,3.54,16.25198332,77.25077264
20150822,1.28,67.6,33.24,22.81,10.43,4.64,3.4,16.25198332,77.25077264
20150823,2.62,65.12,33.31,22.9,10.42,2.57,2.85,16.25198332,77.25077264
20150824,0.42,63.68,34.44,22.37,12.06,4.12,4.32,16.25198332,77.25077264
20150825,0.96,61.04,35.17,22.68,12.48,4.33,3.88,16.25198332,77.25077264
20150826,1.55,73.42,30.37,23.26,7.11,6.25,7.08,16.25198332,77.25077264
20150827,1.29,78.28,28.98,23.28,5.71,4.89,6.3,16.25198332,77.25077264
20150828,0.18,70.61,31.57,23.03,8.54,5.17,4.48,16.25198332,77.25077264
20150829,3.66,64.62,34.96,23.1,11.86,3.14,2.28,16.25198332,77.25077264
20150830,3.85,65.9,34.55,22.74,11.81,3.25,2.79,16.25198332,77.25077264
20150831,1.48,62.36,34.74,22.59,12.15,3.87,2.36,16.25198332,77.25077264
20150901,0.0,61.88,33.49,22.28,11.21,3.23,3.69,16.25198332,77.25077264
20150902,0.0,60.22,34.46,22.81,11.64,2.94,4.1,16.25198332,77.25077264
20150903,0.28,59.43,35.33,22.59,12.74,3.86,6.06,16.25198332,77.25077264
20150904,14.55,66.57,33.73,23.37,10.36,1.86,4.71,16.25198332,77.25077264
20150905,5.95,70.13,33.14,24.11,9.02,2.03,4.31,16.25198332,77.25077264
20150906,46.8,81.07,29.6,23.68,5.92,2.01,3.4,16.25198332,77.25077264
20150907,6.42,78.78,30.56,22.7,7.86,1.53,3.59,16.25198332,77.25077264
20150908,3.56,79.43,30.27,21.74,8.53,2.74,1.59,16.25198332,77.25077264
20150909,8.08,77.0,31.07,21.58,9.49,2.01,2.14,16.25198332,77.25077264
20150910,13.08,83.88,29.37,22.19,7.18,2.62,3.54,16.25198332,77.25077264
20150911,4.68,77.44,30.78,21.67,9.12,2.34,3.98,16.25198332,77.25077264
20150912,5.11,80.33,29.09,22.41,6.67,2.69,2.85,16.25198332,77.25077264
20150913,17.41,80.19,29.66,21.77,7.89,3.33,2.85,16.25198332,77.25077264
20150914,13.58,84.57,29.31,22.01,7.3,2.27,2.71,16.25198332,77.25077264
20150915,2.63,84.5,28.71,21.8,6.91,4.32,3.82,16.25198332,77.25077264
20150916,4.8,84.63,29.25,22.78,6.47,2.37,2.17,16.25198332,77.25077264
20150917,3.18,81.9,30.0,22.82,7.18,2.71,2.33,16.25198332,77.25077264
20150918,3.35,81.7,30.43,23.03,7.4,3.25,3.32,16.25198332,77.25077264
20150919,0.86,78.89,31.34,22.48,8.86,3.1,4.6,16.25198332,77.25077264
20150920,0.7,77.95,30.45,22.37,8.08,3.13,4.49,16.25198332,77.25077264
20150921,0.11,73.84,31.34,21.56,9.78,2.43,4.42,16.25198332,77.25077264
20150922,0.0,71.41,31.69,20.81,10.89,2.55,4.19,16.25198332,77.25077264
20150923,0.02,73.55,31.26,22.39,8.87,4.25,5.98,16.25198332,77.25077264
20150924,0.59,71.53,31.61,22.98,8.64,1.18,2.27,16.25198332,77.25077264
20150925,3.49,73.81,31.97,23.3,8.66,2.33,2.46,16.25198332,77.25077264
20150926,4.65,79.99,30.21,23.46,6.75,1.65,2.8,16.25198332,77.25077264
20150927,0.48,75.13,30.38,22.9,7.47,2.46,2.35,16.25198332,77.25077264
20150928,0.0,68.68,31.82,18.94,12.88,2.34,2.74,16.25198332,77.25077264
20150929,1.53,72.19,31.91,20.69,11.22,1.77,2.58,16.25198332,77.25077264
20150930,0.81,78.74,30.41,21.64,8.77,4.03,3.82,16.25198332,77.25077264
20151001,1.1,78.98,29.81,21.68,8.13,3.7,4.14,16.25198332,77.25077264
20151002,1.27,78.9,29.93,22.32,7.61,2.71,4.35,16.25198332,77.25077264
20151003,4.44,76.69,31.02,22.24,8.78,1.63,3.85,16.25198332,77.25077264
20151004,9.87,80.62,30.18,22.48,7.7,2.68,1.97,16.25198332,77.25077264
20151005,6.53,77.84,30.25,22.13,8.12,0.97,3.0,16.25198332,77.25077264
20151006,0.12,73.22,31.46,21.7,9.75,2.78,3.3,16.25198332,77.25077264
20151007,1.45,64.6,32.09,20.94,11.14,1.96,2.34,16.25198332,77.25077264
20151008,1.84,58.24,33.09,19.5,13.59,2.04,4.64,16.25198332,77.25077264
20151009,0.05,71.13,31.53,20.89,10.64,3.5,4.05,16.25198332,77.25077264
20151010,1.25,70.47,32.36,22.64,9.72,3.31,5.44,16.25198332,77.25077264
20151011,1.23,73.99,32.5,23.05,9.45,1.57,2.68,16.25198332,77.25077264
20151012,0.17,68.62,32.59,22.95,9.64,2.81,3.3,16.25198332,77.25077264
20151013,0.0,59.07,33.86,22.15,11.71,2.25,3.88,16.25198332,77.25077264
20151014,0.0,51.87,34.55,20.22,14.33,1.85,3.48,16.25198332,77.25077264
20151015,0.0,51.9,35.23,21.72,13.51,2.85,4.28,16.25198332,77.25077264
20151016,0.0,60.03,34.18,20.95,13.23,1.92,4.16,16.25198332,77.25077264
20151017,0.0,65.67,33.76,20.92,12.84,1.82,3.49,16.25198332,77.25077264
20151018,0.0,65.66,34.15,21.68,12.47,1.87,3.52,16.25198332,77.25077264
20151019,0.0,61.87,34.65,21.25,13.4,2.15,4.25,16.25198332,77.25077264
20151020,0.0,55.96,34.96,21.09,13.86,1.63,2.68,16.25198332,77.25077264
20151021,0.0,55.85,34.98,19.45,15.53,2.3,3.95,16.25198332,77.25077264
20151022,0.0,57.31,34.98,19.32,15.65,2.01,4.19,16.25198332,77.25077264
20151023,0.0,56.24,34.74,19.12,15.62,2.18,5.62,16.25198332,77.25077264
20151024,0.0,54.69,34.93,18.7,16.23,2.82,4.67,16.25198332,77.25077264
20151025,0.0,55.63,34.16,20.9,13.25,2.41,3.4,16.25198332,77.25077264
20151026,0.0,61.87,33.2,20.41,12.79,2.91,4.12,16.25198332,77.25077264
20151027,0.0,61.55,32.4,20.3,12.11,2.56,4.12,16.25198332,77.25077264
20151028,0.01,55.42,33.57,18.97,14.61,2.34,4.47,16.25198332,77.25077264
20151029,0.0,61.47,34.22,20.82,13.4,1.9,3.89,16.25198332,77.25077264
20151030,0.16,57.23,34.83,20.46,14.37,2.3,3.47,16.25198332,77.25077264
20151031,0.24,57.02,34.8,22.45,12.35,2.53,2.54,16.25198332,77.25077264
20151101,0.26,59.16,34.61,22.0,12.61,3.32,2.66,16.25198332,77.25077264
20151102,0.09,64.34,32.22,23.26,8.97,3.56,2.67,16.25198332,77.25077264
20151103,3.48,65.59,32.31,22.2,10.11,3.06,4.15,16.25198332,77.25077264
20151104,0.28,63.25,33.07,21.84,11.23,2.51,3.34,16.25198332,77.25077264
20151105,0.0,56.12,34.31,20.88,13.42,1.78,2.35,16.25198332,77.25077264
20151106,0.0,52.27,34.62,20.57,14.05,1.73,2.73,16.25198332,77.25077264
20151107,0.0,51.37,34.4,20.13,14.27,2.29,2.92,16.25198332,77.25077264
20151108,0.0,50.66,34.88,20.39,14.49,4.1,4.13,16.25198332,77.25077264
20151109,0.04,48.95,34.82,20.3,14.51,4.19,3.62,16.25198332,77.25077264
20151110,0.11,51.9,31.76,21.13,10.63,5.99,5.83,16.25198332,77.25077264
20151111,0.2,59.88,31.17,21.88,9.29,4.8,4.25,16.25198332,77.25077264
20151112,0.01,52.03,35.34,19.9,15.44,3.83,3.54,16.25198332,77.25077264
20151113,0.0,40.17,35.1,17.81,17.29,3.52,4.96,16.25198332,77.25077264
20151114,0.0,41.48,34.01,18.11,15.9,3.63,3.68,16.25198332,77.25077264
20151115,0.31,46.78,33.26,18.83,14.43,3.82,5.12,16.25198332,77.25077264
20151116,2.23,57.27,29.67,21.04,8.64,4.71,4.46,16.25198332,77.25077264
20151117,0.3,55.86,33.69,19.23,14.46,3.93,5.46,16.25198332,77.25077264
20151118,0.04,59.45,34.21,20.46,13.75,5.61,5.47,16.25198332,77.25077264
20151119,0.24,65.89,32.58,21.52,11.06,3.36,2.83,16.25198332,77.25077264
20151120,1.99,72.87,31.15,21.95,9.2,2.96,2.55,16.25198332,77.25077264
20151121,0.79,66.28,32.76,21.61,11.15,1.96,1.76,16.25198332,77.25077264
20151122,0.57,61.25,33.94,21.69,12.25,3.54,3.27,16.25198332,77.25077264
20151123,0.43,64.27,32.04,21.55,10.48,3.19,2.47,16.25198332,77.25077264
20151124,0.07,57.76,33.84,20.65,13.18,2.91,3.56,16.25198332,77.25077264
20151125,0.0,58.28,33.12,19.73,13.4,3.19,5.26,16.25198332,77.25077264
20151126,0.0,52.98,33.37,18.13,15.25,1.68,3.36,16.25198332,77.25077264
20151127,0.0,52.01,33.83,18.03,15.81,3.92,6.32,16.25198332,77.25077264
20151128,0.0,50.95,33.71,16.82,16.89,3.57,5.42,16.25198332,77.25077264
20151129,0.77,61.01,32.43,17.1,15.33,3.73,4.64,16.25198332,77.25077264
20151130,1.7,68.11,31.41,20.28,11.13,3.12,2.63,16.25198332,77.25077264
20151201,0.35,64.33,32.26,20.99,11.28,2.56,2.45,16.25198332,77.25077264
20151202,0.52,65.1,31.37,20.83,10.55,2.7,2.7,16.25198332,77.25077264
20151203,0.05,55.63,33.6,20.47,13.13,2.77,3.65,16.25198332,77.25077264
20151204,0.0,51.97,33.85,18.43,15.42,3.19,5.13,16.25198332,77.25077264
20151205,0.0,51.95,33.21,18.18,15.03,3.0,4.0,16.25198332,77.25077264
20151206,0.0,54.74,31.96,17.51,14.45,4.08,3.9,16.25198332,77.25077264
20151207,0.0,52.97,32.43,16.48,15.95,2.84,4.11,16.25198332,77.25077264
20151208,0.0,50.11,33.15,16.75,16.4,2.41,5.33,16.25198332,77.25077264
20151209,0.0,50.89,33.32,15.64,17.69,2.54,4.75,16.25198332,77.25077264
20151210,0.0,54.84,34.11,17.57,16.55,3.65,6.33,16.25198332,77.25077264
20151211,0.0,57.54,34.09,19.95,14.14,2.42,3.8,16.25198332,77.25077264
20151212,0.0,52.22,35.84,20.01,15.83,2.62,5.28,16.25198332,77.25077264
20151213,0.0,52.1,35.37,20.42,14.95,3.08,5.66,16.25198332,77.25077264
20151214,0.0,48.38,35.17,19.47,15.7,2.89,4.93,16.25198332,77.25077264
20151215,0.0,44.68,34.99,18.39,16.59,3.26,5.23,16.25198332,77.25077264
20151216,0.0,45.1,35.04,18.11,16.94,3.9,6.23,16.25198332,77.25077264
20151217,0.0,49.13,34.15,17.53,16.62,3.65,5.03,16.25198332,77.25077264
20151218,0.0,52.61,33.99,18.03,15.96,3.44,5.38,16.25198332,77.25077264
20151219,0.0,52.45,33.72,18.66,15.05,3.14,5.39,16.25198332,77.25077264
20151220,0.0,48.91,33.6,18.47,15.14,4.28,6.17,16.25198332,77.25077264
20151221,0.0,48.12,33.61,18.25,15.36,3.97,6.1,16.25198332,77.25077264
20151222,0.0,42.62,33.58,18.94,14.64,3.76,6.39,16.25198332,77.25077264
20151223,0.0,50.49,33.31,18.58,14.73,3.53,6.0,16.25198332,77.25077264
20151224,0.0,42.77,33.23,17.58,15.65,3.71,7.32,16.25198332,77.25077264
20151225,0.0,24.69,31.16,15.38,15.77,2.49,4.75,16.25198332,77.25077264
20151226,0.0,26.2,30.95,12.16,18.79,1.76,4.15,16.25198332,77.25077264
20151227,0.0,27.63,31.87,13.45,18.42,1.98,4.23,16.25198332,77.25077264
20151228,0.0,40.67,32.9,13.97,18.93,3.45,5.48,16.25198332,77.25077264
20151229,0.0,35.0,34.36,16.21,18.14,4.16,7.25,16.25198332,77.25077264
20151230,0.0,39.1,34.38,15.78,18.6,5.11,8.18,16.25198332,77.25077264
20151231,0.0,45.27,33.65,15.81,17.84,4.89,7.98,16.25198332,77.25077264
20160101,0.0,47.56,33.31,16.28,17.03,4.44,5.36,16.25198332,77.25077264
20160102,0.0,45.41,32.8,15.62,17.18,1.76,4.14,16.25198332,77.25077264
20160103,0.0,42.98,32.53,15.36,17.17,2.67,5.66,16.25198332,77.25077264
20160104,0.0,43.6,32.07,14.64,17.43,1.48,3.55,16.25198332,77.25077264
20160105,0.0,47.44,31.77,15.45,16.32,1.78,4.01,16.25198332,77.25077264
20160106,0.0,46.8,31.74,15.75,15.99,2.39,4.95,16.25198332,77.25077264
20160107,0.0,46.36,31.68,16.09,15.59,2.38,4.66,16.25198332,77.25077264
20160108,0.0,46.41,30.73,14.52,16.21,2.82,5.23,16.25198332,77.25077264
20160109,0.0,40.49,31.38,14.9,16.47,2.4,4.91,16.25198332,77.25077264
20160110,0.0,43.21,30.26,15.86,14.4,1.97,4.07,16.25198332,77.25077264
20160111,0.0,39.88,31.77,15.5,16.27,2.32,4.59,16.25198332,77.25077264
20160112,0.0,41.29,30.89,15.62,15.27,2.52,5.03,16.25198332,77.25077264
20160113,0.0,42.21,31.52,15.03,16.49,3.24,6.33,16.25198332,77.25077264
20160114,0.0,45.42,32.12,15.53,16.6,4.33,7.25,16.25198332,77.25077264
20160115,0.0,52.65,31.22,16.62,14.6,3.92,6.02,16.25198332,77.25077264
20160116,0.0,48.25,31.44,17.09,14.35,3.82,5.71,16.25198332,77.25077264
20160117,0.0,46.07,31.12,18.3,12.83,3.44,4.49,16.25198332,77.25077264
20160118,0.02,47.5,31.38,17.91,13.46,3.83,4.62,16.25198332,77.25077264
20160119,2.69,64.47,26.79,19.68,7.1,3.43,3.59,16.25198332,77.25077264
20160120,0.64,56.79,30.37,18.13,12.24,2.22,4.82,16.25198332,77.25077264
20160121,0.03,43.44,31.16,16.76,14.4,3.36,5.58,16.25198332,77.25077264
20160122,0.0,35.92,31.45,15.61,15.83,3.26,4.82,16.25198332,77.25077264
20160123,0.0,45.28,30.37,17.39,12.97,2.63,4.34,16.25198332,77.25077264
20160124,0.0,51.63,31.62,17.6,14.02,4.06,5.98,16.25198332,77.25077264
20160125,0.0,50.36,32.78,19.01,13.78,3.46,6.22,16.25198332,77.25077264
20160126,0.0,49.8,33.38,19.39,13.99,3.3,5.94,16.25198332,77.25077264
20160127,0.0,43.05,34.34,18.18,16.16,2.35,4.3,16.25198332,77.25077264
20160128,0.0,31.23,34.96,17.69,17.27,2.76,5.29,16.25198332,77.25077264
20160129,0.0,37.77,34.93,16.49,18.43,2.1,5.92,16.25198332,77.25077264
20160130,0.0,29.31,35.37,16.76,18.61,2.21,4.98,16.25198332,77.25077264
20160131,0.0,32.68,35.69,15.83,19.86,1.65,3.94,16.25198332,77.25077264
20160201,0.0,28.53,35.49,16.05,19.45,2.09,4.48,16.25198332,77.25077264
20160202,0.0,30.34,36.22,17.19,19.03,2.93,5.69,16.25198332,77.25077264
20160203,0.0,26.9,36.14,17.67,18.46,3.28,5.71,16.25198332,77.25077264
20160204,0.0,33.87,35.15,17.21,17.94,2.21,5.06,16.25198332,77.25077264
20160205,0.0,37.22,34.65,17.78,16.87,3.75,7.2,16.25198332,77.25077264
20160206,0.0,43.65,34.63,17.81,16.82,3.56,5.37,16.25198332,77.25077264
20160207,0.0,44.83,35.41,18.87,16.55,4.26,6.89,16.25198332,77.25077264
20160208,0.0,44.82,35.14,20.41,14.73,3.3,5.19,16.25198332,77.25077264
20160209,0.0,41.47,35.19,20.29,14.9,4.06,6.82,16.25198332,77.25077264
20160210,0.0,38.3,35.52,19.33,16.18,4.46,6.32,16.25198332,77.25077264
20160211,0.0,37.94,35.37,21.81,13.56,2.41,3.54,16.25198332,77.25077264
20160212,0.0,34.19,35.64,22.85,12.79,2.04,3.81,16.25198332,77.25077264
20160213,0.0,33.32,35.66,22.36,13.31,2.43,4.14,16.25198332,77.25077264
20160214,0.0,38.86,35.41,21.29,14.12,4.19,6.9,16.25198332,77.25077264
20160215,0.0,35.91,35.42,19.34,16.09,3.87,5.56,16.25198332,77.25077264
20160216,0.0,44.04,35.61,18.7,16.9,3.46,5.52,16.25198332,77.25077264
20160217,0.0,40.49,35.43,17.8,17.63,3.64,5.06,16.25198332,77.25077264
20160218,0.0,44.82,35.59,18.22,17.37,3.29,4.32,16.25198332,77.25077264
20160219,0.0,29.32,36.16,19.32,16.85,2.74,5.03,16.25198332,77.25077264
20160220,0.0,31.94,37.22,18.59,18.63,2.23,5.3,16.25198332,77.25077264
20160221,0.0,35.13,38.33,19.35,18.98,3.35,6.76,16.25198332,77.25077264
20160222,0.0,28.58,39.39,21.44,17.95,4.4,7.94,16.25198332,77.25077264
20160223,0.0,27.75,39.76,21.69,18.07,4.44,7.52,16.25198332,77.25077264
20160224,0.0,27.53,39.19,21.47,17.72,3.0,5.65,16.25198332,77.25077264
20160225,0.0,27.6,39.01,22.41,16.6,5.89,8.14,16.25198332,77.25077264
20160226,0.0,44.32,37.37,23.14,14.23,3.95,4.76,16.25198332,77.25077264
20160227,0.0,37.2,36.75,21.88,14.88,3.84,4.57,16.25198332,77.25077264
20160228,0.0,46.59,34.73,22.41,12.32,2.78,4.36,16.25198332,77.25077264
20160229,0.0,44.54,35.74,22.01,13.73,3.42,5.54,16.25198332,77.25077264
20160301,0.0,47.65,34.12,22.04,12.09,3.04,4.04,16.25198332,77.25077264
20160302,0.79,45.26,34.47,22.54,11.92,3.62,5.58,16.25198332,77.25077264
20160303,0.0,40.54,36.24,22.54,13.7,2.38,2.96,16.25198332,77.25077264
20160304,0.0,38.1,35.46,22.2,13.26,2.98,5.37,16.25198332,77.25077264
20160305,0.0,33.84,36.98,22.31,14.67,4.11,6.91,16.25198332,77.25077264
20160306,0.0,30.42,38.34,21.92,16.41,3.58,6.28,16.25198332,77.25077264
20160307,0.0,30.21,37.9,20.78,17.12,3.49,6.69,16.25198332,77.25077264
20160308,0.0,30.71,37.86,20.31,17.55,3.87,7.02,16.25198332,77.25077264
20160309,0.0,31.52,37.56,22.0,15.56,3.93,6.73,16.25198332,77.25077264
20160310,0.0,30.21,39.36,22.47,16.89,3.03,5.22,16.25198332,77.25077264
20160311,0.0,31.06,38.41,22.76,15.65,2.44,5.26,16.25198332,77.25077264
20160312,0.0,25.7,39.52,23.52,16.0,2.9,5.01,16.25198332,77.25077264
20160313,0.0,26.85,40.27,23.03,17.23,4.14,4.86,16.25198332,77.25077264
20160314,0.0,21.53,39.47,22.66,16.8,3.24,4.7,16.25198332,77.25077264
20160315,0.0,31.73,38.92,21.83,17.09,2.83,6.04,16.25198332,77.25077264
20160316,0.0,29.52,38.83,22.56,16.27,3.43,3.79,16.25198332,77.25077264
20160317,0.0,24.64,39.64,23.61,16.03,3.4,3.73,16.25198332,77.25077264
20160318,0.0,21.23,40.85,22.23,18.63,2.39,4.72,16.25198332,77.25077264
20160319,0.0,24.33,40.96,23.86,17.1,1.41,3.27,16.25198332,77.25077264
20160320,0.0,22.1,40.99,24.6,16.39,2.48,2.8,16.25198332,77.25077264
20160321,0.0,18.98,41.28,24.24,17.05,1.49,2.68,16.25198332,77.25077264
20160322,0.0,12.06,41.58,22.23,19.35,2.31,5.16,16.25198332,77.25077264
20160323,0.0,17.54,41.36,21.98,19.39,2.91,5.66,16.25198332,77.25077264
20160324,0.0,29.68,41.18,25.69,15.5,3.97,6.06,16.25198332,77.25077264
20160325,0.0,28.34,40.88,25.09,15.79,3.3,5.16,16.25198332,77.25077264
20160326,0.0,27.99,40.51,23.61,16.9,2.88,5.44,16.25198332,77.25077264
20160327,0.0,21.63,41.21,22.78,18.43,3.64,6.58,16.25198332,77.25077264
20160328,0.01,28.48,39.42,23.35,16.06,4.28,5.82,16.25198332,77.25077264
20160329,0.01,32.04,40.1,22.92,17.18,3.64,6.09,16.25198332,77.25077264
20160330,0.01,28.49,40.88,26.11,14.78,5.2,7.51,16.25198332,77.25077264
20160331,0.0,29.24,40.91,26.05,14.86,4.55,6.37,16.25198332,77.25077264
20160401,0.0,26.66,41.27,26.36,14.91,2.93,5.38,16.25198332,77.25077264
20160402,0.0,25.97,41.87,25.22,16.65,3.64,6.43,16.25198332,77.25077264
20160403,0.16,25.99,41.93,26.35,15.58,4.2,7.07,16.25198332,77.25077264
20160404,0.03,24.32,42.01,27.45,14.56,2.35,5.24,16.25198332,77.25077264
20160405,0.29,24.84,41.46,26.07,15.39,2.68,4.52,16.25198332,77.25077264
20160406,0.38,22.7,40.84,25.16,15.67,4.01,6.65,16.25198332,77.25077264
20160407,0.0,22.01,41.11,23.95,17.15,3.91,7.72,16.25198332,77.25077264
20160408,0.0,32.08,41.38,24.35,17.02,4.0,6.83,16.25198332,77.25077264
20160409,0.83,34.62,41.55,25.02,16.53,3.89,6.22,16.25198332,77.25077264
20160410,0.09,31.23,41.15,27.02,14.13,3.54,5.22,16.25198332,77.25077264
20160411,0.0,27.5,42.14,26.28,15.85,4.88,7.33,16.25198332,77.25077264
20160412,0.0,20.96,42.77,26.57,16.2,4.63,6.64,16.25198332,77.25077264
20160413,0.0,23.2,43.06,26.88,16.18,3.58,5.63,16.25198332,77.25077264
20160414,0.0,23.1,43.04,27.51,15.53,4.25,6.41,16.25198332,77.25077264
20160415,0.02,31.01,42.49,29.55,12.94,3.86,5.96,16.25198332,77.25077264
20160416,0.03,28.85,43.16,29.0,14.17,3.36,4.83,16.25198332,77.25077264
20160417,0.16,26.83,42.74,28.04,14.7,6.24,8.48,16.25198332,77.25077264
20160418,0.13,25.62,42.68,28.2,14.48,4.12,5.6,16.25198332,77.25077264
20160419,0.0,26.82,42.43,26.22,16.21,3.26,4.94,16.25198332,77.25077264
20160420,0.0,29.38,42.7,25.44,17.26,4.28,6.98,16.25198332,77.25077264
20160421,0.0,26.58,43.03,26.72,16.31,2.72,6.28,16.25198332,77.25077264
20160422,0.0,24.17,43.24,30.29,12.94,4.08,4.97,16.25198332,77.25077264
20160423,0.0,18.61,43.24,26.03,17.21,6.24,8.89,16.25198332,77.25077264
20160424,0.0,19.58,43.04,26.39,16.65,5.11,7.9,16.25198332,77.25077264
20160425,0.0,19.63,43.52,25.95,17.57,4.3,6.51,16.25198332,77.25077264
20160426,0.01,19.47,43.65,25.59,18.07,6.14,8.76,16.25198332,77.25077264
20160427,0.37,27.85,42.39,29.02,13.38,4.14,5.25,16.25198332,77.25077264
20160428,0.0,26.62,42.39,28.63,13.77,3.43,5.59,16.25198332,77.25077264
20160429,0.64,28.83,41.14,28.04,13.1,2.96,5.82,16.25198332,77.25077264
20160430,0.44,29.78,40.94,28.48,12.46,1.74,4.0,16.25198332,77.25077264
20160501,1.77,25.3,42.99,27.46,15.53,2.93,5.51,16.25198332,77.25077264
20160502,4.5,30.2,41.75,27.06,14.68,5.52,6.23,16.25198332,77.25077264
20160503,0.06,28.37,42.12,28.03,14.09,3.59,6.47,16.25198332,77.25077264
20160504,0.75,32.57,41.16,28.57,12.58,3.57,4.41,16.25198332,77.25077264
20160505,3.27,36.46,40.22,27.9,12.32,3.33,5.96,16.25198332,77.25077264
20160506,4.79,37.83,39.42,27.7,11.72,5.02,7.69,16.25198332,77.25077264
20160507,4.05,42.12,39.27,26.12,13.15,5.38,7.7,16.25198332,77.25077264
20160508,7.41,49.94,37.15,25.92,11.23,3.73,5.84,16.25198332,77.25077264
20160509,0.11,44.13,38.87,23.53,15.33,1.93,5.2,16.25198332,77.25077264
20160510,0.64,48.18,37.61,25.48,12.13,1.9,4.96,16.25198332,77.25077264
20160511,0.04,43.72,39.38,25.69,13.69,2.49,5.33,16.25198332,77.25077264
20160512,1.7,39.35,40.68,26.27,14.42,1.92,4.59,16.25198332,77.25077264
20160513,0.67,39.76,41.56,26.81,14.74,2.62,3.56,16.25198332,77.25077264
20160514,0.33,35.91,42.66,28.25,14.41,3.59,4.58,16.25198332,77.25077264
20160515,0.61,34.68,42.16,28.41,13.75,2.85,4.92,16.25198332,77.25077264
20160516,0.0,33.77,41.07,27.69,13.38,3.9,4.93,16.25198332,77.25077264
20160517,0.05,40.01,38.83,28.0,10.83,2.36,3.93,16.25198332,77.25077264
20160518,0.76,40.17,40.52,28.95,11.57,4.84,5.86,16.25198332,77.25077264
20160519,1.35,53.17,36.06,28.15,7.9,5.12,6.66,16.25198332,77.25077264
20160520,0.61,47.96,39.97,26.54,13.43,3.28,3.87,16.25198332,77.25077264
20160521,0.0,40.5,41.41,26.01,15.4,6.54,5.95,16.25198332,77.25077264
20160522,0.0,35.39,42.81,26.67,16.14,7.01,6.22,16.25198332,77.25077264
20160523,0.0,36.47,42.72,27.13,15.59,7.26,7.33,16.25198332,77.25077264
20160524,0.02,33.42,42.45,28.27,14.18,6.99,6.87,16.25198332,77.25077264
20160525,1.2,44.16,36.99,27.94,9.05,4.18,6.03,16.25198332,77.25077264
20160526,0.02,45.25,39.46,27.52,11.94,3.35,5.0,16.25198332,77.25077264
20160527,0.01,39.42,41.26,27.69,13.57,5.42,5.5,16.25198332,77.25077264
20160528,13.68,49.58,38.28,27.1,11.18,4.07,5.61,16.25198332,77.25077264
20160529,6.12,55.37,37.08,25.69,11.39,4.52,6.0,16.25198332,77.25077264
20160530,0.17,48.92,38.65,25.56,13.09,5.37,5.77,16.25198332,77.25077264
20160531,3.02,47.23,39.29,26.64,12.65,5.72,5.91,16.25198332,77.25077264
20160601,2.15,52.0,37.77,26.32,11.45,6.76,7.73,16.25198332,77.25077264
20160602,10.21,59.18,36.1,26.28,9.82,4.7,6.31,16.25198332,77.25077264
20160603,10.61,65.98,35.59,25.4,10.19,5.69,6.78,16.25198332,77.25077264
20160604,27.56,70.2,33.81,24.62,9.19,4.06,6.1,16.25198332,77.25077264
20160605,1.99,72.52,31.53,25.37,6.16,4.25,5.52,16.25198332,77.25077264
20160606,2.12,73.2,31.23,24.71,6.52,3.13,2.29,16.25198332,77.25077264
20160607,0.86,71.16,32.91,23.97,8.94,3.41,3.31,16.25198332,77.25077264
20160608,0.86,72.86,31.4,24.64,6.76,4.74,6.54,16.25198332,77.25077264
20160609,0.07,69.84,32.46,23.48,8.98,5.72,7.69,16.25198332,77.25077264
20160610,1.18,66.09,34.18,23.37,10.82,3.82,5.45,16.25198332,77.25077264
20160611,1.34,62.59,34.1,23.64,10.46,3.23,3.74,16.25198332,77.25077264
20160612,3.02,54.86,36.34,22.57,13.77,3.94,3.66,16.25198332,77.25077264
20160613,1.94,58.88,34.59,23.27,11.32,3.63,4.52,16.25198332,77.25077264
20160614,0.02,57.9,36.26,23.51,12.76,3.21,4.2,16.25198332,77.25077264
20160615,0.0,58.61,36.11,23.92,12.19,3.45,3.11,16.25198332,77.25077264
20160616,0.01,56.24,36.7,23.81,12.89,3.72,4.33,16.25198332,77.25077264
20160617,4.46,61.49,33.61,24.05,9.56,5.5,6.34,16.25198332,77.25077264
20160618,14.86,73.59,29.66,23.96,5.71,6.68,8.74,16.25198332,77.25077264
20160619,10.69,76.21,30.75,23.83,6.92,5.03,4.41,16.25198332,77.25077264
20160620,6.14,77.28,29.33,23.55,5.78,3.62,2.93,16.25198332,77.25077264
20160621,7.73,74.13,30.67,22.76,7.91,2.0,3.66,16.25198332,77.25077264
20160622,3.13,73.69,31.13,23.12,8.01,3.77,2.73,16.25198332,77.25077264
20160623,0.02,66.13,33.79,22.95,10.84,4.26,3.13,16.25198332,77.25077264
20160624,0.07,69.08,31.88,22.3,9.58,3.77,3.7,16.25198332,77.25077264
20160625,2.76,70.91,31.46,22.76,8.69,4.91,4.42,16.25198332,77.25077264
20160626,1.23,73.59,30.63,22.11,8.53,4.91,4.99,16.25198332,77.25077264
20160627,8.07,77.98,28.73,23.35,5.38,4.06,3.28,16.25198332,77.25077264
20160628,6.19,77.35,29.54,23.04,6.5,4.62,4.4,16.25198332,77.25077264
20160629,2.23,80.37,29.06,23.66,5.4,2.94,2.75,16.25198332,77.25077264
20160630,0.85,73.93,30.99,22.94,8.05,5.1,5.13,16.25198332,77.25077264
20160701,3.53,71.34,33.22,22.82,10.4,4.5,4.14,16.25198332,77.25077264
20160702,0.19,72.31,31.96,23.78,8.18,5.49,5.44,16.25198332,77.25077264
20160703,0.05,68.89,33.48,23.36,10.13,5.22,5.19,16.25198332,77.25077264
20160704,0.22,70.3,33.57,23.14,10.43,4.92,4.91,16.25198332,77.25077264
20160705,0.29,74.96,30.5,23.66,6.84,5.3,4.77,16.25198332,77.25077264
20160706,4.3,70.01,33.14,23.17,9.97,5.02,4.85,16.25198332,77.25077264
20160707,1.85,67.19,33.87,23.03,10.85,5.07,5.07,16.25198332,77.25077264
20160708,1.5,69.2,32.26,23.44,8.82,5.27,5.86,16.25198332,77.25077264
20160709,1.73,73.21,31.4,23.14,8.26,8.0,8.94,16.25198332,77.25077264
20160710,0.5,68.16,33.04,24.11,8.93,4.63,4.3,16.25198332,77.25077264
20160711,3.96,71.82,31.72,23.87,7.85,6.66,7.09,16.25198332,77.25077264
20160712,0.5,66.74,33.92,23.21,10.7,4.87,4.38,16.25198332,77.25077264
20160713,0.03,65.81,34.14,23.07,11.08,3.85,3.7,16.25198332,77.25077264
20160714,0.0,64.99,34.05,22.87,11.18,3.46,3.24,16.25198332,77.25077264
20160715,0.0,64.96,34.2,22.76,11.44,3.08,3.58,16.25198332,77.25077264
20160716,0.03,65.69,32.74,23.01,9.73,3.21,3.14,16.25198332,77.25077264
20160717,0.18,65.6,33.11,22.8,10.32,2.36,3.45,16.25198332,77.25077264
20160718,5.64,73.5,31.12,23.66,7.46,3.68,3.68,16.25198332,77.25077264
20160719,7.67,73.9,30.03,22.74,7.3,3.49,2.47,16.25198332,77.25077264
20160720,15.84,76.74,30.69,22.28,8.41,3.6,2.37,16.25198332,77.25077264
20160721,8.43,80.33,28.38,22.68,5.71,5.32,4.84,16.25198332,77.25077264
20160722,3.54,79.76,29.43,22.72,6.71,3.47,2.47,16.25198332,77.25077264
20160723,3.16,78.67,29.05,22.54,6.51,4.33,3.94,16.25198332,77.25077264
20160724,6.3,76.21,30.67,22.26,8.42,3.26,2.26,16.25198332,77.25077264
20160725,4.37,72.06,31.99,22.26,9.72,2.78,3.18,16.25198332,77.25077264
20160726,2.09,71.27,32.22,22.29,9.92,4.02,6.19,16.25198332,77.25077264
20160727,13.07,82.32,28.85,23.36,5.5,2.33,1.78,16.25198332,77.25077264
20160728,17.08,82.45,29.57,22.79,6.78,2.06,2.79,16.25198332,77.25077264
20160729,13.4,84.17,27.68,22.61,5.07,3.84,2.79,16.25198332,77.25077264
20160730,10.79,84.0,29.26,21.75,7.51,3.27,3.69,16.25198332,77.25077264
20160731,4.53,80.49,29.1,21.87,7.23,3.48,3.23,16.25198332,77.25077264
20160801,8.37,79.44,29.68,21.66,8.01,5.76,6.16,16.25198332,77.25077264
20160802,0.94,78.64,29.84,21.87,7.97,5.94,6.46,16.25198332,77.25077264
20160803,1.19,77.51,29.35,22.03,7.32,5.35,5.37,16.25198332,77.25077264
20160804,1.09,81.1,29.6,22.15,7.46,5.33,5.06,16.25198332,77.25077264
20160805,3.72,75.55,32.35,21.69,10.66,6.53,6.83,16.25198332,77.25077264
20160806,1.22,74.74,31.53,22.5,9.03,5.09,4.94,16.25198332,77.25077264
20160807,0.05,72.86,32.48,22.17,10.31,4.84,4.37,16.25198332,77.25077264
20160808,0.03,72.04,32.62,21.85,10.78,4.59,4.23,16.25198332,77.25077264
20160809,0.04,73.91,31.71,22.34,9.37,3.49,2.95,16.25198332,77.25077264
20160810,0.0,71.1,32.54,22.03,10.51,4.11,3.32,16.25198332,77.25077264
20160811,0.18,71.31,32.22,21.78,10.44,3.12,2.35,16.25198332,77.25077264
20160812,2.36,76.22,30.5,22.61,7.89,2.12,3.14,16.25198332,77.25077264
20160813,3.43,73.18,32.43,22.13,10.3,3.52,3.11,16.25198332,77.25077264
20160814,1.32,71.86,32.07,22.11,9.96,3.15,2.22,16.25198332,77.25077264
20160815,0.49,71.06,32.13,21.8,10.33,4.47,4.27,16.25198332,77.25077264
20160816,0.22,69.22,33.14,22.08,11.06,4.63,4.47,16.25198332,77.25077264
20160817,0.01,67.89,33.51,21.59,11.92,5.06,4.95,16.25198332,77.25077264
20160818,0.04,65.81,34.11,22.02,12.09,3.29,3.49,16.25198332,77.25077264
20160819,0.01,65.5,33.92,21.72,12.21,3.51,2.65,16.25198332,77.25077264
20160820,0.03,62.9,34.67,21.94,12.73,2.79,2.09,16.25198332,77.25077264
20160821,0.11,64.33,34.74,22.05,12.69,2.25,2.05,16.25198332,77.25077264
20160822,0.02,70.93,30.97,22.95,8.02,3.52,4.5,16.25198332,77.25077264
20160823,4.18,67.99,34.24,22.32,11.93,2.63,1.58,16.25198332,77.25077264
20160824,0.89,70.17,33.13,22.71,10.42,3.32,3.13,16.25198332,77.25077264
20160825,0.53,71.64,31.72,22.89,8.83,4.46,5.22,16.25198332,77.25077264
20160826,0.35,69.58,31.28,23.21,8.08,5.41,6.06,16.25198332,77.25077264
20160827,1.57,67.82,33.27,23.06,10.21,3.57,3.05,16.25198332,77.25077264
20160828,3.04,70.06,33.22,22.58,10.64,3.66,2.75,16.25198332,77.25077264
20160829,3.31,72.25,32.85,23.24,9.61,3.83,3.15,16.25198332,77.25077264
20160830,25.37,83.55,28.28,23.44,4.85,5.13,4.38,16.25198332,77.25077264
20160831,11.54,80.58,29.76,22.48,7.29,4.16,3.38,16.25198332,77.25077264
20160901,6.51,79.17,30.82,22.17,8.65,2.49,1.77,16.25198332,77.25077264
20160902,0.53,75.26,31.19,21.81,9.38,2.45,2.29,16.25198332,77.25077264
20160903,0.47,75.22,29.63,21.57,8.06,2.76,1.82,16.25198332,77.25077264
20160904,0.57,71.57,31.11,21.25,9.86,2.72,2.63,16.25198332,77.25077264
20160905,0.24,66.54,32.26,21.11,11.15,3.85,4.38,16.25198332,77.25077264
20160906,0.31,65.51,32.23,21.14,11.09,2.53,3.5,16.25198332,77.25077264
20160907,0.33,65.82,32.37,20.49,11.88,4.16,4.81,16.25198332,77.25077264
20160908,0.02,66.54,32.31,20.75,11.55,3.89,4.82,16.25198332,77.25077264
20160909,0.04,64.62,32.95,21.05,11.9,3.92,4.47,16.25198332,77.25077264
20160910,3.93,75.52,30.27,21.96,8.31,2.53,1.4,16.25198332,77.25077264
20160911,2.78,75.23,30.32,21.64,8.68,3.09,1.53,16.25198332,77.25077264
20160912,8.14,75.22,30.81,21.67,9.14,4.11,3.14,16.25198332,77.25077264
20160913,19.0,85.62,26.21,21.55,4.66,2.32,2.05,16.25198332,77.25077264
20160914,19.71,87.58,26.27,21.42,4.85,2.83,2.45,16.25198332,77.25077264
20160915,63.78,90.55,26.68,22.05,4.63,2.9,3.65,16.25198332,77.25077264
20160916,6.7,83.35,28.76,21.7,7.06,4.51,3.98,16.25198332,77.25077264
20160917,1.04,79.18,31.06,20.87,10.2,4.33,3.68,16.25198332,77.25077264
20160918,0.23,81.71,28.75,21.02,7.73,4.21,3.17,16.25198332,77.25077264
20160919,2.46,77.13,30.96,20.62,10.34,4.49,3.82,16.25198332,77.25077264
20160920,7.73,83.81,28.47,21.17,7.29,3.88,3.58,16.25198332,77.25077264
20160921,8.96,87.59,27.97,21.63,6.34,4.16,4.6,16.25198332,77.25077264
20160922,18.31,88.25,27.98,22.11,5.87,2.35,2.14,16.25198332,77.25077264
20160923,17.68,87.1,28.13,22.05,6.08,2.38,1.51,16.25198332,77.25077264
20160924,9.92,87.1,28.65,22.17,6.48,4.77,5.68,16.25198332,77.25077264
20160925,3.02,84.44,29.44,22.39,7.06,3.75,2.65,16.25198332,77.25077264
20160926,3.47,84.72,29.7,21.94,7.76,2.46,2.39,16.25198332,77.25077264
20160927,0.48,86.47,29.02,22.85,6.17,3.19,2.48,16.25198332,77.25077264
20160928,0.61,80.2,30.1,22.28,7.82,2.86,2.62,16.25198332,77.25077264
20160929,0.33,80.38,30.29,21.48,8.81,3.16,2.56,16.25198332,77.25077264
20160930,2.04,81.39,29.89,22.24,7.65,2.06,1.2,16.25198332,77.25077264
20161001,2.86,84.51,28.44,22.27,6.17,3.41,1.94,16.25198332,77.25077264
20161002,0.13,80.2,30.11,20.89,9.22,3.07,2.81,16.25198332,77.25077264
20161003,0.01,77.74,30.16,21.1,9.06,2.26,3.53,16.25198332,77.25077264
20161004,0.36,78.29,30.56,20.73,9.83,2.74,4.19,16.25198332,77.25077264
20161005,0.1,79.6,29.57,21.27,8.29,3.25,2.95,16.25198332,77.25077264
20161006,0.0,76.08,30.23,21.03,9.2,2.78,2.84,16.25198332,77.25077264
20161007,0.16,75.94,30.28,19.91,10.37,2.72,3.3,16.25198332,77.25077264
20161008,1.25,80.15,29.6,21.82,7.78,2.86,1.91,16.25198332,77.25077264
20161009,12.11,83.05,28.84,22.0,6.83,3.8,2.96,16.25198332,77.25077264
20161010,1.65,79.95,30.03,21.69,8.34,3.11,3.13,16.25198332,77.25077264
20161011,0.29,77.59,31.05,20.83,10.22,1.56,2.62,16.25198332,77.25077264
20161012,0.17,75.61,30.89,21.16,9.73,1.2,4.04,16.25198332,77.25077264
20161013,0.0,70.75,30.93,19.91,11.03,1.75,3.07,16.25198332,77.25077264
20161014,0.0,68.24,29.6,17.86,11.74,1.86,2.28,16.25198332,77.25077264
20161015,0.0,67.87,29.86,16.75,13.11,1.66,2.55,16.25198332,77.25077264
20161016,0.0,66.99,29.69,16.51,13.18,1.07,2.55,16.25198332,77.25077264
20161017,0.0,64.59,30.07,16.86,13.21,1.99,1.21,16.25198332,77.25077264
20161018,0.0,65.0,30.26,16.42,13.84,1.32,2.37,16.25198332,77.25077264
20161019,0.0,61.94,30.23,16.07,14.16,1.24,2.49,16.25198332,77.25077264
20161020,0.0,62.26,30.78,17.23,13.55,1.84,2.85,16.25198332,77.25077264
20161021,0.0,61.46,30.7,17.53,13.17,2.96,4.75,16.25198332,77.25077264
20161022,0.0,58.4,29.59,15.62,13.97,1.22,3.41,16.25198332,77.25077264
20161023,0.0,58.92,30.5,15.79,14.7,1.54,3.26,16.25198332,77.25077264
20161024,0.0,59.48,30.86,18.14,12.71,2.79,4.31,16.25198332,77.25077264
20161025,0.0,63.27,29.91,17.31,12.59,1.48,3.03,16.25198332,77.25077264
20161026,0.0,62.08,30.86,17.05,13.81,1.84,3.91,16.25198332,77.25077264
20161027,0.0,62.85,31.41,16.97,14.45,2.64,3.07,16.25198332,77.25077264
20161028,0.0,62.23,31.86,15.18,16.68,1.72,3.98,16.25198332,77.25077264
20161029,0.0,68.04,31.72,19.39,12.32,1.54,4.75,16.25198332,77.25077264
20161030,0.01,70.98,32.56,20.13,12.43,2.72,4.58,16.25198332,77.25077264
20161031,0.33,71.68,31.92,21.46,10.46,2.57,2.64,16.25198332,77.25077264
20161101,0.02,67.66,32.04,20.29,11.75,2.55,2.31,16.25198332,77.25077264
20161102,0.0,65.7,32.15,19.7,12.44,1.62,4.03,16.25198332,77.25077264
20161103,0.0,62.83,32.97,18.96,14.01,2.63,5.49,16.25198332,77.25077264
20161104,0.0,58.26,31.58,17.19,14.39,2.43,3.15,16.25198332,77.25077264
20161105,0.0,55.41,31.85,15.5,16.35,1.39,4.18,16.25198332,77.25077264
20161106,0.0,60.48,32.02,16.56,15.45,1.56,5.42,16.25198332,77.25077264
20161107,0.0,51.78,32.05,16.75,15.3,2.48,4.15,16.25198332,77.25077264
20161108,0.0,43.43,31.69,13.37,18.31,2.36,4.47,16.25198332,77.25077264
20161109,0.0,46.02,31.08,13.44,17.64,1.35,4.84,16.25198332,77.25077264
20161110,0.0,44.22,31.4,13.37,18.03,2.3,5.76,16.25198332,77.25077264
20161111,0.0,43.13,31.33,12.88,18.45,2.07,6.21,16.25198332,77.25077264
20161112,0.0,48.44,31.34,13.57,17.77,1.85,5.98,16.25198332,77.25077264
20161113,0.0,56.54,32.44,16.25,16.19,1.96,5.14,16.25198332,77.25077264
20161114,0.0,61.84,33.51,19.02,14.49,2.12,4.66,16.25198332,77.25077264
20161115,0.01,62.22,33.19,20.92,12.27,1.82,3.11,16.25198332,77.25077264
20161116,0.03,61.47,32.72,20.76,11.96,2.88,3.83,16.25198332,77.25077264
20161117,0.0,58.1,32.65,19.17,13.48,2.29,3.85,16.25198332,77.25077264
20161118,0.0,53.21,31.89,18.81,13.07,2.0,3.52,16.25198332,77.25077264
20161119,0.0,39.73,32.42,14.84,17.58,1.13,4.89,16.25198332,77.25077264
20161120,0.0,45.97,32.54,16.47,16.07,1.85,5.57,16.25198332,77.25077264
20161121,0.0,44.5,33.29,15.89,17.4,1.5,5.16,16.25198332,77.25077264
20161122,0.0,36.43,32.67,14.94,17.73,1.25,4.5,16.25198332,77.25077264
20161123,0.0,33.87,33.36,13.82,19.54,1.24,4.62,16.25198332,77.25077264
20161124,0.0,40.5,32.59,13.79,18.79,1.7,5.62,16.25198332,77.25077264
20161125,0.0,34.95,33.56,13.93,19.63,1.64,4.89,16.25198332,77.25077264
20161126,0.0,32.12,33.47,13.62,19.85,2.08,5.49,16.25198332,77.25077264
20161127,0.0,28.91,35.19,13.89,21.3,3.27,5.78,16.25198332,77.25077264
20161128,0.0,28.68,35.85,14.66,21.19,3.06,6.24,16.25198332,77.25077264
20161129,0.0,31.29,34.82,14.91,19.91,2.6,6.53,16.25198332,77.25077264
20161130,0.0,37.37,33.96,15.2,18.75,2.04,5.35,16.25198332,77.25077264
20161201,0.0,40.42,32.26,16.54,15.72,3.52,3.46,16.25198332,77.25077264
20161202,0.3,55.8,32.6,17.0,15.6,2.28,3.15,16.25198332,77.25077264
20161203,0.14,58.09,33.71,20.92,12.79,3.12,3.57,16.25198332,77.25077264
20161204,0.19,58.97,33.0,20.9,12.09,3.01,2.65,16.25198332,77.25077264
20161205,0.04,47.81,33.8,20.44,13.36,2.23,4.56,16.25198332,77.25077264
20161206,0.0,42.54,31.97,16.47,15.49,1.47,3.9,16.25198332,77.25077264
20161207,0.0,42.31,32.01,15.46,16.55,1.86,4.35,16.25198332,77.25077264
20161208,0.0,32.98,32.92,14.76,18.16,1.52,5.67,16.25198332,77.25077264
20161209,0.0,27.35,32.26,13.09,19.17,1.63,5.77,16.25198332,77.25077264
20161210,0.0,26.46,31.83,11.92,19.9,1.64,4.61,16.25198332,77.25077264
20161211,0.0,32.56,32.23,13.61,18.62,2.15,5.25,16.25198332,77.25077264
20161212,0.13,34.7,33.77,15.48,18.29,4.51,5.66,16.25198332,77.25077264
20161213,1.19,59.83,31.49,20.01,11.48,6.32,5.6,16.25198332,77.25077264
20161214,0.12,65.01,32.31,20.38,11.93,3.18,1.97,16.25198332,77.25077264
20161215,0.07,58.47,32.47,20.59,11.88,2.82,3.68,16.25198332,77.25077264
20161216,0.0,56.83,32.56,20.32,12.24,2.19,2.74,16.25198332,77.25077264
20161217,0.0,44.81,33.57,18.89,14.69,1.73,4.42,16.25198332,77.25077264
20161218,0.0,35.52,32.86,16.07,16.79,1.72,4.73,16.25198332,77.25077264
20161219,0.0,29.33,32.81,14.52,18.29,1.71,4.9,16.25198332,77.25077264
20161220,0.0,29.1,32.54,13.83,18.7,1.44,4.35,16.25198332,77.25077264
20161221,0.0,25.9,33.03,13.92,19.12,1.84,4.7,16.25198332,77.25077264
20161222,0.0,21.67,34.08,13.71,20.37,1.98,5.39,16.25198332,77.25077264
20161223,0.0,21.14,33.59,13.6,20.0,2.14,5.65,16.25198332,77.25077264
20161224,0.0,19.57,33.3,13.54,19.76,2.21,5.44,16.25198332,77.25077264
20161225,0.0,31.8,32.86,12.46,20.4,1.68,5.1,16.25198332,77.25077264
20161226,0.0,35.89,32.93,14.31,18.62,3.02,7.13,16.25198332,77.25077264
20161227,0.0,25.55,32.79,13.36,19.43,1.99,6.15,16.25198332,77.25077264
20161228,0.0,33.67,31.23,12.87,18.36,1.8,5.08,16.25198332,77.25077264
20161229,0.0,46.39,31.23,14.17,17.06,1.72,3.54,16.25198332,77.25077264
20161230,0.0,49.45,31.26,15.07,16.19,1.64,4.2,16.25198332,77.25077264
20161231,0.0,48.85,31.43,15.52,15.91,1.64,4.01,16.25198332,77.25077264
20170101,0.0,41.88,31.55,14.87,16.68,2.01,5.02,16.25198332,77.25077264
20170102,0.0,41.53,31.59,14.09,17.5,1.52,4.66,16.25198332,77.25077264
20170103,0.0,37.95,32.08,15.22,16.85,2.93,6.29,16.25198332,77.25077264
20170104,0.0,27.82,31.51,13.82,17.69,2.0,5.94,16.25198332,77.25077264
20170105,0.0,26.05,31.34,13.0,18.34,1.48,4.77,16.25198332,77.25077264
20170106,0.0,23.59,31.94,12.44,19.51,2.48,6.06,16.25198332,77.25077264
20170107,0.0,39.41,31.39,13.72,17.67,3.46,5.37,16.25198332,77.25077264
20170108,0.0,44.07,31.88,14.0,17.88,2.69,5.62,16.25198332,77.25077264
20170109,0.0,45.9,31.04,15.46,15.57,4.54,7.17,16.25198332,77.25077264
20170110,0.0,37.69,30.97,15.31,15.66,2.41,5.0,16.25198332,77.25077264
20170111,0.0,31.39,31.49,15.23,16.26,2.71,5.09,16.25198332,77.25077264
20170112,0.0,33.45,30.65,14.05,16.6,2.05,5.06,16.25198332,77.25077264
20170113,0.0,46.82,30.26,15.67,14.59,3.32,5.83,16.25198332,77.25077264
20170114,0.0,53.91,29.48,16.98,12.5,3.84,5.06,16.25198332,77.25077264
20170115,0.0,48.92,31.29,16.41,14.88,3.03,3.75,16.25198332,77.25077264
20170116,0.0,41.06,31.34,16.06,15.28,1.93,3.62,16.25198332,77.25077264
20170117,0.0,33.21,31.75,14.99,16.76,1.55,4.7,16.25198332,77.25077264
20170118,0.0,40.0,31.18,14.43,16.76,2.37,4.57,16.25198332,77.25077264
20170119,0.0,49.25,30.37,14.51,15.85,2.56,4.58,16.25198332,77.25077264
20170120,0.0,43.59,31.12,14.37,16.75,2.16,4.44,16.25198332,77.25077264
20170121,0.0,38.82,33.12,15.46,17.66,3.09,5.16,16.25198332,77.25077264
20170122,0.0,38.44,34.07,17.36,16.71,2.99,5.2,16.25198332,77.25077264
20170123,0.0,40.41,33.65,17.71,15.95,3.0,5.23,16.25198332,77.25077264
20170124,0.0,37.77,33.54,17.17,16.37,2.59,4.97,16.25198332,77.25077264
20170125,0.0,44.59,32.66,16.25,16.42,2.15,4.24,16.25198332,77.25077264
20170126,0.0,43.12,32.1,18.59,13.51,3.75,3.25,16.25198332,77.25077264
20170127,0.02,45.84,33.52,18.1,15.42,2.7,5.23,16.25198332,77.25077264
20170128,0.0,42.67,33.64,19.61,14.04,2.8,4.28,16.25198332,77.25077264
20170129,0.0,31.19,33.67,17.77,15.9,1.53,4.12,16.25198332,77.25077264
20170130,0.0,20.43,34.39,15.07,19.33,1.77,4.18,16.25198332,77.25077264
20170131,0.0,30.72,34.45,14.72,19.73,2.25,3.69,16.25198332,77.25077264
20170201,0.0,32.09,34.65,15.41,19.24,1.81,4.91,16.25198332,77.25077264
20170202,0.0,40.49,33.54,15.56,17.97,2.34,3.71,16.25198332,77.25077264
20170203,0.0,39.3,33.26,16.74,16.52,2.04,3.61,16.25198332,77.25077264
20170204,0.0,32.12,33.79,15.99,17.81,1.33,2.23,16.25198332,77.25077264
20170205,0.0,34.18,33.44,15.71,17.73,3.42,5.33,16.25198332,77.25077264
20170206,0.0,25.05,34.23,15.37,18.86,1.98,3.37,16.25198332,77.25077264
20170207,0.0,25.71,34.5,15.7,18.8,2.05,5.21,16.25198332,77.25077264
20170208,0.0,26.87,34.71,15.88,18.83,1.65,3.89,16.25198332,77.25077264
20170209,0.0,28.05,34.89,15.67,19.22,2.22,5.75,16.25198332,77.25077264
20170210,0.0,28.3,34.79,15.65,19.14,1.92,5.65,16.25198332,77.25077264
20170211,0.0,29.72,34.41,15.34,19.07,3.06,6.21,16.25198332,77.25077264
20170212,0.0,39.24,33.37,14.64,18.74,3.42,5.47,16.25198332,77.25077264
20170213,0.0,40.91,33.34,15.63,17.71,2.98,3.58,16.25198332,77.25077264
20170214,0.0,37.0,34.29,15.27,19.02,2.87,5.3,16.25198332,77.25077264
20170215,0.0,37.35,33.76,17.29,16.47,2.7,4.96,16.25198332,77.25077264
20170216,0.0,36.52,34.16,16.29,17.87,3.54,5.53,16.25198332,77.25077264
20170217,0.0,32.09,35.26,16.6,18.66,5.17,6.55,16.25198332,77.25077264
20170218,0.0,30.28,36.34,18.08,18.26,4.82,5.9,16.25198332,77.25077264
20170219,0.0,26.44,36.45,17.37,19.08,3.56,5.08,16.25198332,77.25077264
20170220,0.0,15.23,37.52,19.25,18.27,2.32,4.28,16.25198332,77.25077264
20170221,0.0,20.46,37.86,17.66,20.2,3.96,7.63,16.25198332,77.25077264
20170222,0.0,15.75,38.16,19.1,19.06,1.9,3.27,16.25198332,77.25077264
20170223,0.0,22.96,38.46,18.1,20.36,1.46,3.21,16.25198332,77.25077264
20170224,0.0,20.89,38.54,19.66,18.88,2.5,6.15,16.25198332,77.25077264
20170225,0.0,17.51,37.8,17.92,19.88,2.61,6.71,16.25198332,77.25077264
20170226,0.0,11.34,37.75,17.51,20.24,3.16,6.79,16.25198332,77.25077264
20170227,0.0,22.15,36.81,16.55,20.26,2.27,5.58,16.25198332,77.25077264
20170228,0.0,27.59,37.34,18.35,19.0,3.32,6.54,16.25198332,77.25077264
20170301,0.0,25.42,37.21,18.16,19.05,3.81,7.26,16.25198332,77.25077264
20170302,0.0,24.34,36.47,18.23,18.24,2.65,5.55,16.25198332,77.25077264
20170303,0.0,17.67,37.03,17.58,19.45,4.07,6.94,16.25198332,77.25077264
20170304,0.0,30.39,36.91,16.78,20.14,3.56,6.92,16.25198332,77.25077264
20170305,0.0,37.14,37.65,21.3,16.35,4.2,7.28,16.25198332,77.25077264
20170306,0.0,28.76,38.26,21.12,17.14,2.27,4.55,16.25198332,77.25077264
20170307,0.0,27.23,38.09,21.8,16.29,2.47,4.44,16.25198332,77.25077264
20170308,0.0,24.18,37.35,20.07,17.28,1.73,1.83,16.25198332,77.25077264
20170309,0.0,23.65,38.13,21.35,16.78,2.21,2.37,16.25198332,77.25077264
20170310,0.0,22.93,37.58,21.03,16.54,3.86,4.74,16.25198332,77.25077264
20170311,0.0,21.03,36.17,19.09,17.08,3.43,3.71,16.25198332,77.25077264
20170312,0.0,16.39,36.47,16.89,19.58,4.23,6.71,16.25198332,77.25077264
20170313,0.0,26.61,37.3,18.46,18.84,2.93,6.71,16.25198332,77.25077264
20170314,0.36,40.53,36.59,21.66,14.93,3.91,6.22,16.25198332,77.25077264
20170315,10.08,49.16,35.96,23.75,12.2,3.28,5.54,16.25198332,77.25077264
20170316,10.57,63.6,33.0,22.36,10.64,3.39,4.24,16.25198332,77.25077264
20170317,0.01,50.67,35.54,21.8,13.74,1.97,3.56,16.25198332,77.25077264
20170318,0.0,34.17,36.37,19.38,16.99,3.24,5.62,16.25198332,77.25077264
20170319,0.0,33.35,36.91,20.12,16.8,2.63,2.88,16.25198332,77.25077264
20170320,0.0,32.01,37.28,19.52,17.76,4.56,4.9,16.25198332,77.25077264
20170321,0.0,31.44,37.41,19.8,17.62,3.68,5.67,16.25198332,77.25077264
20170322,0.0,26.49,38.43,19.31,19.12,2.56,4.66,16.25198332,77.25077264
20170323,0.0,30.55,38.91,18.9,20.02,2.72,5.33,16.25198332,77.25077264
20170324,0.0,28.79,38.94,20.45,18.49,3.45,7.06,16.25198332,77.25077264
20170325,0.0,25.13,39.52,20.62,18.9,3.47,6.8,16.25198332,77.25077264
20170326,0.0,25.84,40.15,21.82,18.33,2.54,4.98,16.25198332,77.25077264
20170327,0.0,27.4,40.79,22.62,18.17,2.62,5.09,16.25198332,77.25077264
20170328,0.0,25.47,40.15,22.64,17.51,2.68,5.53,16.25198332,77.25077264
20170329,0.0,28.15,40.47,22.64,17.83,2.18,4.73,16.25198332,77.25077264
20170330,0.0,26.22,40.27,22.94,17.33,3.06,5.93,16.25198332,77.25077264
20170331,0.0,23.27,41.57,23.59,17.98,2.96,6.04,16.25198332,77.25077264
20170401,0.03,25.15,41.02,23.59,17.43,4.41,7.85,16.25198332,77.25077264
20170402,0.05,25.64,41.28,26.28,15.0,3.99,6.5,16.25198332,77.25077264
20170403,0.08,23.16,41.35,26.83,14.52,4.33,7.23,16.25198332,77.25077264
20170404,0.46,28.16,41.13,25.49,15.65,4.41,7.12,16.25198332,77.25077264
20170405,0.12,27.18,41.2,26.84,14.36,3.67,5.83,16.25198332,77.25077264
20170406,0.0,24.54,41.56,26.37,15.18,4.04,4.49,16.25198332,77.25077264
20170407,0.0,22.93,41.4,25.32,16.08,1.87,2.79,16.25198332,77.25077264
20170408,0.0,24.77,41.46,26.18,15.28,4.42,6.29,16.25198332,77.25077264
20170409,0.0,25.24,42.19,27.43,14.77,3.45,4.71,16.25198332,77.25077264
20170410,0.0,22.84,42.26,27.28,14.98,3.1,6.18,16.25198332,77.25077264
20170411,0.0,18.58,41.43,25.39,16.04,2.78,5.59,16.25198332,77.25077264
20170412,0.0,11.99,42.1,22.55,19.55,2.17,5.97,16.25198332,77.25077264
20170413,0.0,20.53,41.63,21.38,20.25,2.68,6.4,16.25198332,77.25077264
20170414,0.0,21.95,41.32,22.95,18.36,4.09,7.5,16.25198332,77.25077264
20170415,0.0,25.41,41.91,23.72,18.18,3.0,5.56,16.25198332,77.25077264
20170416,0.0,24.34,42.78,24.71,18.07,4.69,6.72,16.25198332,77.25077264
20170417,0.0,24.21,42.7,25.2,17.51,6.86,9.59,16.25198332,77.25077264
20170418,0.0,19.16,43.13,25.36,17.77,3.17,3.97,16.25198332,77.25077264
20170419,0.0,21.64,42.56,25.71,16.85,3.82,5.22,16.25198332,77.25077264
20170420,0.0,19.71,42.66,25.64,17.02,5.47,7.21,16.25198332,77.25077264
20170421,0.0,24.04,42.08,24.95,17.13,4.76,6.82,16.25198332,77.25077264
20170422,0.0,21.63,42.12,24.88,17.24,3.91,6.13,16.25198332,77.25077264
20170423,0.0,19.16,41.58,24.39,17.19,4.4,7.05,16.25198332,77.25077264
20170424,0.0,20.63,41.94,25.08,16.86,5.67,8.29,16.25198332,77.25077264
20170425,0.0,17.24,41.97,24.73,17.24,4.05,4.8,16.25198332,77.25077264
20170426,0.1,19.25,41.29,25.87,15.43,4.76,5.46,16.25198332,77.25077264
20170427,0.37,27.8,42.31,27.24,15.08,4.58,6.05,16.25198332,77.25077264
20170428,1.16,28.06,41.34,27.72,13.61,3.87,5.27,16.25198332,77.25077264
20170429,2.3,27.02,41.23,28.41,12.82,1.74,3.75,16.25198332,77.25077264
20170430,0.45,27.78,40.04,28.16,11.88,2.0,3.71,16.25198332,77.25077264
20170501,0.38,27.57,40.35,27.92,12.43,3.02,6.35,16.25198332,77.25077264
20170502,0.28,30.31,40.21,26.6,13.6,2.64,5.65,16.25198332,77.25077264
20170503,0.0,31.72,40.76,26.84,13.92,2.81,4.03,16.25198332,77.25077264
20170504,0.02,28.46,41.54,26.74,14.8,2.17,4.63,16.25198332,77.25077264
20170505,0.08,26.3,42.25,25.77,16.48,3.29,5.53,16.25198332,77.25077264
20170506,0.36,28.96,42.18,28.87,13.31,3.94,6.36,16.25198332,77.25077264
20170507,0.71,34.34,39.24,28.86,10.38,4.14,5.42,16.25198332,77.25077264
20170508,0.08,32.75,39.44,28.43,11.01,2.86,4.91,16.25198332,77.25077264
20170509,0.25,32.8,40.39,27.31,13.08,4.57,6.06,16.25198332,77.25077264
20170510,4.83,37.05,39.98,27.47,12.5,3.45,6.21,16.25198332,77.25077264
20170511,0.64,44.81,37.44,26.81,10.63,2.07,5.13,16.25198332,77.25077264
20170512,0.06,38.93,39.76,26.39,13.37,2.23,4.05,16.25198332,77.25077264
20170513,0.0,33.97,41.72,26.13,15.59,2.42,5.41,16.25198332,77.25077264
20170514,1.48,32.45,42.48,28.22,14.26,3.23,5.15,16.25198332,77.25077264
20170515,4.71,42.92,39.15,28.94,10.21,3.62,4.49,16.25198332,77.25077264
20170516,0.08,37.18,42.28,26.92,15.36,4.09,5.94,16.25198332,77.25077264
20170517,0.02,36.77,40.76,27.79,12.96,5.54,4.64,16.25198332,77.25077264
20170518,0.0,29.71,42.93,26.57,16.36,5.62,6.2,16.25198332,77.25077264
20170519,0.0,32.17,42.42,26.98,15.44,6.45,7.24,16.25198332,77.25077264
20170520,0.0,28.53,42.18,27.7,14.47,6.69,8.32,16.25198332,77.25077264
20170521,0.0,27.89,42.18,28.44,13.74,6.77,7.53,16.25198332,77.25077264
20170522,0.0,28.36,42.34,28.79,13.55,4.27,3.55,16.25198332,77.25077264
20170523,0.02,29.43,41.27,30.09,11.18,2.42,4.23,16.25198332,77.25077264
20170524,0.04,25.57,42.72,30.6,12.12,5.68,6.05,16.25198332,77.25077264
20170525,0.0,28.55,43.5,28.61,14.89,7.0,7.96,16.25198332,77.25077264
20170526,0.26,37.81,39.22,29.64,9.59,6.53,8.42,16.25198332,77.25077264
20170527,0.14,35.96,41.17,28.53,12.64,5.03,4.24,16.25198332,77.25077264
20170528,0.59,36.14,39.59,28.05,11.54,5.9,5.88,16.25198332,77.25077264
20170529,0.01,36.96,41.71,27.3,14.4,4.65,6.04,16.25198332,77.25077264
20170530,0.0,42.75,40.29,26.47,13.82,2.64,3.31,16.25198332,77.25077264
20170531,0.0,51.42,38.98,26.81,12.18,2.22,3.14,16.25198332,77.25077264
20170601,0.02,44.96,39.09,26.9,12.19,2.86,4.41,16.25198332,77.25077264
20170602,0.33,39.85,40.33,27.02,13.32,2.24,3.61,16.25198332,77.25077264
20170603,1.86,42.65,39.53,27.17,12.36,3.93,5.6,16.25198332,77.25077264
20170604,0.41,45.08,38.02,26.97,11.05,5.29,7.05,16.25198332,77.25077264
20170605,1.0,39.45,40.41,26.92,13.48,4.3,6.2,16.25198332,77.25077264
20170606,18.69,52.25,37.86,25.32,12.54,7.45,9.34,16.25198332,77.25077264
20170607,8.55,64.66,32.31,24.19,8.13,6.23,5.42,16.25198332,77.25077264
20170608,3.56,67.03,33.01,23.2,9.81,4.6,3.68,16.25198332,77.25077264
20170609,12.95,73.24,31.03,23.41,7.61,5.0,4.35,16.25198332,77.25077264
20170610,1.75,74.12,29.88,23.4,6.48,2.92,2.36,16.25198332,77.25077264
20170611,3.58,66.11,34.29,23.14,11.15,3.69,4.01,16.25198332,77.25077264
20170612,9.83,69.8,32.24,23.39,8.85,4.08,4.49,16.25198332,77.25077264
20170613,0.67,66.27,33.57,22.75,10.82,2.97,2.88,16.25198332,77.25077264
20170614,1.16,70.43,32.9,24.06,8.84,3.67,2.68,16.25198332,77.25077264
20170615,17.19,74.77,31.49,24.01,7.48,4.81,5.4,16.25198332,77.25077264
20170616,18.17,79.92,30.03,23.83,6.2,2.66,2.53,16.25198332,77.25077264
20170617,3.56,72.47,32.15,22.42,9.73,3.69,2.77,16.25198332,77.25077264
20170618,8.56,74.43,31.81,23.04,8.77,3.24,2.92,16.25198332,77.25077264
20170619,10.32,72.45,31.68,22.94,8.74,4.54,5.02,16.25198332,77.25077264
20170620,6.83,74.1,31.38,23.14,8.24,3.38,2.09,16.25198332,77.25077264
20170621,0.01,68.07,33.48,22.59,10.89,3.16,3.64,16.25198332,77.25077264
20170622,0.86,66.12,34.29,22.45,11.84,3.71,3.9,16.25198332,77.25077264
20170623,3.69,72.56,32.46,23.23,9.23,4.71,3.62,16.25198332,77.25077264
20170624,0.64,72.54,32.48,23.51,8.97,3.39,2.96,16.25198332,77.25077264
20170625,1.0,73.29,30.3,23.72,6.58,4.63,4.2,16.25198332,77.25077264
20170626,4.71,71.36,32.46,23.04,9.42,6.58,6.49,16.25198332,77.25077264
20170627,0.36,69.3,32.04,23.08,8.96,6.19,5.65,16.25198332,77.25077264
20170628,0.06,66.35,33.28,23.18,10.09,6.56,6.77,16.25198332,77.25077264
20170629,0.0,66.64,33.29,22.69,10.6,6.37,6.21,16.25198332,77.25077264
20170630,1.18,70.43,32.38,23.02,9.36,5.29,5.34,16.25198332,77.25077264
20170701,0.13,68.39,33.33,22.87,10.46,4.88,4.96,16.25198332,77.25077264
20170702,0.0,69.29,33.02,23.49,9.54,3.99,3.52,16.25198332,77.25077264
20170703,0.0,69.87,31.28,23.48,7.8,3.4,3.97,16.25198332,77.25077264
20170704,0.0,67.58,31.94,23.2,8.73,6.52,6.6,16.25198332,77.25077264
20170705,0.39,64.72,33.84,22.66,11.18,5.09,4.99,16.25198332,77.25077264
20170706,2.31,68.28,32.18,23.21,8.97,3.91,2.86,16.25198332,77.25077264
20170707,5.03,70.71,31.0,23.13,7.87,3.44,2.51,16.25198332,77.25077264
20170708,0.81,63.74,33.9,22.52,11.38,3.28,3.11,16.25198332,77.25077264
20170709,6.25,68.91,32.27,22.77,9.49,3.27,2.56,16.25198332,77.25077264
20170710,0.43,69.08,32.89,22.36,10.53,2.67,1.96,16.25198332,77.25077264
20170711,1.26,66.56,33.21,23.48,9.73,3.69,3.6,16.25198332,77.25077264
20170712,0.37,62.34,33.93,22.69,11.24,4.19,3.11,16.25198332,77.25077264
20170713,1.66,66.67,32.05,23.02,9.03,4.27,4.07,16.25198332,77.25077264
20170714,0.8,73.63,30.92,22.88,8.05,5.06,5.31,16.25198332,77.25077264
20170715,0.88,70.76,31.12,23.47,7.65,5.14,4.05,16.25198332,77.25077264
20170716,0.21,69.84,30.98,22.66,8.32,3.32,2.96,16.25198332,77.25077264
20170717,4.42,73.86,29.77,22.32,7.45,3.87,3.74,16.25198332,77.25077264
20170718,12.07,76.07,29.61,22.72,6.89,6.58,7.5,16.25198332,77.25077264
20170719,2.54,71.4,32.08,23.11,8.97,5.86,5.93,16.25198332,77.25077264
20170720,12.7,70.62,31.94,23.1,8.84,5.97,6.3,16.25198332,77.25077264
20170721,1.83,70.79,32.98,23.17,9.8,5.9,6.17,16.25198332,77.25077264
20170722,0.0,65.8,34.81,22.74,12.07,4.88,4.56,16.25198332,77.25077264
20170723,0.0,64.45,34.62,22.68,11.95,4.77,4.62,16.25198332,77.25077264
20170724,0.33,64.1,34.61,22.82,11.79,4.46,4.79,16.25198332,77.25077264
20170725,0.03,62.81,35.2,23.21,11.99,3.99,4.08,16.25198332,77.25077264
20170726,0.39,62.92,34.77,22.72,12.05,4.28,3.56,16.25198332,77.25077264
20170727,0.25,62.35,34.99,22.73,12.26,4.96,4.58,16.25198332,77.25077264
20170728,2.66,64.63,34.36,22.85,11.51,4.37,4.19,16.25198332,77.25077264
20170729,6.41,67.05,34.12,22.99,11.12,2.47,2.64,16.25198332,77.25077264
20170730,1.7,68.96,33.66,22.8,10.86,3.84,2.86,16.25198332,77.25077264
20170731,3.17,65.68,34.28,22.73,11.55,2.9,3.7,16.25198332,77.25077264
20170801,1.3,67.88,32.09,23.08,9.01,2.57,2.86,16.25198332,77.25077264
20170802,0.74,65.59,34.29,22.97,11.32,2.33,2.67,16.25198332,77.25077264
20170803,0.75,67.33,33.23,22.51,10.72,3.71,4.13,16.25198332,77.25077264
20170804,0.84,66.74,33.69,23.08,10.61,3.72,3.11,16.25198332,77.25077264
20170805,0.18,62.87,35.32,23.38,11.95,3.98,2.69,16.25198332,77.25077264
20170806,1.84,64.88,33.69,23.87,9.81,4.44,2.8,16.25198332,77.25077264
20170807,1.38,67.07,32.84,23.21,9.63,4.22,3.69,16.25198332,77.25077264
20170808,0.84,65.66,34.0,23.37,10.63,2.48,3.45,16.25198332,77.25077264
20170809,13.47,66.88,33.72,23.71,10.02,3.25,2.09,16.25198332,77.25077264
20170810,8.46,70.76,32.98,22.89,10.09,2.41,2.19,16.25198332,77.25077264
20170811,4.04,70.16,32.51,22.86,9.65,2.78,2.51,16.25198332,77.25077264
20170812,3.99,75.16,30.4,23.43,6.97,4.21,4.64,16.25198332,77.25077264
20170813,3.49,73.18,30.16,22.75,7.41,3.29,2.41,16.25198332,77.25077264
20170814,0.04,67.01,32.95,21.94,11.01,3.72,4.24,16.25198332,77.25077264
20170815,0.31,69.34,31.53,22.8,8.73,2.67,4.13,16.25198332,77.25077264
20170816,1.35,73.0,30.47,22.54,7.92,3.89,3.4,16.25198332,77.25077264
20170817,0.19,74.67,29.58,23.02,6.56,4.58,3.96,16.25198332,77.25077264
20170818,1.81,69.71,31.75,23.15,8.6,4.68,3.29,16.25198332,77.25077264
20170819,4.87,77.0,27.61,22.84,4.76,4.19,4.25,16.25198332,77.25077264
20170820,0.79,68.26,31.23,22.14,9.09,6.44,6.28,16.25198332,77.25077264
20170821,1.31,61.06,34.3,20.32,13.97,4.46,3.61,16.25198332,77.25077264
20170822,0.47,61.84,35.09,21.33,13.76,3.12,3.6,16.25198332,77.25077264
20170823,0.73,64.1,34.47,22.69,11.79,2.8,2.66,16.25198332,77.25077264
20170824,4.49,69.78,32.2,23.7,8.5,4.21,3.25,16.25198332,77.25077264
20170825,14.14,75.63,31.26,23.54,7.72,2.86,2.02,16.25198332,77.25077264
20170826,23.8,75.02,31.98,22.61,9.38,3.34,2.26,16.25198332,77.25077264
20170827,12.33,76.94,32.41,22.54,9.87,4.91,4.03,16.25198332,77.25077264
20170828,4.69,78.72,29.96,23.21,6.75,3.03,2.91,16.25198332,77.25077264
20170829,3.1,70.01,31.1,22.22,8.88,6.01,5.38,16.25198332,77.25077264
20170830,1.86,73.17,33.23,21.77,11.45,4.23,3.16,16.25198332,77.25077264
20170831,0.74,74.44,32.47,22.26,10.22,3.22,2.11,16.25198332,77.25077264
20170901,0.12,69.79,32.98,22.34,10.65,4.02,5.32,16.25198332,77.25077264
20170902,0.04,67.04,33.08,23.28,9.79,2.45,4.0,16.25198332,77.25077264
20170903,2.02,67.16,33.7,22.78,10.92,4.36,5.48,16.25198332,77.25077264
20170904,6.35,75.41,32.11,23.45,8.65,3.2,2.96,16.25198332,77.25077264
20170905,21.1,79.93,30.27,23.93,6.33,1.95,1.62,16.25198332,77.25077264
20170906,3.96,85.1,28.7,23.86,4.84,2.35,1.61,16.25198332,77.25077264
20170907,14.27,77.49,30.73,22.64,8.09,1.85,2.19,16.25198332,77.25077264
20170908,1.28,77.62,30.75,23.01,7.74,1.76,3.79,16.25198332,77.25077264
20170909,0.28,78.46,31.58,22.73,8.85,1.42,2.86,16.25198332,77.25077264
20170910,0.28,77.96,31.6,22.82,8.78,1.74,1.68,16.25198332,77.25077264
20170911,0.98,81.47,31.0,23.54,7.46,3.82,2.97,16.25198332,77.25077264
20170912,0.21,81.67,30.34,23.45,6.89,2.07,2.22,16.25198332,77.25077264
20170913,15.3,80.33,30.32,23.22,7.1,1.43,3.73,16.25198332,77.25077264
20170914,10.92,77.22,30.44,22.87,7.56,1.27,3.48,16.25198332,77.25077264
20170915,2.08,79.91,30.45,22.99,7.45,2.79,1.57,16.25198332,77.25077264
20170916,10.49,79.95,30.49,22.66,7.83,1.68,3.19,16.25198332,77.25077264
20170917,9.13,83.56,28.39,21.77,6.62,3.5,2.55,16.25198332,77.25077264
20170918,13.8,79.59,28.85,20.68,8.17,4.26,3.72,16.25198332,77.25077264
20170919,0.04,79.86,30.16,21.46,8.7,4.97,4.47,16.25198332,77.25077264
20170920,0.34,80.44,29.95,21.94,8.01,4.53,4.63,16.25198332,77.25077264
20170921,0.14,79.38,29.4,21.95,7.46,2.84,2.28,16.25198332,77.25077264
20170922,0.54,82.03,28.15,21.01,7.14,3.07,3.26,16.25198332,77.25077264
20170923,0.16,75.96,31.14,21.47,9.67,3.76,5.28,16.25198332,77.25077264
20170924,2.48,75.13,31.08,22.78,8.3,2.08,3.24,16.25198332,77.25077264
20170925,4.69,77.34,31.04,21.26,9.78,2.3,3.54,16.25198332,77.25077264
20170926,5.79,82.92,28.33,22.26,6.07,1.99,2.26,16.25198332,77.25077264
20170927,13.32,84.23,28.8,21.98,6.82,1.71,2.28,16.25198332,77.25077264
20170928,25.81,84.22,29.48,22.27,7.21,2.45,2.71,16.25198332,77.25077264
20170929,13.94,85.18,29.33,22.39,6.94,0.76,2.33,16.25198332,77.25077264
20170930,4.09,82.07,30.11,22.52,7.58,2.46,2.29,16.25198332,77.25077264
20171001,6.09,82.28,30.19,22.18,8.01,1.48,3.36,16.25198332,77.25077264
20171002,10.92,84.11,28.78,22.46,6.31,3.12,4.12,16.25198332,77.25077264
20171003,2.96,85.38,29.03,22.11,6.92,1.85,2.83,16.25198332,77.25077264
20171004,4.95,84.52,29.25,22.67,6.58,3.65,4.08,16.25198332,77.25077264
20171005,1.87,82.27,29.49,22.01,7.48,2.82,4.12,16.25198332,77.25077264
20171006,4.95,86.78,29.47,22.42,7.04,2.17,3.29,16.25198332,77.25077264
20171007,5.49,87.06,29.36,23.07,6.3,2.14,3.43,16.25198332,77.25077264
20171008,12.5,86.22,29.85,23.23,6.62,3.16,3.02,16.25198332,77.25077264
20171009,15.84,87.25,28.5,22.99,5.52,4.11,4.36,16.25198332,77.25077264
20171010,18.35,84.57,28.78,22.2,6.58,1.13,1.82,16.25198332,77.25077264
20171011,20.0,80.85,29.59,21.9,7.7,2.05,2.39,16.25198332,77.25077264
20171012,7.52,83.91,29.17,21.95,7.23,1.92,3.9,16.25198332,77.25077264
20171013,5.08,83.87,29.52,22.34,7.17,2.05,3.25,16.25198332,77.25077264
20171014,2.79,88.68,27.72,23.02,4.7,3.83,2.98,16.25198332,77.25077264
20171015,5.26,89.11,29.11,22.67,6.44,2.67,1.83,16.25198332,77.25077264
20171016,1.22,80.71,30.06,22.48,7.58,3.49,4.85,16.25198332,77.25077264
20171017,0.0,77.85,30.59,21.65,8.94,2.25,1.84,16.25198332,77.25077264
20171018,0.0,74.42,30.88,18.83,12.05,1.77,1.76,16.25198332,77.25077264
20171019,0.0,69.27,29.88,18.37,11.51,2.55,3.25,16.25198332,77.25077264
20171020,0.0,71.19,29.57,17.44,12.13,1.67,3.6,16.25198332,77.25077264
20171021,0.0,78.07,29.78,19.25,10.53,2.58,4.33,16.25198332,77.25077264
20171022,0.04,81.63,29.03,20.71,8.32,2.53,2.09,16.25198332,77.25077264
20171023,0.07,83.31,28.88,22.23,6.65,4.4,5.18,16.25198332,77.25077264
20171024,0.1,80.71,29.46,21.86,7.6,3.44,3.11,16.25198332,77.25077264
20171025,0.16,80.21,30.18,20.47,9.71,1.88,3.68,16.25198332,77.25077264
20171026,0.0,79.5,29.97,20.88,9.09,1.87,2.34,16.25198332,77.25077264
20171027,0.0,73.99,29.32,18.62,10.7,1.15,2.92,16.25198332,77.25077264
20171028,0.1,76.35,29.22,19.11,10.11,2.32,4.07,16.25198332,77.25077264
20171029,0.0,73.28,28.92,18.54,10.38,2.99,4.27,16.25198332,77.25077264
20171030,0.0,76.75,28.64,17.23,11.41,1.89,2.2,16.25198332,77.25077264
20171031,0.0,74.89,28.81,17.36,11.45,2.89,1.65,16.25198332,77.25077264
20171101,0.0,74.71,28.04,17.05,11.0,2.59,1.94,16.25198332,77.25077264
20171102,0.0,70.07,28.08,15.69,12.39,3.5,3.48,16.25198332,77.25077264
20171103,0.0,72.41,27.55,14.21,13.33,2.97,3.21,16.25198332,77.25077264
20171104,0.0,76.17,28.51,15.32,13.19,2.41,2.79,16.25198332,77.25077264
20171105,0.02,80.41,28.93,19.37,9.55,3.35,2.06,16.25198332,77.25077264
20171106,0.1,81.14,29.47,19.4,10.08,3.25,2.25,16.25198332,77.25077264
20171107,0.01,76.89,29.24,18.66,10.58,2.05,1.65,16.25198332,77.25077264
20171108,0.0,75.56,29.44,18.52,10.93,1.68,2.42,16.25198332,77.25077264
20171109,0.0,68.24,29.11,16.33,12.78,1.63,3.48,16.25198332,77.25077264
20171110,0.0,65.83,29.25,14.67,14.58,1.66,4.02,16.25198332,77.25077264
20171111,0.0,62.38,28.98,15.29,13.69,2.93,2.68,16.25198332,77.25077264
20171112,0.0,63.0,29.68,14.2,15.48,2.16,2.81,16.25198332,77.25077264
20171113,0.0,67.59,30.36,17.3,13.07,1.08,3.55,16.25198332,77.25077264
20171114,0.01,74.84,30.24,19.08,11.15,1.12,3.26,16.25198332,77.25077264
20171115,0.0,75.59,30.94,21.29,9.65,3.61,3.84,16.25198332,77.25077264
20171116,0.0,66.86,31.52,19.93,11.58,2.59,1.85,16.25198332,77.25077264
20171117,0.0,66.89,31.17,18.48,12.69,1.74,3.08,16.25198332,77.25077264
20171118,0.0,71.34,31.32,19.68,11.64,1.54,1.92,16.25198332,77.25077264
20171119,0.0,71.81,31.26,20.49,10.77,1.98,2.47,16.25198332,77.25077264
20171120,0.0,69.83,32.28,20.17,12.11,1.52,2.77,16.25198332,77.25077264
20171121,0.0,70.05,32.39,20.36,12.04,1.85,3.43,16.25198332,77.25077264
20171122,0.0,65.57,31.31,20.8,10.51,2.06,3.86,16.25198332,77.25077264
20171123,0.0,63.6,32.48,18.85,13.63,2.44,5.16,16.25198332,77.25077264
20171124,0.0,65.08,32.29,19.5,12.79,2.48,5.64,16.25198332,77.25077264
20171125,0.0,65.36,31.56,19.23,12.33,2.43,4.03,16.25198332,77.25077264
20171126,0.0,58.38,30.94,15.77,15.17,1.47,3.44,16.25198332,77.25077264
20171127,0.0,51.47,31.29,14.88,16.41,1.72,4.1,16.25198332,77.25077264
20171128,0.0,55.64,30.75,13.96,16.79,1.9,5.49,16.25198332,77.25077264
20171129,0.0,61.9,30.87,14.2,16.67,1.85,4.55,16.25198332,77.25077264
20171130,0.0,61.05,31.01,15.28,15.73,3.12,3.99,16.25198332,77.25077264
20171201,0.0,67.59,29.81,17.73,12.08,3.16,2.33,16.25198332,77.25077264
20171202,0.0,64.6,28.91,16.88,12.04,3.88,2.97,16.25198332,77.25077264
20171203,0.0,61.58,29.81,15.26,14.55,2.57,4.08,16.25198332,77.25077264
20171204,0.0,62.62,30.37,15.5,14.87,2.57,4.18,16.25198332,77.25077264
20171205,0.03,69.22,30.41,17.78,12.63,3.26,3.35,16.25198332,77.25077264
20171206,0.02,68.42,30.84,18.05,12.8,2.45,4.67,16.25198332,77.25077264
20171207,0.17,60.6,31.5,17.35,14.15,1.4,4.01,16.25198332,77.25077264
20171208,0.31,46.23,33.31,14.64,18.67,2.42,5.11,16.25198332,77.25077264
20171209,0.0,46.23,32.98,15.32,17.66,2.26,4.24,16.25198332,77.25077264
20171210,0.0,48.76,32.17,15.68,16.49,2.33,2.68,16.25198332,77.25077264
20171211,0.0,42.11,32.44,15.23,17.21,2.5,4.57,16.25198332,77.25077264
20171212,0.0,41.41,32.69,15.7,16.99,2.03,4.72,16.25198332,77.25077264
20171213,0.0,44.75,32.75,15.97,16.78,2.11,5.97,16.25198332,77.25077264
20171214,0.0,50.15,32.51,16.31,16.2,2.04,5.39,16.25198332,77.25077264
20171215,0.0,53.97,32.33,17.11,15.23,2.27,3.84,16.25198332,77.25077264
20171216,0.0,52.46,31.87,16.46,15.41,2.71,4.31,16.25198332,77.25077264
20171217,0.0,50.78,31.49,16.2,15.28,3.55,4.53,16.25198332,77.25077264
20171218,0.0,44.88,31.01,15.03,15.98,3.79,5.18,16.25198332,77.25077264
20171219,0.0,44.91,30.65,13.94,16.7,3.27,3.17,16.25198332,77.25077264
20171220,0.0,42.0,31.62,13.54,18.08,2.47,5.21,16.25198332,77.25077264
20171221,0.0,41.0,31.19,14.18,17.01,2.97,5.75,16.25198332,77.25077264
20171222,0.0,38.7,31.24,13.57,17.68,1.83,4.88,16.25198332,77.25077264
20171223,0.0,41.8,31.55,13.25,18.3,2.5,6.43,16.25198332,77.25077264
20171224,0.0,48.3,31.44,14.23,17.21,2.12,5.44,16.25198332,77.25077264
20171225,0.0,44.3,31.94,14.52,17.42,2.77,6.64,16.25198332,77.25077264
20171226,0.0,44.4,31.02,14.32,16.7,2.76,6.61,16.25198332,77.25077264
20171227,0.0,33.6,31.21,12.86,18.35,1.96,5.69,16.25198332,77.25077264
20171228,0.0,41.18,30.68,12.79,17.89,2.84,6.35,16.25198332,77.25077264
20171229,0.0,42.97,30.86,12.49,18.37,2.47,5.4,16.25198332,77.25077264
20171230,0.0,50.08,30.87,14.2,16.67,1.93,5.21,16.25198332,77.25077264
20171231,0.0,43.23,31.12,14.2,16.92,1.77,4.99,16.25198332,77.25077264
20180101,0.0,42.73,31.86,15.18,16.67,1.16,3.38,16.25198332,77.25077264
20180102,0.09,36.83,31.98,15.17,16.81,2.54,4.69,16.25198332,77.25077264
20180103,0.0,50.5,31.18,15.42,15.76,1.99,4.28,16.25198332,77.25077264
20180104,0.0,44.09,30.83,16.32,14.5,2.82,4.85,16.25198332,77.25077264
20180105,0.0,34.53,31.16,14.71,16.45,2.31,4.74,16.25198332,77.25077264
20180106,0.0,36.74,30.44,13.6,16.84,1.89,4.58,16.25198332,77.25077264
20180107,0.0,37.09,30.3,14.1,16.2,1.63,4.79,16.25198332,77.25077264
20180108,0.0,43.32,30.13,13.28,16.85,2.13,4.97,16.25198332,77.25077264
20180109,0.0,48.4,29.92,14.4,15.52,2.36,3.96,16.25198332,77.25077264
20180110,0.0,46.38,32.02,15.58,16.44,1.7,3.82,16.25198332,77.25077264
20180111,0.0,46.84,33.49,17.47,16.03,1.79,4.31,16.25198332,77.25077264
20180112,0.0,40.11,33.51,18.34,15.17,2.07,2.83,16.25198332,77.25077264
20180113,0.0,30.36,34.6,17.73,16.87,1.69,4.45,16.25198332,77.25077264
20180114,0.0,35.88,34.36,16.91,17.45,1.34,3.26,16.25198332,77.25077264
20180115,0.0,43.41,33.73,17.55,16.19,1.9,4.63,16.25198332,77.25077264
20180116,0.0,36.31,33.54,18.7,14.84,1.62,3.37,16.25198332,77.25077264
20180117,0.0,32.69,33.04,16.49,16.55,1.91,3.66,16.25198332,77.25077264
20180118,0.0,36.13,32.51,15.32,17.19,2.42,4.04,16.25198332,77.25077264
20180119,0.0,28.38,32.48,15.12,17.36,2.56,5.86,16.25198332,77.25077264
20180120,0.0,29.38,31.97,13.58,18.39,1.87,4.83,16.25198332,77.25077264
20180121,0.0,30.12,32.23,13.67,18.56,1.59,4.78,16.25198332,77.25077264
20180122,0.0,37.55,31.35,13.57,17.78,2.07,5.36,16.25198332,77.25077264
20180123,0.0,43.65,31.46,14.39,17.07,3.84,5.75,16.25198332,77.25077264
20180124,0.0,33.83,31.56,16.43,15.13,2.63,3.37,16.25198332,77.25077264
20180125,0.0,27.36,32.23,14.81,17.43,2.15,5.79,16.25198332,77.25077264
20180126,0.0,15.38,32.56,13.54,19.02,2.85,6.04,16.25198332,77.25077264
20180127,0.0,27.47,31.91,13.47,18.45,2.31,4.46,16.25198332,77.25077264
20180128,0.0,32.71,32.35,14.4,17.94,1.89,5.57,16.25198332,77.25077264
20180129,0.0,34.22,33.2,14.6,18.59,1.96,5.58,16.25198332,77.25077264
20180130,0.0,27.13,33.25,13.97,19.28,2.43,4.47,16.25198332,77.25077264
20180131,0.0,18.18,33.51,15.66,17.85,2.69,4.36,16.25198332,77.25077264
20180201,0.0,13.95,34.32,15.43,18.89,2.87,4.36,16.25198332,77.25077264
20180202,0.0,16.49,34.24,14.27,19.97,1.99,4.03,16.25198332,77.25077264
20180203,0.0,23.89,33.78,13.28,20.5,2.41,4.07,16.25198332,77.25077264
20180204,0.0,32.25,33.09,13.49,19.6,1.13,4.35,16.25198332,77.25077264
20180205,0.0,30.52,32.94,13.83,19.11,2.37,5.34,16.25198332,77.25077264
20180206,0.0,25.49,33.56,14.35,19.21,2.84,5.88,16.25198332,77.25077264
20180207,0.0,29.13,30.14,19.42,10.72,1.77,1.78,16.25198332,77.25077264
20180208,0.0,29.27,34.56,19.68,14.87,1.84,3.21,16.25198332,77.25077264
20180209,0.0,29.32,33.69,20.38,13.32,1.85,2.58,16.25198332,77.25077264
20180210,0.02,35.36,32.07,22.15,9.92,2.25,5.05,16.25198332,77.25077264
20180211,0.08,42.95,33.55,20.64,12.91,4.89,4.39,16.25198332,77.25077264
20180212,0.0,46.04,34.22,20.48,13.74,3.57,4.69,16.25198332,77.25077264
20180213,0.0,44.71,33.49,20.22,13.28,2.78,4.55,16.25198332,77.25077264
20180214,0.0,42.31,34.03,18.65,15.38,2.79,3.94,16.25198332,77.25077264
20180215,0.0,38.85,32.83,18.16,14.66,2.66,4.02,16.25198332,77.25077264
20180216,0.0,30.54,33.96,17.79,16.16,2.07,2.64,16.25198332,77.25077264
20180217,0.0,19.8,35.88,16.96,18.92,1.76,3.78,16.25198332,77.25077264
20180218,0.0,21.57,35.72,15.71,20.01,1.87,4.49,16.25198332,77.25077264
20180219,0.0,31.94,35.23,16.37,18.86,2.71,5.82,16.25198332,77.25077264
20180220,0.0,37.25,35.11,17.73,17.38,2.4,4.51,16.25198332,77.25077264
20180221,0.0,32.75,35.23,18.38,16.85,1.92,3.64,16.25198332,77.25077264
20180222,0.0,32.31,35.29,19.98,15.31,2.49,4.62,16.25198332,77.25077264
20180223,0.0,30.81,35.56,19.44,16.12,2.79,4.91,16.25198332,77.25077264
20180224,0.0,29.97,35.54,17.68,17.86,2.93,4.93,16.25198332,77.25077264
20180225,0.0,23.96,36.02,15.5,20.52,3.67,6.43,16.25198332,77.25077264
20180226,0.0,19.84,37.02,16.6,20.43,4.27,7.13,16.25198332,77.25077264
20180227,0.0,19.49,37.5,17.34,20.15,3.98,6.07,16.25198332,77.25077264
20180228,0.0,20.79,37.09,18.06,19.03,3.58,6.88,16.25198332,77.25077264
20180301,0.0,22.35,37.0,17.62,19.38,2.2,5.22,16.25198332,77.25077264
20180302,0.0,20.79,37.28,17.72,19.57,1.84,4.45,16.25198332,77.25077264
20180303,0.0,18.8,37.34,17.87,19.47,3.11,6.26,16.25198332,77.25077264
20180304,0.0,17.5,37.27,18.25,19.02,3.13,6.04,16.25198332,77.25077264
20180305,0.0,20.73,37.67,18.25,19.42,2.65,5.88,16.25198332,77.25077264
20180306,0.0,20.38,37.96,18.0,19.96,3.49,6.05,16.25198332,77.25077264
20180307,0.0,21.68,38.02,18.57,19.44,2.78,5.72,16.25198332,77.25077264
20180308,0.0,19.1,38.22,17.85,20.37,2.61,5.25,16.25198332,77.25077264
20180309,0.0,24.32,38.18,18.38,19.8,3.2,6.19,16.25198332,77.25077264
20180310,0.0,27.42,37.96,20.06,17.89,2.62,6.21,16.25198332,77.25077264
20180311,0.0,28.85,37.96,20.65,17.32,3.92,6.4,16.25198332,77.25077264
20180312,0.0,30.28,37.79,22.33,15.46,3.25,4.58,16.25198332,77.25077264
20180313,0.0,30.77,37.68,21.63,16.05,2.86,4.89,16.25198332,77.25077264
20180314,0.02,28.14,37.68,21.5,16.18,2.16,4.21,16.25198332,77.25077264
20180315,0.1,32.64,35.95,24.13,11.82,4.02,5.34,16.25198332,77.25077264
20180316,0.71,37.16,34.57,24.87,9.7,3.8,4.21,16.25198332,77.25077264
20180317,0.08,40.02,35.92,22.53,13.38,2.7,4.41,16.25198332,77.25077264
20180318,0.09,39.73,36.96,22.86,14.1,3.25,4.53,16.25198332,77.25077264
20180319,0.02,32.59,38.07,22.71,15.36,2.94,4.31,16.25198332,77.25077264
20180320,0.03,27.17,38.18,22.9,15.28,4.03,6.39,16.25198332,77.25077264
20180321,0.0,23.43,39.57,23.43,16.14,2.47,4.71,16.25198332,77.25077264
20180322,0.02,22.43,39.37,23.49,15.89,2.76,4.05,16.25198332,77.25077264
20180323,0.0,18.01,39.64,21.86,17.78,2.26,3.77,16.25198332,77.25077264
20180324,0.0,19.61,40.17,21.25,18.93,2.23,5.28,16.25198332,77.25077264
20180325,0.0,28.91,39.54,23.79,15.75,3.05,5.64,16.25198332,77.25077264
20180326,0.0,29.57,38.76,23.65,15.11,2.19,4.6,16.25198332,77.25077264
20180327,0.0,28.68,38.44,23.72,14.72,3.24,6.16,16.25198332,77.25077264
20180328,0.0,21.91,40.24,25.48,14.77,2.88,4.92,16.25198332,77.25077264
20180329,0.0,20.08,38.66,24.01,14.65,2.91,3.34,16.25198332,77.25077264
20180330,0.0,21.09,40.18,22.99,17.19,3.16,4.36,16.25198332,77.25077264
20180331,0.0,23.58,40.97,22.79,18.19,2.81,4.4,16.25198332,77.25077264
20180401,0.07,25.36,40.3,23.02,17.28,2.83,5.81,16.25198332,77.25077264
20180402,2.19,33.44,39.85,24.82,15.02,4.41,6.04,16.25198332,77.25077264
20180403,0.95,32.61,39.6,24.12,15.48,3.58,6.35,16.25198332,77.25077264
20180404,0.0,28.44,40.37,25.0,15.37,3.99,7.15,16.25198332,77.25077264
20180405,0.12,30.15,40.14,24.99,15.15,3.28,5.74,16.25198332,77.25077264
20180406,1.28,32.83,38.36,25.66,12.7,2.65,5.38,16.25198332,77.25077264
20180407,2.35,33.21,39.55,25.5,14.05,4.05,6.88,16.25198332,77.25077264
20180408,0.89,38.21,37.58,24.91,12.66,4.6,7.22,16.25198332,77.25077264
20180409,0.3,35.65,38.33,23.58,14.75,2.75,4.22,16.25198332,77.25077264
20180410,0.02,37.16,38.17,24.59,13.59,2.91,4.55,16.25198332,77.25077264
20180411,0.38,37.97,38.42,24.07,14.35,4.55,7.6,16.25198332,77.25077264
20180412,0.52,35.07,39.35,25.2,14.16,2.87,5.21,16.25198332,77.25077264
20180413,0.13,32.63,39.68,24.72,14.97,2.99,4.51,16.25198332,77.25077264
20180414,0.06,34.36,39.92,24.95,14.97,2.75,5.5,16.25198332,77.25077264
20180415,0.18,38.58,38.67,27.68,10.99,3.6,5.36,16.25198332,77.25077264
20180416,0.29,35.14,40.49,26.25,14.23,2.53,5.36,16.25198332,77.25077264
20180417,0.88,31.34,41.95,26.81,15.15,3.34,5.4,16.25198332,77.25077264
20180418,1.35,32.0,41.67,27.24,14.43,3.24,5.33,16.25198332,77.25077264
20180419,0.37,28.59,42.27,27.79,14.48,2.13,3.91,16.25198332,77.25077264
20180420,0.02,27.24,42.27,27.52,14.75,4.76,4.33,16.25198332,77.25077264
20180421,0.0,22.41,42.41,24.89,17.51,4.85,5.05,16.25198332,77.25077264
20180422,0.18,24.35,42.38,26.44,15.93,1.8,3.71,16.25198332,77.25077264
20180423,1.21,26.18,41.76,26.28,15.49,3.04,4.91,16.25198332,77.25077264
20180424,0.0,19.3,42.37,26.2,16.17,3.32,4.79,16.25198332,77.25077264
20180425,0.0,17.04,41.96,23.87,18.09,2.91,4.38,16.25198332,77.25077264
20180426,0.04,16.83,41.53,23.32,18.21,3.41,6.11,16.25198332,77.25077264
20180427,0.13,27.08,41.57,26.11,15.47,4.41,5.6,16.25198332,77.25077264
20180428,0.0,30.08,41.71,25.73,15.98,3.37,5.46,16.25198332,77.25077264
20180429,0.08,25.53,43.36,26.81,16.55,4.42,5.96,16.25198332,77.25077264
20180430,0.35,23.05,43.63,27.54,16.09,5.32,6.54,16.25198332,77.25077264
20180501,0.0,19.9,44.15,26.45,17.7,4.86,6.97,16.25198332,77.25077264
20180502,0.0,26.19,42.74,27.35,15.39,3.1,5.55,16.25198332,77.25077264
20180503,2.42,32.78,41.46,28.9,12.56,5.09,7.07,16.25198332,77.25077264
20180504,4.92,45.85,39.35,27.09,12.26,5.47,7.29,16.25198332,77.25077264
20180505,0.0,38.87,40.1,26.14,13.96,3.42,6.21,16.25198332,77.25077264
20180506,0.04,33.29,41.75,28.25,13.5,2.44,3.95,16.25198332,77.25077264
20180507,0.39,32.5,41.71,28.11,13.6,4.14,4.3,16.25198332,77.25077264
20180508,0.0,29.35,41.9,29.88,12.01,4.63,4.75,16.25198332,77.25077264
20180509,0.04,31.53,41.45,28.13,13.32,4.34,5.2,16.25198332,77.25077264
20180510,0.87,40.58,37.84,27.56,10.27,3.79,5.12,16.25198332,77.25077264
20180511,0.11,44.29,37.01,27.41,9.6,3.92,5.65,16.25198332,77.25077264
20180512,1.61,44.16,38.66,26.84,11.82,2.46,4.0,16.25198332,77.25077264
20180513,0.78,40.56,39.37,26.61,12.76,4.99,6.44,16.25198332,77.25077264
20180514,0.62,40.45,39.43,27.03,12.39,2.68,3.51,16.25198332,77.25077264
20180515,1.5,44.86,38.2,25.98,12.22,4.79,5.83,16.25198332,77.25077264
20180516,0.01,36.64,40.33,25.99,14.34,3.61,4.97,16.25198332,77.25077264
20180517,1.48,34.76,40.22,26.76,13.46,3.79,5.54,16.25198332,77.25077264
20180518,0.24,46.57,38.08,27.17,10.91,3.36,4.71,16.25198332,77.25077264
20180519,0.02,35.94,41.82,26.43,15.39,4.19,4.82,16.25198332,77.25077264
20180520,0.61,37.29,40.11,26.31,13.8,4.89,5.9,16.25198332,77.25077264
20180521,0.03,34.96,40.55,25.24,15.31,5.82,6.64,16.25198332,77.25077264
20180522,0.57,38.44,40.12,26.92,13.19,4.65,5.02,16.25198332,77.25077264
20180523,2.41,38.89,40.43,27.34,13.09,3.05,4.45,16.25198332,77.25077264
20180524,3.19,49.83,36.75,27.05,9.7,5.16,6.57,16.25198332,77.25077264
20180525,0.04,39.5,39.88,26.32,13.56,4.62,4.97,16.25198332,77.25077264
20180526,0.2,38.95,41.08,25.75,15.32,4.58,7.42,16.25198332,77.25077264
20180527,0.92,37.33,41.0,27.44,13.56,3.92,5.35,16.25198332,77.25077264
20180528,0.01,36.71,41.46,27.85,13.61,4.22,6.04,16.25198332,77.25077264
20180529,0.84,42.27,41.78,28.09,13.69,5.87,6.47,16.25198332,77.25077264
20180530,0.91,48.68,37.89,27.99,9.9,4.75,5.04,16.25198332,77.25077264
20180531,0.34,52.4,38.76,26.84,11.92,4.98,5.66,16.25198332,77.25077264
20180601,3.12,65.44,32.68,26.89,5.79,2.93,3.88,16.25198332,77.25077264
20180602,1.85,67.41,32.68,26.31,6.36,3.79,5.47,16.25198332,77.25077264
20180603,9.5,65.64,34.49,25.29,9.2,2.21,3.25,16.25198332,77.25077264
20180604,1.19,59.43,36.13,24.6,11.53,4.82,7.06,16.25198332,77.25077264
20180605,0.3,68.67,31.42,25.16,6.26,3.44,3.22,16.25198332,77.25077264
20180606,13.01,77.57,29.45,24.37,5.08,3.62,2.87,16.25198332,77.25077264
20180607,6.98,78.91,30.17,24.13,6.04,3.85,3.93,16.25198332,77.25077264
20180608,2.78,76.0,30.24,23.64,6.6,3.01,4.72,16.25198332,77.25077264
20180609,3.99,71.14,33.11,23.5,9.61,5.87,5.95,16.25198332,77.25077264
20180610,4.61,68.03,33.4,23.36,10.04,5.02,4.89,16.25198332,77.25077264
20180611,0.62,70.33,32.74,24.0,8.75,6.41,6.66,16.25198332,77.25077264
20180612,2.05,68.33,33.59,24.48,9.11,5.07,4.93,16.25198332,77.25077264
20180613,0.25,65.93,34.36,24.11,10.25,4.73,4.55,16.25198332,77.25077264
20180614,0.0,65.74,34.07,23.78,10.28,3.98,4.02,16.25198332,77.25077264
20180615,0.36,55.98,35.91,23.64,12.27,3.98,4.57,16.25198332,77.25077264
20180616,0.02,59.28,35.18,22.82,12.36,4.83,4.7,16.25198332,77.25077264
20180617,0.06,62.34,32.54,23.14,9.4,5.17,4.49,16.25198332,77.25077264
20180618,0.05,63.87,34.05,22.96,11.09,5.72,5.61,16.25198332,77.25077264
20180619,0.01,62.94,33.19,23.68,9.51,4.79,4.66,16.25198332,77.25077264
20180620,0.0,62.17,34.93,22.51,12.42,3.83,3.56,16.25198332,77.25077264
20180621,0.33,71.53,31.49,23.87,7.62,3.91,5.61,16.25198332,77.25077264
20180622,2.37,63.43,33.05,23.13,9.92,4.13,4.57,16.25198332,77.25077264
20180623,1.07,71.69,30.35,23.57,6.78,5.96,5.15,16.25198332,77.25077264
20180624,0.23,58.22,34.3,22.86,11.43,4.77,4.76,16.25198332,77.25077264
20180625,0.04,60.46,35.53,22.49,13.04,6.82,7.36,16.25198332,77.25077264
20180626,0.14,61.11,34.92,23.56,11.36,6.49,6.74,16.25198332,77.25077264
20180627,0.58,64.93,33.49,23.88,9.61,4.51,4.59,16.25198332,77.25077264
20180628,0.8,64.48,32.66,24.23,8.43,3.0,2.53,16.25198332,77.25077264
20180629,0.53,56.16,34.4,23.01,11.4,3.96,3.41,16.25198332,77.25077264
20180630,0.56,50.91,35.21,23.32,11.89,3.1,4.14,16.25198332,77.25077264
20180701,0.98,50.94,35.03,22.64,12.39,3.08,3.75,16.25198332,77.25077264
20180702,0.47,54.64,35.68,22.54,13.14,4.0,4.81,16.25198332,77.25077264
20180703,0.73,56.01,34.19,23.28,10.91,4.73,5.13,16.25198332,77.25077264
20180704,0.09,57.88,34.74,23.39,11.34,6.95,7.46,16.25198332,77.25077264
20180705,2.03,63.23,33.17,24.19,8.99,3.33,3.04,16.25198332,77.25077264
20180706,6.16,64.82,31.84,23.63,8.21,5.44,4.85,16.25198332,77.25077264
20180707,2.74,61.55,33.07,23.4,9.67,4.73,5.35,16.25198332,77.25077264
20180708,2.1,73.38,29.12,23.21,5.91,5.03,4.88,16.25198332,77.25077264
20180709,6.98,71.02,31.21,23.0,8.22,5.85,5.35,16.25198332,77.25077264
20180710,1.77,66.98,33.66,23.1,10.57,5.06,4.93,16.25198332,77.25077264
20180711,5.92,64.02,34.7,22.85,11.85,5.6,5.37,16.25198332,77.25077264
20180712,5.44,72.13,30.79,22.83,7.96,5.37,5.45,16.25198332,77.25077264
20180713,4.05,67.32,32.52,23.03,9.48,6.08,6.46,16.25198332,77.25077264
20180714,7.38,69.45,33.44,22.57,10.87,6.51,6.49,16.25198332,77.25077264
20180715,1.1,69.85,32.41,23.19,9.22,5.41,6.14,16.25198332,77.25077264
20180716,2.43,71.5,31.42,23.67,7.75,5.38,5.21,16.25198332,77.25077264
20180717,0.52,63.92,34.36,23.47,10.89,6.38,6.49,16.25198332,77.25077264
20180718,0.09,65.09,33.23,23.27,9.96,4.72,4.97,16.25198332,77.25077264
20180719,0.13,65.52,32.72,23.26,9.46,3.5,3.89,16.25198332,77.25077264
20180720,0.1,67.32,32.26,23.57,8.69,5.18,5.26,16.25198332,77.25077264
20180721,0.03,65.14,33.73,23.34,10.39,5.13,5.23,16.25198332,77.25077264
20180722,0.03,63.68,33.31,23.26,10.05,5.91,5.93,16.25198332,77.25077264
20180723,0.47,63.05,33.07,23.11,9.96,4.28,3.55,16.25198332,77.25077264
20180724,0.08,60.08,35.62,22.77,12.85,4.87,5.08,16.25198332,77.25077264
20180725,0.71,59.55,34.85,23.33,11.52,3.97,4.05,16.25198332,77.25077264
20180726,0.61,64.6,33.25,23.34,9.91,5.14,5.04,16.25198332,77.25077264
20180727,0.05,60.02,35.25,23.16,12.09,5.7,6.08,16.25198332,77.25077264
20180728,0.0,57.49,35.51,23.15,12.36,3.64,3.69,16.25198332,77.25077264
20180729,0.0,57.38,34.48,23.47,11.01,2.58,3.17,16.25198332,77.25077264
20180730,0.0,57.94,35.41,23.42,11.99,4.07,4.68,16.25198332,77.25077264
20180731,0.11,58.16,34.85,23.3,11.54,3.83,4.99,16.25198332,77.25077264
20180801,0.37,57.03,34.9,23.37,11.52,3.01,2.89,16.25198332,77.25077264
20180802,0.08,60.08,33.23,23.84,9.39,3.05,3.2,16.25198332,77.25077264
20180803,10.55,61.92,33.38,23.38,10.0,2.35,2.81,16.25198332,77.25077264
20180804,0.72,63.87,33.35,22.81,10.54,3.71,3.77,16.25198332,77.25077264
20180805,2.07,62.76,33.99,22.98,11.0,4.09,4.15,16.25198332,77.25077264
20180806,0.73,63.05,32.04,22.92,9.12,4.46,4.65,16.25198332,77.25077264
20180807,0.33,59.98,34.54,22.5,12.04,4.93,4.71,16.25198332,77.25077264
20180808,0.14,64.07,31.3,23.52,7.78,4.93,4.7,16.25198332,77.25077264
20180809,1.77,60.39,35.28,23.19,12.09,3.87,3.93,16.25198332,77.25077264
20180810,3.69,60.89,33.86,22.65,11.21,3.06,3.85,16.25198332,77.25077264
20180811,11.77,68.69,32.4,23.13,9.27,3.01,2.64,16.25198332,77.25077264
20180812,3.8,74.48,29.55,22.87,6.68,4.07,3.89,16.25198332,77.25077264
20180813,4.46,69.76,30.57,22.47,8.1,5.87,5.82,16.25198332,77.25077264
20180814,3.57,73.41,31.18,21.89,9.29,4.79,5.04,16.25198332,77.25077264
20180815,5.82,77.85,29.13,23.27,5.85,4.69,4.04,16.25198332,77.25077264
20180816,8.65,79.04,27.8,23.02,4.78,4.99,5.36,16.25198332,77.25077264
20180817,0.78,65.34,33.99,22.28,11.71,4.55,4.53,16.25198332,77.25077264
20180818,1.37,65.31,34.23,22.03,12.2,4.91,4.85,16.25198332,77.25077264
20180819,1.92,64.56,34.26,22.68,11.58,4.75,4.44,16.25198332,77.25077264
20180820,3.78,70.82,31.17,22.31,8.87,3.91,4.46,16.25198332,77.25077264
20180821,1.63,68.86,32.72,22.39,10.33,4.76,4.39,16.25198332,77.25077264
20180822,0.24,63.86,34.82,21.69,13.13,4.31,3.94,16.25198332,77.25077264
20180823,0.6,64.07,34.3,22.13,12.17,3.66,3.57,16.25198332,77.25077264
20180824,0.57,67.43,32.5,22.17,10.34,2.72,2.05,16.25198332,77.25077264
20180825,0.69,68.49,31.81,22.19,9.62,4.16,2.61,16.25198332,77.25077264
20180826,4.02,68.59,31.51,22.11,9.4,3.87,3.73,16.25198332,77.25077264
20180827,3.14,69.81,32.22,22.05,10.17,3.46,3.29,16.25198332,77.25077264
20180828,5.59,68.28,33.33,21.91,11.42,3.77,2.53,16.25198332,77.25077264
20180829,0.4,66.24,33.87,21.83,12.03,2.7,2.82,16.25198332,77.25077264
20180830,1.4,66.75,32.91,22.41,10.5,3.1,2.69,16.25198332,77.25077264
20180831,0.39,64.46,33.4,22.23,11.18,3.64,3.21,16.25198332,77.25077264
20180901,0.53,68.88,31.07,22.49,8.59,3.36,1.94,16.25198332,77.25077264
20180902,0.72,65.18,33.33,22.04,11.29,2.71,2.27,16.25198332,77.25077264
20180903,0.24,65.78,31.67,21.85,9.82,3.16,3.42,16.25198332,77.25077264
20180904,0.01,61.88,33.46,22.04,11.42,2.75,2.65,16.25198332,77.25077264
20180905,0.12,62.04,32.95,21.75,11.19,2.25,1.65,16.25198332,77.25077264
20180906,0.02,57.85,33.87,21.95,11.92,3.26,2.76,16.25198332,77.25077264
20180907,0.0,60.46,32.76,21.97,10.8,2.51,2.84,16.25198332,77.25077264
20180908,0.0,53.51,35.24,21.32,13.92,2.66,3.03,16.25198332,77.25077264
20180909,0.0,54.69,34.29,21.25,13.04,3.14,4.78,16.25198332,77.25077264
20180910,0.33,57.96,34.43,22.38,12.05,3.53,5.71,16.25198332,77.25077264
20180911,9.19,58.91,36.28,23.7,12.58,2.52,5.76,16.25198332,77.25077264
20180912,0.8,63.72,34.02,23.69,10.33,3.43,3.88,16.25198332,77.25077264
20180913,0.02,54.44,35.37,20.57,14.8,4.01,4.42,16.25198332,77.25077264
20180914,0.0,57.89,33.79,21.66,12.12,4.5,5.29,16.25198332,77.25077264
20180915,0.07,54.7,36.27,22.19,14.08,3.42,3.84,16.25198332,77.25077264
20180916,1.89,56.5,36.37,23.06,13.31,2.31,2.39,16.25198332,77.25077264
20180917,15.45,79.63,28.48,23.24,5.24,1.39,1.36,16.25198332,77.25077264
20180918,0.98,66.93,33.99,22.04,11.94,4.66,4.63,16.25198332,77.25077264
20180919,22.7,70.91,32.54,22.4,10.14,6.59,7.9,16.25198332,77.25077264
20180920,4.89,75.91,29.21,22.27,6.94,1.75,3.4,16.25198332,77.25077264
20180921,0.82,72.97,29.19,22.08,7.11,3.51,1.8,16.25198332,77.25077264
20180922,0.07,70.06,32.16,20.59,11.57,4.98,4.88,16.25198332,77.25077264
20180923,0.05,64.3,32.9,21.44,11.46,2.18,4.54,16.25198332,77.25077264
20180924,0.68,63.74,33.61,21.28,12.33,2.41,5.66,16.25198332,77.25077264
20180925,5.08,68.16,33.86,22.53,11.34,1.46,3.75,16.25198332,77.25077264
20180926,5.13,74.81,30.69,23.81,6.88,0.95,2.47,16.25198332,77.25077264
20180927,8.81,73.98,31.71,22.37,9.34,1.81,3.08,16.25198332,77.25077264
20180928,1.82,72.17,32.85,22.25,10.6,2.1,4.29,16.25198332,77.25077264
20180929,0.22,70.58,33.56,22.02,11.54,2.47,3.6,16.25198332,77.25077264
20180930,0.5,69.79,33.71,23.04,10.67,1.82,3.77,16.25198332,77.25077264
20181001,0.37,68.77,33.92,22.72,11.2,2.23,3.57,16.25198332,77.25077264
20181002,0.0,63.19,35.43,21.84,13.59,2.53,4.48,16.25198332,77.25077264
20181003,0.0,63.57,35.03,21.95,13.08,2.51,4.5,16.25198332,77.25077264
20181004,0.0,60.21,35.55,22.37,13.18,3.11,3.84,16.25198332,77.25077264
20181005,0.0,64.87,32.63,22.35,10.28,3.89,3.85,16.25198332,77.25077264
20181006,0.0,55.22,35.55,21.28,14.26,4.27,6.55,16.25198332,77.25077264
20181007,0.0,60.2,34.59,19.87,14.72,3.11,3.45,16.25198332,77.25077264
20181008,0.03,60.21,34.95,21.37,13.57,2.54,4.62,16.25198332,77.25077264
20181009,0.0,52.49,35.23,20.49,14.74,2.58,5.0,16.25198332,77.25077264
20181010,0.0,47.54,35.33,20.5,14.83,3.4,3.37,16.25198332,77.25077264
20181011,0.0,43.88,36.91,20.06,16.84,3.96,2.68,16.25198332,77.25077264
20181012,0.0,48.87,36.95,20.18,16.77,3.24,4.68,16.25198332,77.25077264
20181013,0.0,49.85,36.68,21.81,14.87,1.65,3.56,16.25198332,77.25077264
20181014,0.0,53.48,35.69,22.55,13.14,2.32,4.13,16.25198332,77.25077264
20181015,0.0,56.03,34.52,23.31,11.2,2.44,4.2,16.25198332,77.25077264
20181016,8.26,67.82,31.47,22.69,8.78,1.8,1.86,16.25198332,77.25077264
20181017,9.33,73.87,30.8,22.1,8.71,1.45,2.57,16.25198332,77.25077264
20181018,5.75,69.09,32.61,20.86,11.75,1.97,4.65,16.25198332,77.25077264
20181019,0.0,60.91,33.93,21.1,12.83,2.08,4.71,16.25198332,77.25077264
20181020,0.0,52.43,34.49,18.75,15.74,3.74,4.57,16.25198332,77.25077264
20181021,0.0,55.12,34.6,19.58,15.02,2.73,4.61,16.25198332,77.25077264
20181022,0.0,50.02,35.06,20.18,14.88,2.01,4.3,16.25198332,77.25077264
20181023,0.0,53.1,35.16,19.97,15.19,1.19,3.31,16.25198332,77.25077264
20181024,0.01,55.18,34.81,21.02,13.79,2.15,5.44,16.25198332,77.25077264
20181025,0.01,52.7,33.96,21.96,12.0,3.39,6.02,16.25198332,77.25077264
20181026,0.0,41.79,35.18,19.5,15.67,4.25,5.51,16.25198332,77.25077264
20181027,0.0,41.18,34.63,18.86,15.77,4.26,6.65,16.25198332,77.25077264
20181028,0.0,40.26,34.8,17.21,17.59,4.51,6.16,16.25198332,77.25077264
20181029,0.0,37.53,34.43,16.91,17.52,3.38,3.59,16.25198332,77.25077264
20181030,0.0,37.34,34.28,16.74,17.54,2.39,4.94,16.25198332,77.25077264
20181031,0.0,41.1,34.96,17.71,17.25,1.74,4.69,16.25198332,77.25077264
20181101,0.01,58.84,34.16,20.22,13.94,2.97,3.6,16.25198332,77.25077264
20181102,0.01,56.02,35.13,22.56,12.56,2.58,3.32,16.25198332,77.25077264
20181103,0.0,53.48,35.42,22.32,13.1,2.52,2.7,16.25198332,77.25077264
20181104,0.0,50.04,35.79,22.36,13.43,2.82,3.38,16.25198332,77.25077264
20181105,0.02,48.9,35.64,21.33,14.31,2.95,3.2,16.25198332,77.25077264
20181106,0.02,47.46,35.13,22.67,12.46,2.61,3.04,16.25198332,77.25077264
20181107,0.0,43.28,36.17,21.52,14.64,2.03,3.35,16.25198332,77.25077264
20181108,0.0,40.23,35.99,20.78,15.22,2.7,4.46,16.25198332,77.25077264
20181109,0.0,40.95,35.49,19.69,15.8,2.08,3.8,16.25198332,77.25077264
20181110,0.0,37.55,35.06,18.99,16.07,2.19,5.33,16.25198332,77.25077264
20181111,0.0,29.61,35.05,18.0,17.05,1.65,5.17,16.25198332,77.25077264
20181112,0.0,25.61,34.72,16.3,18.42,2.37,4.91,16.25198332,77.25077264
20181113,0.0,25.44,34.63,16.01,18.62,1.3,4.18,16.25198332,77.25077264
20181114,0.0,26.21,34.78,16.01,18.77,1.6,5.14,16.25198332,77.25077264
20181115,0.0,31.06,35.2,16.47,18.73,2.09,3.36,16.25198332,77.25077264
20181116,0.23,46.13,35.72,19.71,16.02,3.19,4.07,16.25198332,77.25077264
20181117,0.18,60.04,34.12,22.11,12.01,2.53,3.52,16.25198332,77.25077264
20181118,0.81,56.15,34.88,22.79,12.09,2.41,3.68,16.25198332,77.25077264
20181119,0.09,55.17,33.97,23.16,10.81,2.02,2.46,16.25198332,77.25077264
20181120,0.01,51.47,33.95,22.82,11.13,3.69,4.0,16.25198332,77.25077264
20181121,0.0,47.93,34.59,20.59,14.0,4.57,5.34,16.25198332,77.25077264
20181122,0.0,54.28,34.05,21.13,12.92,3.76,4.49,16.25198332,77.25077264
20181123,0.0,51.54,32.73,21.92,10.81,3.65,3.21,16.25198332,77.25077264
20181124,0.0,37.7,34.3,20.58,13.72,2.06,4.13,16.25198332,77.25077264
20181125,0.0,34.98,34.03,18.81,15.22,1.83,3.83,16.25198332,77.25077264
20181126,0.0,29.58,34.05,16.58,17.46,1.69,4.33,16.25198332,77.25077264
20181127,0.0,41.16,32.61,15.26,17.35,2.19,3.18,16.25198332,77.25077264
20181128,0.0,46.45,32.24,15.72,16.52,1.92,3.47,16.25198332,77.25077264
20181129,0.0,47.8,32.69,16.49,16.19,2.02,4.79,16.25198332,77.25077264
20181130,0.0,43.78,33.01,16.88,16.13,1.28,3.27,16.25198332,77.25077264
20181201,0.0,44.06,32.17,16.51,15.65,1.6,3.94,16.25198332,77.25077264
20181202,0.0,57.54,28.54,17.23,11.3,2.78,4.93,16.25198332,77.25077264
20181203,0.0,55.27,31.55,18.88,12.67,2.42,2.73,16.25198332,77.25077264
20181204,0.02,55.46,31.42,19.36,12.06,2.88,4.17,16.25198332,77.25077264
20181205,0.06,60.78,31.62,21.39,10.24,2.92,4.67,16.25198332,77.25077264
20181206,0.0,57.35,33.05,21.09,11.97,2.45,5.29,16.25198332,77.25077264
20181207,0.0,53.74,33.93,20.4,13.52,2.92,5.51,16.25198332,77.25077264
20181208,0.0,52.76,33.62,20.68,12.95,3.39,5.83,16.25198332,77.25077264
20181209,0.0,49.37,33.52,20.13,13.39,3.79,6.13,16.25198332,77.25077264
20181210,0.0,49.19,32.94,21.54,11.4,4.89,6.95,16.25198332,77.25077264
20181211,0.0,42.36,33.37,19.73,13.64,2.49,4.52,16.25198332,77.25077264
20181212,0.0,42.85,33.31,18.39,14.92,2.81,5.93,16.25198332,77.25077264
20181213,1.87,48.33,32.14,18.18,13.96,3.23,5.9,16.25198332,77.25077264
20181214,3.16,56.7,31.32,19.1,12.22,3.16,3.71,16.25198332,77.25077264
20181215,0.0,53.55,29.77,18.45,11.32,1.81,2.25,16.25198332,77.25077264
20181216,0.01,44.98,30.06,16.28,13.78,4.79,4.54,16.25198332,77.25077264
20181217,0.15,56.33,29.76,15.04,14.72,2.12,2.84,16.25198332,77.25077264
20181218,0.11,59.24,28.95,15.17,13.78,2.74,2.97,16.25198332,77.25077264
20181219,0.0,56.08,29.15,13.76,15.39,2.36,3.56,16.25198332,77.25077264
20181220,0.0,56.42,30.61,16.1,14.51,2.73,4.9,16.25198332,77.25077264
20181221,0.0,55.72,31.1,17.29,13.82,2.17,5.33,16.25198332,77.25077264
20181222,0.0,51.4,31.8,17.15,14.65,1.83,4.77,16.25198332,77.25077264
20181223,0.0,57.06,31.74,18.78,12.95,1.87,3.34,16.25198332,77.25077264
20181224,0.0,49.4,32.37,17.92,14.45,1.44,4.22,16.25198332,77.25077264
20181225,0.0,40.39,33.03,17.3,15.73,2.12,4.52,16.25198332,77.25077264
20181226,0.0,42.04,32.85,16.92,15.93,2.29,4.76,16.25198332,77.25077264
20181227,0.0,33.49,32.6,19.05,13.56,3.97,6.47,16.25198332,77.25077264
20181228,0.0,16.52,30.4,12.84,17.57,3.29,6.23,16.25198332,77.25077264
20181229,0.0,22.81,30.28,11.02,19.26,2.59,6.47,16.25198332,77.25077264
20181230,0.0,29.51,29.44,10.73,18.71,1.94,4.48,16.25198332,77.25077264
20181231,0.0,32.98,29.9,11.87,18.03,1.05,3.84,16.25198332,77.25077264
20190101,0.0,19.96,31.2,10.93,20.27,1.97,5.5,16.25198332,77.25077264
20190102,0.0,29.56,31.36,11.26,20.11,2.26,5.24,16.25198332,77.25077264
20190103,0.0,34.41,31.56,12.38,19.18,2.5,5.64,16.25198332,77.25077264
20190104,0.0,33.3,32.02,13.47,18.55,2.04,5.33,16.25198332,77.25077264
20190105,0.0,43.43,31.9,13.39,18.51,2.51,4.5,16.25198332,77.25077264
20190106,0.0,44.83,32.05,13.68,18.36,2.65,5.6,16.25198332,77.25077264
20190107,0.0,44.28,32.16,14.45,17.71,2.24,4.58,16.25198332,77.25077264
20190108,0.0,32.74,31.48,14.61,16.87,1.64,4.47,16.25198332,77.25077264
20190109,0.0,20.8,32.47,13.14,19.33,2.08,4.94,16.25198332,77.25077264
20190110,0.0,28.37,32.24,12.34,19.9,2.62,5.86,16.25198332,77.25077264
20190111,0.0,44.69,32.12,14.4,17.71,3.71,6.43,16.25198332,77.25077264
20190112,0.0,46.62,32.2,15.42,16.78,3.13,5.68,16.25198332,77.25077264
20190113,0.0,43.7,32.01,15.82,16.19,3.05,6.04,16.25198332,77.25077264
20190114,0.0,42.16,32.28,14.77,17.51,2.18,4.7,16.25198332,77.25077264
20190115,0.0,39.23,32.29,15.09,17.19,3.39,7.4,16.25198332,77.25077264
20190116,0.0,35.4,32.21,15.0,17.21,1.86,3.97,16.25198332,77.25077264
20190117,0.0,39.26,32.48,14.81,17.67,1.61,4.35,16.25198332,77.25077264
20190118,0.0,41.39,32.89,15.52,17.38,1.64,3.97,16.25198332,77.25077264
20190119,0.0,40.56,32.02,14.71,17.31,1.97,4.93,16.25198332,77.25077264
20190120,0.0,38.13,32.78,14.57,18.21,1.79,5.32,16.25198332,77.25077264
20190121,0.0,37.0,33.12,14.86,18.26,2.34,5.84,16.25198332,77.25077264
20190122,0.0,38.01,32.22,14.14,18.08,2.87,5.95,16.25198332,77.25077264
20190123,0.0,43.42,32.53,15.67,16.85,4.6,7.81,16.25198332,77.25077264
20190124,0.0,44.3,33.21,16.74,16.47,3.49,6.58,16.25198332,77.25077264
20190125,0.01,44.14,32.94,19.56,13.38,3.3,4.41,16.25198332,77.25077264
20190126,2.78,55.54,31.91,20.59,11.33,3.03,4.73,16.25198332,77.25077264
20190127,9.69,64.07,30.57,20.19,10.38,3.25,4.79,16.25198332,77.25077264
20190128,3.35,67.69,28.33,18.14,10.18,2.55,2.64,16.25198332,77.25077264
20190129,0.04,50.51,28.69,14.5,14.19,2.0,5.67,16.25198332,77.25077264
20190130,0.0,34.34,29.3,10.39,18.91,1.97,5.45,16.25198332,77.25077264
20190131,0.0,54.94,30.15,11.58,18.57,2.7,4.49,16.25198332,77.25077264
20190201,0.0,56.08,30.59,15.37,15.22,2.94,4.97,16.25198332,77.25077264
20190202,0.0,53.39,31.47,14.93,16.53,1.82,5.14,16.25198332,77.25077264
20190203,0.0,50.87,31.93,15.19,16.73,2.07,5.48,16.25198332,77.25077264
20190204,0.0,55.33,32.34,16.2,16.14,3.21,3.69,16.25198332,77.25077264
20190205,0.0,48.62,32.97,16.47,16.5,2.41,5.01,16.25198332,77.25077264
20190206,0.0,47.02,33.67,16.61,17.06,3.22,7.22,16.25198332,77.25077264
20190207,0.0,44.92,33.83,18.78,15.05,3.81,2.71,16.25198332,77.25077264
20190208,0.0,40.89,34.84,19.78,15.06,2.82,4.35,16.25198332,77.25077264
20190209,0.0,31.55,34.29,17.52,16.76,2.93,6.26,16.25198332,77.25077264
20190210,0.01,31.25,34.08,15.0,19.08,3.98,7.36,16.25198332,77.25077264
20190211,0.01,47.81,33.93,17.97,15.96,2.98,4.89,16.25198332,77.25077264
20190212,0.0,45.16,34.69,19.36,15.32,2.61,5.06,16.25198332,77.25077264
20190213,0.0,44.3,34.48,17.8,16.68,2.86,5.3,16.25198332,77.25077264
20190214,0.0,35.89,35.8,17.74,18.06,3.52,6.76,16.25198332,77.25077264
20190215,0.06,43.07,35.77,19.27,16.5,3.63,5.52,16.25198332,77.25077264
20190216,0.05,27.37,35.99,20.47,15.52,3.76,4.0,16.25198332,77.25077264
20190217,0.0,26.59,36.25,18.27,17.99,3.74,5.59,16.25198332,77.25077264
20190218,0.0,25.73,36.13,17.25,18.88,2.22,3.69,16.25198332,77.25077264
20190219,0.0,37.08,37.15,19.39,17.76,3.24,5.97,16.25198332,77.25077264
20190220,0.0,42.67,37.25,21.43,15.82,3.02,4.93,16.25198332,77.25077264
20190221,0.0,37.13,36.7,19.49,17.21,2.72,4.47,16.25198332,77.25077264
20190222,0.0,29.53,38.3,19.89,18.41,2.51,5.25,16.25198332,77.25077264
20190223,0.0,21.88,38.42,19.61,18.81,3.05,6.29,16.25198332,77.25077264
20190224,0.0,19.5,38.5,19.35,19.15,3.81,7.49,16.25198332,77.25077264
20190225,0.0,20.58,38.51,19.0,19.51,3.85,7.21,16.25198332,77.25077264
20190226,0.0,18.92,37.94,20.44,17.49,3.45,3.74,16.25198332,77.25077264
20190227,0.0,20.21,36.87,18.99,17.87,2.94,2.61,16.25198332,77.25077264
20190228,0.0,22.38,35.67,19.0,16.67,3.82,4.22,16.25198332,77.25077264
20190301,0.0,26.71,36.8,17.61,19.19,2.13,4.91,16.25198332,77.25077264
20190302,0.0,44.54,37.08,21.6,15.48,5.16,7.5,16.25198332,77.25077264
20190303,0.0,40.7,37.81,23.18,14.63,5.87,7.8,16.25198332,77.25077264
20190304,0.0,26.73,38.98,22.82,16.16,3.32,6.32,16.25198332,77.25077264
20190305,0.0,27.99,38.24,21.78,16.46,3.44,5.56,16.25198332,77.25077264
20190306,0.0,22.26,37.42,20.67,16.75,2.7,2.67,16.25198332,77.25077264
20190307,0.0,15.88,38.13,18.73,19.41,2.82,6.93,16.25198332,77.25077264
20190308,0.0,28.07,38.29,19.67,18.63,1.94,5.62,16.25198332,77.25077264
20190309,0.0,34.38,37.99,21.84,16.15,3.42,5.11,16.25198332,77.25077264
20190310,0.0,22.33,39.15,22.29,16.86,1.11,1.94,16.25198332,77.25077264
20190311,0.0,27.52,39.55,23.03,16.52,3.89,7.08,16.25198332,77.25077264
20190312,0.0,26.08,39.68,23.19,16.49,3.75,5.47,16.25198332,77.25077264
20190313,0.0,24.07,39.49,22.98,16.51,3.85,5.34,16.25198332,77.25077264
20190314,0.0,21.09,39.13,21.77,17.36,4.01,7.21,16.25198332,77.25077264
20190315,0.0,22.84,39.15,22.06,17.1,3.97,6.87,16.25198332,77.25077264
20190316,0.0,23.82,39.25,20.66,18.6,4.46,7.08,16.25198332,77.25077264
20190317,0.0,27.36,39.09,21.12,17.97,3.65,5.78,16.25198332,77.25077264
20190318,0.0,26.52,38.6,20.44,18.16,5.64,8.81,16.25198332,77.25077264
20190319,0.0,29.41,39.82,20.8,19.02,5.11,7.37,16.25198332,77.25077264
20190320,0.03,26.47,39.67,22.28,17.39,2.21,3.77,16.25198332,77.25077264
20190321,0.01,26.59,39.53,22.9,16.63,4.47,6.53,16.25198332,77.25077264
20190322,0.0,26.64,39.88,22.29,17.59,4.35,6.78,16.25198332,77.25077264
20190323,0.0,28.21,40.34,23.23,17.11,2.47,4.59,16.25198332,77.25077264
20190324,0.0,26.29,40.83,25.63,15.21,3.35,4.48,16.25198332,77.25077264
20190325,0.19,26.09,40.68,27.23,13.46,2.75,4.16,16.25198332,77.25077264
20190326,0.68,28.01,40.48,25.67,14.8,2.96,4.85,16.25198332,77.25077264
20190327,0.0,26.27,40.79,26.78,14.01,3.24,5.35,16.25198332,77.25077264
20190328,0.02,25.23,41.38,25.06,16.31,2.24,4.53,16.25198332,77.25077264
20190329,0.11,21.65,41.37,24.15,17.23,2.56,3.96,16.25198332,77.25077264
20190330,0.0,23.47,41.45,24.1,17.35,3.55,5.17,16.25198332,77.25077264
20190331,0.15,25.67,41.75,25.73,16.02,2.39,4.68,16.25198332,77.25077264
20190401,0.11,21.24,42.05,26.92,15.13,4.1,6.31,16.25198332,77.25077264
20190402,0.0,17.82,42.01,24.05,17.97,4.22,6.26,16.25198332,77.25077264
20190403,0.0,22.3,42.12,23.75,18.37,5.05,7.98,16.25198332,77.25077264
20190404,0.01,26.27,40.38,25.12,15.26,4.57,7.2,16.25198332,77.25077264
20190405,1.26,27.58,41.0,24.38,16.61,3.47,6.3,16.25198332,77.25077264
20190406,1.18,26.61,40.02,26.43,13.59,4.12,6.41,16.25198332,77.25077264
20190407,0.98,25.24,41.09,25.3,15.8,3.62,6.93,16.25198332,77.25077264
20190408,0.0,26.33,41.9,25.6,16.3,4.41,7.47,16.25198332,77.25077264
20190409,0.12,27.83,41.43,26.77,14.66,4.35,7.05,16.25198332,77.25077264
20190410,2.9,29.71,41.76,27.95,13.81,2.97,5.11,16.25198332,77.25077264
20190411,0.75,28.13,41.27,26.07,15.2,4.14,7.28,16.25198332,77.25077264
20190412,0.56,27.87,42.16,26.32,15.84,3.54,6.87,16.25198332,77.25077264
20190413,0.52,26.4,41.62,26.65,14.97,3.61,5.57,16.25198332,77.25077264
20190414,0.34,24.19,41.7,25.98,15.72,3.02,4.88,16.25198332,77.25077264
20190415,0.0,21.6,41.88,25.14,16.74,4.95,6.44,16.25198332,77.25077264
20190416,0.06,22.73,41.33,25.49,15.84,3.04,5.61,16.25198332,77.25077264
20190417,0.07,29.42,40.48,25.98,14.5,3.2,4.33,16.25198332,77.25077264
20190418,0.46,21.44,41.29,25.03,16.25,4.18,7.08,16.25198332,77.25077264
20190419,3.21,31.19,41.07,25.66,15.4,2.35,3.55,16.25198332,77.25077264
20190420,0.07,26.2,41.35,24.25,17.1,3.83,5.94,16.25198332,77.25077264
20190421,0.06,26.19,40.91,26.37,14.54,4.74,4.81,16.25198332,77.25077264
20190422,0.35,23.85,42.1,25.55,16.55,4.12,5.13,16.25198332,77.25077264
20190423,1.13,29.66,41.54,26.92,14.62,3.31,4.42,16.25198332,77.25077264
20190424,0.0,26.7,41.77,25.32,16.45,3.43,6.08,16.25198332,77.25077264
20190425,0.0,23.07,42.86,24.41,18.46,2.84,4.52,16.25198332,77.25077264
20190426,0.0,21.76,43.62,25.98,17.63,3.83,6.66,16.25198332,77.25077264
20190427,0.04,25.07,43.69,27.12,16.58,1.99,4.03,16.25198332,77.25077264
20190428,0.06,28.24,42.15,29.26,12.88,3.8,6.54,16.25198332,77.25077264
20190429,0.19,31.07,42.42,29.6,12.81,2.71,5.52,16.25198332,77.25077264
20190430,1.04,32.14,42.82,28.65,14.17,3.93,5.01,16.25198332,77.25077264
20190501,3.46,28.8,42.11,27.43,14.67,6.71,6.92,16.25198332,77.25077264
20190502,0.0,26.6,41.72,27.02,14.71,5.24,5.92,16.25198332,77.25077264
20190503,0.0,24.77,41.55,25.44,16.11,4.62,3.72,16.25198332,77.25077264
20190504,0.0,27.89,40.06,24.27,15.79,4.7,5.87,16.25198332,77.25077264
20190505,0.0,28.88,41.59,25.83,15.76,5.08,5.03,16.25198332,77.25077264
20190506,0.0,21.77,42.29,26.15,16.14,4.24,6.97,16.25198332,77.25077264
20190507,0.0,22.31,42.95,27.53,15.43,3.99,4.7,16.25198332,77.25077264
20190508,0.02,29.4,41.25,26.76,14.49,6.19,5.47,16.25198332,77.25077264
20190509,0.01,28.67,42.64,27.37,15.27,6.8,7.38,16.25198332,77.25077264
20190510,0.0,24.64,43.26,27.99,15.27,6.1,7.0,16.25198332,77.25077264
20190511,0.07,30.13,41.74,29.65,12.1,4.21,3.93,16.25198332,77.25077264
20190512,0.81,31.61,42.11,27.73,14.38,3.55,5.44,16.25198332,77.25077264
20190513,0.03,27.76,42.69,29.95,12.74,3.54,5.01,16.25198332,77.25077264
20190514,0.0,23.52,43.02,29.5,13.52,5.34,5.36,16.25198332,77.25077264
20190515,0.0,23.74,42.94,28.18,14.76,3.04,4.34,16.25198332,77.25077264
20190516,0.04,22.19,42.89,28.04,14.85,4.47,6.13,16.25198332,77.25077264
20190517,0.01,18.71,43.41,27.84,15.57,3.91,4.0,16.25198332,77.25077264
20190518,0.45,25.95,42.98,29.12,13.86,2.51,3.83,16.25198332,77.25077264
20190519,0.0,24.29,43.48,30.71,12.77,2.9,4.94,16.25198332,77.25077264
20190520,0.05,24.89,43.84,30.45,13.39,2.88,5.4,16.25198332,77.25077264
20190521,2.21,27.63,43.51,31.04,12.47,4.17,5.44,16.25198332,77.25077264
20190522,1.71,34.75,41.85,29.35,12.5,4.49,5.01,16.25198332,77.25077264
20190523,0.49,34.57,42.9,28.96,13.93,3.42,4.22,16.25198332,77.25077264
20190524,0.61,38.25,41.91,27.89,14.02,5.93,7.73,16.25198332,77.25077264
20190525,0.05,29.44,43.63,29.12,14.5,7.57,8.65,16.25198332,77.25077264
20190526,0.15,29.14,43.6,28.87,14.73,6.52,6.93,16.25198332,77.25077264
20190527,0.23,27.76,43.66,29.28,14.38,8.53,10.48,16.25198332,77.25077264
20190528,0.05,23.78,44.34,31.05,13.29,6.47,7.3,16.25198332,77.25077264
20190529,1.41,26.2,44.05,30.41,13.63,6.26,6.33,16.25198332,77.25077264
20190530,7.55,36.48,42.43,27.87,14.56,6.5,7.32,16.25198332,77.25077264
20190531,0.24,42.43,40.3,28.52,11.77,3.81,5.14,16.25198332,77.25077264
20190601,0.3,45.53,37.76,27.96,9.8,6.62,7.83,16.25198332,77.25077264
20190602,2.39,37.25,42.24,28.98,13.26,5.77,7.57,16.25198332,77.25077264
20190603,4.06,51.52,37.01,27.71,9.31,5.22,6.07,16.25198332,77.25077264
20190604,0.1,51.31,38.94,26.14,12.8,5.62,6.02,16.25198332,77.25077264
20190605,0.09,44.02,40.89,26.68,14.2,5.47,6.63,16.25198332,77.25077264
20190606,2.29,56.93,37.67,26.61,11.06,6.06,7.03,16.25198332,77.25077264
20190607,0.75,50.76,38.61,25.41,13.2,4.47,6.33,16.25198332,77.25077264
20190608,1.22,58.33,34.26,27.58,6.68,4.2,6.16,16.25198332,77.25077264
20190609,1.16,50.43,38.6,26.34,12.26,4.24,2.81,16.25198332,77.25077264
20190610,1.26,49.65,38.74,26.85,11.89,4.79,6.71,16.25198332,77.25077264
20190611,0.21,47.87,39.04,26.68,12.36,3.83,4.14,16.25198332,77.25077264
20190612,0.07,51.27,36.95,26.27,10.68,3.88,5.01,16.25198332,77.25077264
20190613,0.3,55.56,33.38,25.65,7.72,2.73,3.14,16.25198332,77.25077264
20190614,0.0,40.28,39.13,24.47,14.66,4.5,5.47,16.25198332,77.25077264
20190615,0.02,42.25,39.53,25.43,14.11,3.84,4.82,16.25198332,77.25077264
20190616,0.05,41.43,40.02,26.05,13.97,2.87,3.84,16.25198332,77.25077264
20190617,0.08,43.51,38.13,27.32,10.81,2.81,4.02,16.25198332,77.25077264
20190618,0.0,42.54,39.51,25.95,13.56,2.29,3.34,16.25198332,77.25077264
20190619,0.0,44.13,39.96,26.72,13.25,2.81,3.73,16.25198332,77.25077264
20190620,1.94,50.68,37.71,26.93,10.78,3.92,5.25,16.25198332,77.25077264
20190621,2.42,62.07,32.47,25.53,6.93,3.91,4.01,16.25198332,77.25077264
20190622,7.3,74.38,29.35,25.1,4.25,4.57,3.69,16.25198332,77.25077264
20190623,0.98,65.9,33.34,23.65,9.7,5.54,6.69,16.25198332,77.25077264
20190624,1.89,65.19,34.01,23.92,10.09,4.21,5.73,16.25198332,77.25077264
20190625,1.42,64.2,34.16,24.48,9.67,4.59,5.32,16.25198332,77.25077264
20190626,0.05,67.09,31.43,24.31,7.12,2.98,3.1,16.25198332,77.25077264
20190627,0.05,58.92,36.02,24.18,11.85,4.07,5.22,16.25198332,77.25077264
20190628,0.12,56.18,36.13,24.79,11.33,2.91,2.47,16.25198332,77.25077264
20190629,0.93,63.81,32.47,24.83,7.64,3.27,3.03,16.25198332,77.25077264
20190630,6.78,64.34,31.74,23.96,7.79,5.15,4.79,16.25198332,77.25077264
20190701,3.02,69.79,31.84,24.25,7.59,4.8,4.42,16.25198332,77.25077264
20190702,0.94,62.26,34.27,23.84,10.43,6.11,6.49,16.25198332,77.25077264
20190703,0.22,65.82,32.72,24.0,8.71,5.97,6.15,16.25198332,77.25077264
20190704,0.46,62.99,35.68,23.72,11.97,7.3,7.67,16.25198332,77.25077264
20190705,1.26,64.54,34.78,24.42,10.35,7.17,7.91,16.25198332,77.25077264
20190706,0.05,61.52,34.4,24.54,9.86,5.3,5.25,16.25198332,77.25077264
20190707,1.41,62.65,33.7,24.4,9.29,3.22,3.03,16.25198332,77.25077264
20190708,0.34,60.82,35.07,23.9,11.17,5.91,6.36,16.25198332,77.25077264
20190709,0.06,60.87,35.57,24.07,11.5,4.61,4.65,16.25198332,77.25077264
20190710,0.2,64.43,33.55,24.68,8.87,5.44,5.6,16.25198332,77.25077264
20190711,0.9,64.7,31.94,24.35,7.58,4.3,4.26,16.25198332,77.25077264
20190712,0.95,58.19,35.65,23.23,12.42,3.65,3.69,16.25198332,77.25077264
20190713,0.29,58.95,34.96,23.92,11.04,4.08,3.2,16.25198332,77.25077264
20190714,5.73,62.82,33.94,24.69,9.26,3.93,3.15,16.25198332,77.25077264
20190715,2.67,67.17,32.68,23.76,8.92,3.55,2.44,16.25198332,77.25077264
20190716,2.21,60.87,34.78,23.61,11.17,3.16,2.45,16.25198332,77.25077264
20190717,1.85,59.5,34.86,23.19,11.67,4.61,3.65,16.25198332,77.25077264
20190718,1.09,72.49,29.25,24.24,5.02,4.47,5.5,16.25198332,77.25077264
20190719,5.44,74.5,30.17,24.29,5.87,5.29,6.27,16.25198332,77.25077264
20190720,4.8,65.3,34.25,23.46,10.8,3.19,5.34,16.25198332,77.25077264
20190721,1.09,68.16,33.72,24.02,9.69,2.75,4.22,16.25198332,77.25077264
20190722,4.33,80.6,28.94,23.84,5.1,2.88,2.95,16.25198332,77.25077264
20190723,2.44,76.16,30.79,23.93,6.86,3.72,3.53,16.25198332,77.25077264
20190724,1.13,70.79,32.73,23.25,9.48,3.71,3.31,16.25198332,77.25077264
20190725,0.86,74.56,31.12,23.29,7.83,4.1,4.09,16.25198332,77.25077264
20190726,7.03,74.8,30.05,23.74,6.31,3.73,3.42,16.25198332,77.25077264
20190727,1.03,70.82,31.29,22.77,8.52,6.06,6.9,16.25198332,77.25077264
20190728,0.37,73.75,30.47,23.51,6.96,4.94,4.13,16.25198332,77.25077264
20190729,3.84,76.4,29.95,23.39,6.56,4.6,4.07,16.25198332,77.25077264
20190730,2.44,72.46,31.57,23.06,8.51,6.75,6.74,16.25198332,77.25077264
20190731,1.06,65.47,33.71,22.64,11.08,5.33,5.08,16.25198332,77.25077264
20190801,10.11,68.45,34.31,22.85,11.46,5.91,6.05,16.25198332,77.25077264
20190802,14.4,71.35,31.24,22.71,8.53,6.03,6.31,16.25198332,77.25077264
20190803,14.39,74.95,29.91,23.15,6.77,4.11,3.9,16.25198332,77.25077264
20190804,5.07,71.33,29.42,22.8,6.62,4.98,5.72,16.25198332,77.25077264
20190805,11.84,73.14,31.1,22.85,8.25,4.97,5.93,16.25198332,77.25077264
20190806,1.66,78.33,28.52,23.68,4.84,4.42,4.69,16.25198332,77.25077264
20190807,2.33,76.74,29.49,23.25,6.24,3.81,4.13,16.25198332,77.25077264
20190808,0.69,74.14,30.86,24.22,6.64,3.75,3.55,16.25198332,77.25077264
20190809,0.18,69.42,33.23,23.92,9.31,5.67,5.66,16.25198332,77.25077264
20190810,0.22,68.33,33.35,23.39,9.96,6.32,6.58,16.25198332,77.25077264
20190811,0.11,67.85,33.63,22.46,11.17,4.68,4.19,16.25198332,77.25077264
20190812,0.28,72.7,31.37,22.64,8.73,4.72,3.83,16.25198332,77.25077264
20190813,1.16,72.09,32.31,23.23,9.08,3.67,3.03,16.25198332,77.25077264
20190814,3.22,73.93,31.95,23.61,8.34,4.67,4.0,16.25198332,77.25077264
20190815,0.39,73.13,32.14,22.96,9.17,5.33,4.7,16.25198332,77.25077264
20190816,0.4,68.3,33.91,23.15,10.76,2.83,2.79,16.25198332,77.25077264
20190817,1.14,72.27,31.75,23.44,8.31,3.62,2.67,16.25198332,77.25077264
20190818,2.52,75.56,29.98,23.62,6.35,4.29,3.41,16.25198332,77.25077264
20190819,2.71,76.18,30.35,23.27,7.07,4.73,4.54,16.25198332,77.25077264
20190820,17.1,82.05,29.21,23.43,5.79,2.97,1.47,16.25198332,77.25077264
20190821,9.58,80.28,29.42,23.33,6.08,4.59,4.86,16.25198332,77.25077264
20190822,2.84,75.24,30.99,23.44,7.56,4.52,3.76,16.25198332,77.25077264
20190823,2.85,73.27,31.4,22.72,8.68,3.87,2.58,16.25198332,77.25077264
20190824,2.89,71.45,32.32,22.47,9.85,3.71,2.79,16.25198332,77.25077264
20190825,0.11,66.11,33.69,22.24,11.45,3.23,3.75,16.25198332,77.25077264
20190826,0.0,64.55,33.7,21.57,12.14,3.81,3.6,16.25198332,77.25077264
20190827,0.02,65.32,33.99,21.75,12.25,3.9,3.3,16.25198332,77.25077264
20190828,0.18,67.38,34.24,21.9,12.33,3.56,2.82,16.25198332,77.25077264
20190829,0.19,67.43,34.01,23.04,10.97,3.49,3.71,16.25198332,77.25077264
20190830,1.01,70.49,32.75,23.28,9.47,2.86,2.12,16.25198332,77.25077264
20190831,10.4,77.77,30.22,23.13,7.09,4.8,4.19,16.25198332,77.25077264
20190901,5.97,78.53,29.94,22.51,7.43,4.45,4.12,16.25198332,77.25077264
20190902,4.17,71.78,31.8,21.26,10.54,3.63,2.58,16.25198332,77.25077264
20190903,20.16,82.33,28.13,22.52,5.62,4.5,4.26,16.25198332,77.25077264
20190904,8.57,79.47,29.61,22.21,7.4,5.71,6.17,16.25198332,77.25077264
20190905,1.08,74.98,31.47,22.19,9.28,5.9,6.38,16.25198332,77.25077264
20190906,1.48,77.1,31.4,22.83,8.58,5.4,5.62,16.25198332,77.25077264
20190907,8.49,77.67,31.06,22.81,8.26,6.11,6.46,16.25198332,77.25077264
20190908,0.67,75.03,32.22,22.51,9.71,4.97,4.9,16.25198332,77.25077264
20190909,0.11,70.68,33.3,22.27,11.03,4.52,4.27,16.25198332,77.25077264
20190910,1.83,73.25,32.82,22.5,10.32,3.96,3.44,16.25198332,77.25077264
20190911,0.12,70.88,33.31,22.68,10.63,3.58,2.88,16.25198332,77.25077264
20190912,0.72,75.5,30.7,22.71,7.98,3.27,2.37,16.25198332,77.25077264
20190913,0.06,70.88,31.8,22.6,9.2,4.11,3.67,16.25198332,77.25077264
20190914,5.37,72.84,33.17,22.32,10.84,3.3,1.95,16.25198332,77.25077264
20190915,3.3,72.58,32.33,22.69,9.64,3.34,2.91,16.25198332,77.25077264
20190916,6.05,78.47,28.7,22.71,5.99,5.11,5.67,16.25198332,77.25077264
20190917,10.58,82.28,29.65,23.28,6.37,3.43,3.52,16.25198332,77.25077264
20190918,14.58,83.82,29.79,23.43,6.36,2.4,3.65,16.25198332,77.25077264
20190919,12.72,83.01,30.04,22.52,7.53,2.91,4.07,16.25198332,77.25077264
20190920,2.22,80.56,29.74,22.32,7.43,4.31,5.32,16.25198332,77.25077264
20190921,1.37,71.88,32.62,22.06,10.56,2.65,4.86,16.25198332,77.25077264
20190922,2.1,76.36,31.64,22.93,8.71,2.04,4.19,16.25198332,77.25077264
20190923,8.23,78.28,31.68,23.68,8.0,1.92,3.43,16.25198332,77.25077264
20190924,16.69,85.57,28.78,23.59,5.18,1.88,2.88,16.25198332,77.25077264
20190925,7.1,85.22,29.49,22.91,6.59,3.35,3.21,16.25198332,77.25077264
20190926,6.55,84.83,28.94,22.95,5.99,3.77,3.13,16.25198332,77.25077264
20190927,2.68,80.02,30.5,22.2,8.31,2.79,3.65,16.25198332,77.25077264
20190928,0.55,81.01,29.98,22.58,7.4,1.36,2.53,16.25198332,77.25077264
20190929,0.32,80.89,29.96,22.4,7.56,3.16,2.73,16.25198332,77.25077264
20190930,1.24,77.65,30.89,22.09,8.81,2.27,2.47,16.25198332,77.25077264
20191001,0.28,74.6,31.86,21.83,10.03,2.32,4.19,16.25198332,77.25077264
20191002,0.2,78.26,30.11,22.94,7.18,3.61,3.96,16.25198332,77.25077264
20191003,2.22,84.1,26.87,22.34,4.53,2.56,3.73,16.25198332,77.25077264
20191004,12.12,82.4,29.72,22.0,7.72,2.57,4.4,16.25198332,77.25077264
20191005,2.1,81.27,29.68,21.62,8.06,1.31,3.08,16.25198332,77.25077264
20191006,7.12,81.67,28.89,22.29,6.6,2.05,2.27,16.25198332,77.25077264
20191007,2.99,75.37,31.01,22.1,8.91,1.56,3.68,16.25198332,77.25077264
20191008,0.63,82.32,29.05,22.53,6.52,1.97,2.85,16.25198332,77.25077264
20191009,4.45,84.33,28.42,22.38,6.04,2.71,5.1,16.25198332,77.25077264
20191010,5.07,80.86,29.43,22.03,7.4,1.68,3.49,16.25198332,77.25077264
20191011,2.45,83.29,28.65,22.17,6.48,2.38,3.55,16.25198332,77.25077264
20191012,3.11,81.71,29.87,22.28,7.59,1.66,4.36,16.25198332,77.25077264
20191013,1.12,82.94,30.3,22.39,7.91,1.97,2.55,16.25198332,77.25077264
20191014,0.44,83.96,29.8,23.29,6.52,2.31,3.23,16.25198332,77.25077264
20191015,0.69,81.89,29.59,23.11,6.48,3.07,2.3,16.25198332,77.25077264
20191016,2.42,83.4,28.81,21.72,7.09,2.78,1.71,16.25198332,77.25077264
20191017,0.57,81.82,28.87,21.6,7.26,4.02,2.96,16.25198332,77.25077264
20191018,3.52,81.56,29.98,20.5,9.48,3.17,2.22,16.25198332,77.25077264
20191019,2.36,82.16,29.41,22.14,7.28,3.62,2.32,16.25198332,77.25077264
20191020,5.55,81.98,29.71,21.4,8.32,3.5,2.87,16.25198332,77.25077264
20191021,3.2,84.18,28.46,21.8,6.66,2.2,1.64,16.25198332,77.25077264
20191022,4.12,79.24,30.54,21.22,9.32,2.15,1.99,16.25198332,77.25077264
20191023,1.71,82.11,28.52,22.01,6.51,4.33,5.02,16.25198332,77.25077264
20191024,4.18,82.26,29.97,21.2,8.76,3.3,2.81,16.25198332,77.25077264
20191025,3.12,83.7,28.99,21.11,7.88,4.83,4.9,16.25198332,77.25077264
20191026,5.44,81.51,30.25,21.3,8.95,3.41,2.02,16.25198332,77.25077264
20191027,6.15,84.11,28.41,22.02,6.39,2.09,3.59,16.25198332,77.25077264
20191028,0.09,79.34,30.56,21.26,9.3,5.11,5.97,16.25198332,77.25077264
20191029,1.51,79.13,30.97,21.5,9.47,4.51,3.83,16.25198332,77.25077264
20191030,1.96,80.8,29.84,21.7,8.15,4.53,3.48,16.25198332,77.25077264
20191031,1.43,80.57,29.32,20.77,8.55,4.06,2.94,16.25198332,77.25077264
20191101,0.35,81.62,29.52,22.02,7.5,2.79,1.2,16.25198332,77.25077264
20191102,0.01,74.36,31.57,21.22,10.35,2.89,2.56,16.25198332,77.25077264
20191103,0.0,73.87,32.02,20.56,11.46,1.6,4.06,16.25198332,77.25077264
20191104,0.13,71.8,32.58,21.69,10.88,1.15,2.68,16.25198332,77.25077264
20191105,0.0,67.05,32.68,20.69,11.99,1.01,2.21,16.25198332,77.25077264
20191106,1.12,67.94,32.58,20.98,11.6,1.82,4.1,16.25198332,77.25077264
20191107,0.63,71.94,31.29,21.19,10.09,1.7,3.94,16.25198332,77.25077264
20191108,0.05,71.27,32.17,21.78,10.39,1.25,2.69,16.25198332,77.25077264
20191109,0.0,69.41,32.56,21.77,10.79,1.35,3.08,16.25198332,77.25077264
20191110,0.0,63.48,33.07,20.29,12.78,1.9,4.32,16.25198332,77.25077264
20191111,0.0,64.6,32.68,18.55,14.13,1.32,3.73,16.25198332,77.25077264
20191112,0.0,67.75,31.92,20.79,11.13,2.63,2.43,16.25198332,77.25077264
20191113,0.0,66.85,31.47,18.74,12.74,2.41,2.92,16.25198332,77.25077264
20191114,0.21,69.57,31.23,19.76,11.47,3.12,3.32,16.25198332,77.25077264
20191115,0.18,72.08,31.38,20.44,10.94,3.06,1.31,16.25198332,77.25077264
20191116,0.0,69.68,32.43,20.78,11.65,2.68,2.2,16.25198332,77.25077264
20191117,0.0,65.86,32.73,19.67,13.06,3.07,4.92,16.25198332,77.25077264
20191118,0.0,62.52,33.24,18.27,14.96,1.85,3.55,16.25198332,77.25077264
20191119,0.09,68.04,32.43,19.02,13.41,2.18,4.55,16.25198332,77.25077264
20191120,0.02,66.58,32.0,20.42,11.58,2.14,3.36,16.25198332,77.25077264
20191121,0.0,62.87,31.86,18.68,13.18,3.11,3.24,16.25198332,77.25077264
20191122,0.0,65.17,31.43,17.47,13.96,3.0,2.88,16.25198332,77.25077264
20191123,0.0,63.74,31.71,16.63,15.08,2.85,4.21,16.25198332,77.25077264
20191124,0.0,65.65,31.14,16.64,14.5,2.58,5.57,16.25198332,77.25077264
20191125,0.0,60.29,32.22,16.41,15.82,3.64,4.83,16.25198332,77.25077264
20191126,0.0,64.02,31.65,16.15,15.5,3.66,5.1,16.25198332,77.25077264
20191127,0.0,61.67,32.1,17.58,14.53,3.13,4.38,16.25198332,77.25077264
20191128,0.04,64.71,33.05,19.28,13.77,3.55,2.56,16.25198332,77.25077264
20191129,0.0,58.03,33.56,19.77,13.79,2.68,3.66,16.25198332,77.25077264
20191130,0.38,62.42,33.02,18.74,14.28,3.45,2.88,16.25198332,77.25077264
20191201,0.79,68.42,31.33,21.86,9.47,4.34,3.82,16.25198332,77.25077264
20191202,1.6,71.03,29.37,21.03,8.33,4.05,3.37,16.25198332,77.25077264
20191203,1.71,70.13,30.27,20.87,9.41,3.74,3.24,16.25198332,77.25077264
20191204,0.18,63.55,31.44,19.14,12.3,4.54,3.5,16.25198332,77.25077264
20191205,0.0,62.08,31.41,19.35,12.06,3.31,4.41,16.25198332,77.25077264
20191206,0.0,61.44,30.55,17.46,13.09,3.25,4.41,16.25198332,77.25077264
20191207,0.0,61.26,31.3,15.34,15.96,2.98,4.75,16.25198332,77.25077264
20191208,0.0,63.79,31.7,18.94,12.76,3.11,3.75,16.25198332,77.25077264
20191209,0.0,61.09,31.78,19.0,12.78,3.31,4.33,16.25198332,77.25077264
20191210,0.0,61.38,31.8,19.43,12.37,3.06,3.79,16.25198332,77.25077264
20191211,0.0,59.27,31.59,18.8,12.8,2.33,3.62,16.25198332,77.25077264
20191212,0.0,58.1,31.6,18.0,13.59,3.27,4.92,16.25198332,77.25077264
20191213,0.0,59.18,32.5,18.0,14.5,3.8,5.54,16.25198332,77.25077264
20191214,0.0,58.87,33.34,19.73,13.61,3.0,4.0,16.25198332,77.25077264
20191215,0.0,59.66,31.98,20.36,11.62,2.47,4.15,16.25198332,77.25077264
20191216,0.0,59.02,32.04,18.64,13.4,3.09,3.79,16.25198332,77.25077264
20191217,0.0,57.26,31.9,19.09,12.82,3.05,2.86,16.25198332,77.25077264
20191218,0.0,56.57,31.87,17.59,14.27,2.9,4.22,16.25198332,77.25077264
20191219,0.0,58.78,31.87,17.48,14.38,2.7,3.32,16.25198332,77.25077264
20191220,0.0,57.54,31.7,18.39,13.32,1.95,2.63,16.25198332,77.25077264
20191221,0.0,56.08,32.21,19.5,12.71,2.84,4.55,16.25198332,77.25077264
20191222,0.0,59.41,31.82,18.99,12.83,3.13,3.64,16.25198332,77.25077264
20191223,0.0,54.4,31.64,18.28,13.36,2.96,4.21,16.25198332,77.25077264
20191224,0.0,56.03,31.89,17.86,14.03,3.06,4.07,16.25198332,77.25077264
20191225,0.0,56.28,32.87,18.78,14.09,3.2,4.04,16.25198332,77.25077264
20191226,0.0,53.18,33.72,19.16,14.55,3.68,5.98,16.25198332,77.25077264
20191227,0.0,55.04,32.42,19.77,12.66,2.92,4.8,16.25198332,77.25077264
20191228,0.0,57.4,30.22,20.63,9.59,2.36,3.58,16.25198332,77.25077264
20191229,0.0,57.76,31.05,18.9,12.15,3.2,4.06,16.25198332,77.25077264
20191230,0.01,63.03,29.87,19.85,10.02,3.29,4.95,16.25198332,77.25077264
20191231,0.02,62.13,31.67,19.87,11.8,4.28,5.48,16.25198332,77.25077264
20200101,0.04,58.52,32.41,20.0,12.42,3.88,4.31,16.25198332,77.25077264
20200102,1.36,65.9,30.86,21.16,9.7,2.6,4.0,16.25198332,77.25077264
20200103,1.9,58.53,33.15,20.78,12.37,2.84,4.87,16.25198332,77.25077264
20200104,0.01,50.53,33.68,19.87,13.8,1.9,3.38,16.25198332,77.25077264
20200105,0.0,59.23,30.89,20.33,10.56,3.17,4.74,16.25198332,77.25077264
20200106,0.01,60.17,31.95,17.69,14.26,2.82,2.86,16.25198332,77.25077264
20200107,0.01,61.07,33.2,20.03,13.17,3.32,4.62,16.25198332,77.25077264
20200108,0.0,59.02,32.69,20.65,12.04,3.4,4.26,16.25198332,77.25077264
20200109,0.0,56.32,32.89,19.71,13.18,4.09,6.08,16.25198332,77.25077264
20200110,0.0,57.06,31.31,19.93,11.38,3.44,3.88,16.25198332,77.25077264
20200111,0.0,54.42,31.76,19.16,12.6,1.77,3.7,16.25198332,77.25077264
20200112,0.0,47.93,31.44,17.04,14.4,1.62,2.88,16.25198332,77.25077264
20200113,0.0,42.82,32.69,15.63,17.07,3.58,6.87,16.25198332,77.25077264
20200114,0.0,43.08,32.51,15.38,17.13,3.6,6.21,16.25198332,77.25077264
20200115,0.0,47.29,32.54,16.36,16.18,2.98,4.67,16.25198332,77.25077264
20200116,0.0,48.75,31.75,15.98,15.78,2.81,4.43,16.25198332,77.25077264
20200117,0.0,49.83,32.46,16.55,15.92,3.02,4.61,16.25198332,77.25077264
20200118,0.12,55.46,33.04,19.19,13.85,3.68,5.41,16.25198332,77.25077264
20200119,0.0,52.56,32.84,20.08,12.76,4.65,6.84,16.25198332,77.25077264
20200120,0.0,49.23,33.47,19.65,13.81,3.28,5.62,16.25198332,77.25077264
20200121,0.0,46.84,33.41,19.07,14.34,2.95,4.73,16.25198332,77.25077264
20200122,0.0,46.11,33.55,17.26,16.29,3.22,3.61,16.25198332,77.25077264
20200123,0.0,44.82,33.64,17.32,16.32,1.84,3.46,16.25198332,77.25077264
20200124,0.0,41.06,34.05,16.66,17.39,2.51,4.18,16.25198332,77.25077264
20200125,0.0,38.86,34.37,16.73,17.64,2.24,5.49,16.25198332,77.25077264
20200126,0.0,40.21,34.57,17.33,17.24,3.49,6.97,16.25198332,77.25077264
20200127,0.0,36.45,35.78,18.05,17.73,2.39,4.14,16.25198332,77.25077264
20200128,0.0,43.57,34.32,19.26,15.05,2.78,4.69,16.25198332,77.25077264
20200129,0.0,40.42,34.19,20.34,13.85,2.43,4.25,16.25198332,77.25077264
20200130,0.0,33.43,34.82,17.96,16.86,2.73,5.97,16.25198332,77.25077264
20200131,0.0,43.88,34.79,18.12,16.67,4.07,5.18,16.25198332,77.25077264
20200201,0.0,46.12,34.51,19.6,14.92,3.94,3.95,16.25198332,77.25077264
20200202,0.0,49.88,33.46,21.98,11.49,3.72,4.61,16.25198332,77.25077264
20200203,0.0,44.7,33.73,20.26,13.47,3.65,4.77,16.25198332,77.25077264
20200204,0.0,44.28,34.0,19.09,14.92,4.31,6.06,16.25198332,77.25077264
20200205,0.0,44.13,33.83,19.15,14.69,3.39,5.95,16.25198332,77.25077264
20200206,0.0,37.95,35.27,21.26,14.01,3.88,4.92,16.25198332,77.25077264
20200207,0.0,39.36,34.81,20.97,13.83,3.21,4.18,16.25198332,77.25077264
20200208,0.07,36.99,33.82,19.9,13.93,3.36,4.65,16.25198332,77.25077264
20200209,0.15,55.08,31.93,20.5,11.43,2.83,3.95,16.25198332,77.25077264
20200210,0.01,54.06,32.69,19.59,13.1,3.88,5.49,16.25198332,77.25077264
20200211,0.0,54.89,32.42,20.05,12.38,2.66,3.48,16.25198332,77.25077264
20200212,0.0,49.08,33.75,19.47,14.28,3.27,3.96,16.25198332,77.25077264
20200213,0.0,37.69,34.76,18.78,15.98,2.25,3.91,16.25198332,77.25077264
20200214,0.0,22.34,35.71,17.07,18.65,1.63,4.24,16.25198332,77.25077264
20200215,0.0,19.43,36.47,17.72,18.75,2.42,5.73,16.25198332,77.25077264
20200216,0.0,29.66,35.99,16.79,19.2,2.48,4.22,16.25198332,77.25077264
20200217,0.0,32.05,36.29,17.34,18.95,2.26,4.99,16.25198332,77.25077264
20200218,0.0,24.45,35.81,16.99,18.82,2.4,5.69,16.25198332,77.25077264
20200219,0.0,33.14,35.61,16.71,18.9,3.47,6.15,16.25198332,77.25077264
20200220,0.0,43.52,35.3,18.27,17.02,3.77,5.23,16.25198332,77.25077264
20200221,0.0,36.98,35.08,17.56,17.52,2.64,4.72,16.25198332,77.25077264
20200222,0.0,37.52,35.72,16.99,18.73,3.27,4.48,16.25198332,77.25077264
20200223,0.0,40.12,35.28,17.68,17.59,3.4,4.74,16.25198332,77.25077264
20200224,0.0,38.49,36.5,18.82,17.68,5.13,7.59,16.25198332,77.25077264
20200225,0.0,39.53,35.44,20.64,14.8,4.45,7.3,16.25198332,77.25077264
20200226,0.0,29.99,35.38,19.24,16.14,3.49,5.61,16.25198332,77.25077264
20200227,0.0,31.31,35.38,19.18,16.2,3.0,4.56,16.25198332,77.25077264
20200228,0.0,41.4,35.36,19.56,15.8,3.81,5.97,16.25198332,77.25077264
20200229,0.03,42.67,34.82,22.15,12.67,5.12,7.29,16.25198332,77.25077264
20200301,0.79,40.82,36.0,21.72,14.28,4.38,5.95,16.25198332,77.25077264
20200302,3.17,41.64,34.91,23.29,11.62,1.52,1.81,16.25198332,77.25077264
20200303,0.0,35.8,36.63,22.07,14.56,1.34,2.84,16.25198332,77.25077264
20200304,0.0,31.23,36.45,22.7,13.75,4.3,4.49,16.25198332,77.25077264
20200305,0.01,30.27,36.55,20.79,15.76,2.87,4.34,16.25198332,77.25077264
20200306,0.16,36.61,35.01,21.6,13.41,3.1,2.03,16.25198332,77.25077264
20200307,0.07,37.2,36.22,21.22,15.0,4.39,5.86,16.25198332,77.25077264
20200308,0.72,44.23,35.94,23.84,12.11,3.1,5.38,16.25198332,77.25077264
20200309,0.1,41.07,36.81,25.39,11.42,3.22,4.65,16.25198332,77.25077264
20200310,0.0,35.94,38.21,23.62,14.59,3.61,4.07,16.25198332,77.25077264
20200311,0.08,38.04,37.06,24.0,13.06,2.48,3.25,16.25198332,77.25077264
20200312,0.06,34.53,37.4,24.76,12.64,3.45,5.51,16.25198332,77.25077264
20200313,0.0,31.76,38.65,23.96,14.68,2.97,3.89,16.25198332,77.25077264
20200314,0.0,34.22,38.48,23.37,15.11,5.45,7.81,16.25198332,77.25077264
20200315,0.0,38.04,38.1,21.93,16.18,4.67,6.18,16.25198332,77.25077264
20200316,0.0,38.68,37.89,22.03,15.87,3.61,5.69,16.25198332,77.25077264
20200317,0.0,35.29,39.04,22.29,16.75,3.62,5.45,16.25198332,77.25077264
20200318,0.27,30.39,38.9,22.43,16.47,3.61,6.1,16.25198332,77.25077264
20200319,1.26,30.43,38.97,23.55,15.42,2.73,5.28,16.25198332,77.25077264
20200320,0.35,26.0,39.23,24.63,14.6,3.81,6.25,16.25198332,77.25077264
20200321,0.0,20.84,38.6,21.01,17.59,3.56,3.93,16.25198332,77.25077264
20200322,0.0,27.36,38.27,20.27,18.0,1.93,5.62,16.25198332,77.25077264
20200323,0.0,32.89,38.51,22.03,16.48,2.95,6.13,16.25198332,77.25077264
20200324,0.14,35.09,38.95,23.59,15.37,3.1,5.09,16.25198332,77.25077264
20200325,0.02,32.95,38.95,23.8,15.15,3.33,4.79,16.25198332,77.25077264
20200326,0.0,34.21,39.01,23.3,15.71,3.98,5.17,16.25198332,77.25077264
20200327,0.0,28.1,39.42,22.65,16.77,4.05,5.75,16.25198332,77.25077264
20200328,0.0,25.6,39.88,21.85,18.02,3.59,5.34,16.25198332,77.25077264
20200329,0.04,23.9,40.3,23.22,17.08,2.78,5.25,16.25198332,77.25077264
20200330,0.0,26.42,39.84,22.84,17.0,3.17,5.12,16.25198332,77.25077264
20200331,0.0,25.93,40.12,22.79,17.33,2.74,4.97,16.25198332,77.25077264
20200401,0.0,27.47,40.06,23.2,16.86,3.04,6.29,16.25198332,77.25077264
20200402,0.01,26.86,41.08,26.71,14.38,3.36,6.18,16.25198332,77.25077264
20200403,0.0,27.94,40.94,27.18,13.76,5.02,6.14,16.25198332,77.25077264
20200404,0.02,32.87,37.6,26.35,11.25,4.52,6.56,16.25198332,77.25077264
20200405,0.06,29.33,39.96,25.08,14.89,3.71,4.85,16.25198332,77.25077264
20200406,3.85,37.66,38.88,27.38,11.5,2.14,3.93,16.25198332,77.25077264
20200407,6.09,41.87,38.06,27.11,10.95,3.19,4.54,16.25198332,77.25077264
20200408,0.78,41.34,38.23,23.68,14.54,3.49,3.68,16.25198332,77.25077264
20200409,3.21,35.71,38.93,21.12,17.81,4.63,7.67,16.25198332,77.25077264
20200410,0.23,39.45,38.63,23.39,15.24,3.14,5.45,16.25198332,77.25077264
20200411,0.0,35.86,38.16,23.11,15.06,2.16,3.13,16.25198332,77.25077264
20200412,0.0,32.05,40.11,24.28,15.83,2.9,5.18,16.25198332,77.25077264
20200413,0.01,29.48,40.47,25.11,15.36,2.62,3.74,16.25198332,77.25077264
20200414,0.0,24.63,41.21,24.52,16.69,2.88,4.31,16.25198332,77.25077264
20200415,0.0,25.75,40.58,24.25,16.33,4.18,5.86,16.25198332,77.25077264
20200416,0.0,26.96,40.63,24.47,16.16,4.33,7.08,16.25198332,77.25077264
20200417,0.14,30.35,40.86,25.36,15.5,3.47,6.51,16.25198332,77.25077264
20200418,1.28,32.27,41.45,26.25,15.2,3.92,5.87,16.25198332,77.25077264
20200419,0.07,31.76,40.51,27.88,12.64,5.35,8.16,16.25198332,77.25077264
20200420,0.72,34.32,40.55,25.76,14.79,3.54,5.24,16.25198332,77.25077264
20200421,1.51,30.51,40.7,25.47,15.24,3.67,5.98,16.25198332,77.25077264
20200422,0.07,29.52,41.59,26.66,14.93,2.33,3.83,16.25198332,77.25077264
20200423,0.0,28.9,42.57,26.54,16.03,4.65,5.49,16.25198332,77.25077264
20200424,0.08,29.45,42.51,27.61,14.9,6.1,8.11,16.25198332,77.25077264
20200425,0.19,33.22,41.85,27.41,14.44,5.87,6.53,16.25198332,77.25077264
20200426,0.16,29.33,42.07,27.88,14.19,2.33,2.56,16.25198332,77.25077264
20200427,0.03,28.04,42.42,25.95,16.46,3.42,3.53,16.25198332,77.25077264
20200428,1.51,39.93,39.97,27.22,12.76,2.28,3.88,16.25198332,77.25077264
20200429,0.84,40.18,39.12,27.16,11.95,2.74,4.02,16.25198332,77.25077264
20200430,0.05,35.48,40.41,26.45,13.97,2.54,4.24,16.25198332,77.25077264
20200501,0.82,32.81,41.38,27.92,13.47,2.84,5.26,16.25198332,77.25077264
20200502,0.2,31.45,41.95,28.75,13.2,3.33,5.64,16.25198332,77.25077264
20200503,0.27,31.61,42.1,28.59,13.52,2.77,5.61,16.25198332,77.25077264
20200504,1.26,33.13,42.45,28.46,14.0,3.4,5.34,16.25198332,77.25077264
20200505,0.02,30.26,42.09,29.14,12.95,4.31,7.04,16.25198332,77.25077264
20200506,0.28,32.1,42.11,29.68,12.43,4.07,6.59,16.25198332,77.25077264
20200507,0.78,40.93,39.72,28.45,11.27,3.21,4.68,16.25198332,77.25077264
20200508,3.43,43.23,39.15,28.61,10.53,1.9,3.18,16.25198332,77.25077264
20200509,1.72,41.3,40.34,27.47,12.86,5.2,7.64,16.25198332,77.25077264
20200510,0.21,39.79,39.05,27.83,11.22,5.78,7.99,16.25198332,77.25077264
20200511,0.1,38.13,38.46,28.05,10.41,3.57,2.67,16.25198332,77.25077264
20200512,2.96,35.87,40.76,26.64,14.12,5.24,7.5,16.25198332,77.25077264
20200513,0.65,38.89,40.43,27.22,13.21,3.01,5.1,16.25198332,77.25077264
20200514,0.04,36.22,41.18,26.68,14.5,4.36,5.52,16.25198332,77.25077264
20200515,0.18,34.63,40.69,26.95,13.74,4.32,5.29,16.25198332,77.25077264
20200516,0.72,34.98,40.51,28.68,11.83,2.4,3.73,16.25198332,77.25077264
20200517,1.63,42.4,38.43,29.64,8.79,4.16,5.22,16.25198332,77.25077264
20200518,0.43,39.17,40.14,27.13,13.01,5.71,5.14,16.25198332,77.25077264
20200519,0.43,28.86,41.6,27.97,13.63,4.62,3.82,16.25198332,77.25077264
20200520,0.02,31.21,42.29,26.57,15.72,5.67,4.94,16.25198332,77.25077264
20200521,0.0,25.74,43.59,27.17,16.42,4.65,3.77,16.25198332,77.25077264
20200522,0.0,23.97,42.87,25.5,17.37,3.58,3.33,16.25198332,77.25077264
20200523,0.0,20.41,43.55,28.22,15.33,3.53,7.5,16.25198332,77.25077264
20200524,0.0,30.57,42.41,28.6,13.82,4.64,6.89,16.25198332,77.25077264
20200525,0.08,32.75,42.69,29.83,12.85,4.96,6.97,16.25198332,77.25077264
20200526,0.54,38.54,41.63,30.34,11.28,6.15,7.94,16.25198332,77.25077264
20200527,0.16,36.03,42.42,29.14,13.29,6.72,8.8,16.25198332,77.25077264
20200528,0.01,31.9,42.81,29.21,13.6,6.74,8.93,16.25198332,77.25077264
20200529,8.75,36.14,43.11,28.04,15.07,7.98,10.08,16.25198332,77.25077264
20200530,31.58,67.47,32.43,26.58,5.85,4.84,6.99,16.25198332,77.25077264
20200531,5.77,74.76,30.82,25.78,5.04,4.08,4.44,16.25198332,77.25077264
20200601,13.39,73.31,30.94,24.5,6.44,2.06,2.22,16.25198332,77.25077264
20200602,7.91,78.41,29.37,25.2,4.17,4.4,4.87,16.25198332,77.25077264
20200603,0.78,72.24,32.06,24.16,7.9,6.28,5.78,16.25198332,77.25077264
20200604,0.71,63.59,34.89,23.01,11.88,4.54,3.75,16.25198332,77.25077264
20200605,1.07,56.56,36.46,23.44,13.01,2.79,4.53,16.25198332,77.25077264
20200606,0.0,56.31,35.42,22.71,12.72,3.06,4.22,16.25198332,77.25077264
20200607,0.0,57.72,36.16,23.08,13.08,3.5,5.09,16.25198332,77.25077264
20200608,0.0,56.28,36.24,23.91,12.34,4.5,3.61,16.25198332,77.25077264
20200609,0.4,52.94,34.58,23.54,11.04,5.09,5.94,16.25198332,77.25077264
20200610,8.21,61.07,35.63,23.56,12.07,4.91,4.14,16.25198332,77.25077264
20200611,5.21,72.82,30.46,23.82,6.64,5.19,4.08,16.25198332,77.25077264
20200612,2.3,76.13,29.09,23.42,5.67,3.92,3.96,16.25198332,77.25077264
20200613,0.09,62.67,34.96,22.53,12.42,4.41,3.96,16.25198332,77.25077264
20200614,0.22,59.3,36.33,23.3,13.03,5.42,5.24,16.25198332,77.25077264
20200615,0.75,58.92,37.08,23.98,13.11,4.83,4.32,16.25198332,77.25077264
20200616,3.41,71.23,33.89,24.46,9.42,4.51,4.55,16.25198332,77.25077264
20200617,3.82,70.59,32.86,24.42,8.44,4.98,4.6,16.25198332,77.25077264
20200618,1.04,69.04,33.0,23.78,9.21,4.5,4.1,16.25198332,77.25077264
20200619,8.17,68.39,34.89,23.33,11.55,4.14,3.64,16.25198332,77.25077264
20200620,0.23,63.79,34.95,24.21,10.74,5.15,3.77,16.25198332,77.25077264
20200621,0.84,68.05,32.7,23.71,9.0,5.31,4.11,16.25198332,77.25077264
20200622,1.78,74.34,29.59,24.15,5.44,4.7,3.56,16.25198332,77.25077264
20200623,0.07,60.2,35.17,23.19,11.97,6.26,6.19,16.25198332,77.25077264
20200624,0.09,61.09,35.01,23.07,11.94,3.47,4.6,16.25198332,77.25077264
20200625,4.69,64.57,33.3,24.14,9.16,5.28,7.61,16.25198332,77.25077264
20200626,1.94,68.08,33.85,24.15,9.7,1.88,3.9,16.25198332,77.25077264
20200627,20.56,75.53,31.12,24.57,6.55,3.47,5.32,16.25198332,77.25077264
20200628,21.21,84.89,28.5,24.59,3.91,5.27,5.66,16.25198332,77.25077264
20200629,4.63,78.11,31.1,23.55,7.55,2.21,3.0,16.25198332,77.25077264
20200630,1.79,81.54,28.23,24.3,3.93,1.85,3.01,16.25198332,77.25077264
20200701,0.63,75.44,31.69,23.47,8.22,3.1,2.86,16.25198332,77.25077264
20200702,21.93,76.42,30.6,22.77,7.83,4.33,4.09,16.25198332,77.25077264
20200703,20.25,77.58,30.35,22.9,7.45,5.68,4.89,16.25198332,77.25077264
20200704,2.72,76.31,30.99,22.42,8.57,5.73,5.69,16.25198332,77.25077264
20200705,2.31,73.73,31.54,22.97,8.58,4.74,4.61,16.25198332,77.25077264
20200706,0.34,74.81,30.82,22.38,8.44,4.75,4.96,16.25198332,77.25077264
20200707,4.2,74.21,32.1,22.41,9.69,5.46,4.72,16.25198332,77.25077264
20200708,10.23,76.31,31.8,22.87,8.93,4.13,3.16,16.25198332,77.25077264
20200709,8.33,79.66,30.34,22.11,8.22,3.23,4.1,16.25198332,77.25077264
20200710,3.31,76.32,31.5,22.89,8.61,4.11,2.8,16.25198332,77.25077264
20200711,4.58,73.98,31.97,22.73,9.24,4.5,3.4,16.25198332,77.25077264
20200712,3.42,74.74,31.46,22.21,9.25,4.1,2.93,16.25198332,77.25077264
20200713,2.92,77.66,30.16,22.88,7.28,4.82,4.36,16.25198332,77.25077264
20200714,19.46,85.43,29.11,23.32,5.79,2.73,3.65,16.25198332,77.25077264
20200715,30.89,85.89,28.46,22.08,6.38,2.33,3.46,16.25198332,77.25077264
20200716,7.82,80.98,29.26,21.84,7.42,4.75,4.28,16.25198332,77.25077264
20200717,1.48,75.97,31.66,21.71,9.96,3.88,2.24,16.25198332,77.25077264
20200718,6.45,79.6,31.19,22.54,8.65,3.52,3.2,16.25198332,77.25077264
20200719,18.72,80.56,29.86,23.16,6.71,3.63,5.48,16.25198332,77.25077264
20200720,21.34,83.47,30.02,23.29,6.73,3.04,2.99,16.25198332,77.25077264
20200721,4.96,83.09,30.07,23.48,6.58,1.7,3.83,16.25198332,77.25077264
20200722,4.58,84.59,29.1,23.7,5.4,3.21,3.34,16.25198332,77.25077264
20200723,2.56,84.83,28.87,23.62,5.25,1.25,1.59,16.25198332,77.25077264
20200724,13.78,84.72,28.63,23.51,5.12,3.46,4.33,16.25198332,77.25077264
20200725,3.64,82.87,28.67,22.33,6.35,1.83,1.71,16.25198332,77.25077264
20200726,0.14,81.17,29.48,21.91,7.57,2.65,3.37,16.25198332,77.25077264
20200727,0.27,79.6,30.47,22.16,8.31,4.01,4.02,16.25198332,77.25077264
20200728,10.55,89.18,27.07,23.27,3.8,4.33,5.88,16.25198332,77.25077264
20200729,12.22,86.7,29.11,22.87,6.24,1.58,2.72,16.25198332,77.25077264
20200730,9.53,80.03,30.7,22.95,7.75,3.3,4.1,16.25198332,77.25077264
20200731,7.58,83.65,29.35,23.55,5.79,1.81,2.56,16.25198332,77.25077264
20200801,6.8,85.61,28.94,23.37,5.58,2.43,3.91,16.25198332,77.25077264
20200802,2.38,81.56,31.23,22.64,8.59,4.24,3.73,16.25198332,77.25077264
20200803,8.57,84.37,28.89,21.92,6.97,5.58,4.38,16.25198332,77.25077264
20200804,3.25,85.36,28.41,22.19,6.22,6.34,6.99,16.25198332,77.25077264
20200805,6.29,84.77,28.88,23.18,5.7,5.48,5.78,16.25198332,77.25077264
20200806,1.86,79.82,32.09,22.93,9.16,5.09,5.12,16.25198332,77.25077264
20200807,0.26,82.79,30.03,23.21,6.83,5.36,5.5,16.25198332,77.25077264
20200808,0.05,81.13,30.5,23.31,7.2,5.02,4.82,16.25198332,77.25077264
20200809,3.44,84.98,28.95,23.01,5.94,3.61,3.26,16.25198332,77.25077264
20200810,3.36,81.18,29.9,22.53,7.36,3.67,3.58,16.25198332,77.25077264
20200811,4.08,81.7,30.05,22.67,7.38,4.35,3.55,16.25198332,77.25077264
20200812,1.83,84.94,28.87,22.64,6.23,3.44,2.99,16.25198332,77.25077264
20200813,10.7,87.75,27.49,22.59,4.91,3.27,3.16,16.25198332,77.25077264
20200814,8.15,84.75,28.96,21.95,7.01,5.37,5.53,16.25198332,77.25077264
20200815,12.78,88.65,27.43,22.31,5.12,3.96,3.97,16.25198332,77.25077264
20200816,16.13,87.17,28.38,22.58,5.79,5.16,4.6,16.25198332,77.25077264
20200817,2.2,84.98,29.49,22.76,6.73,5.19,4.36,16.25198332,77.25077264
20200818,2.05,81.99,31.04,22.38,8.66,3.88,3.34,16.25198332,77.25077264
20200819,2.11,81.65,31.2,22.12,9.08,4.26,3.93,16.25198332,77.25077264
20200820,14.01,86.78,28.97,22.49,6.48,5.08,5.02,16.25198332,77.25077264
20200821,1.21,84.03,30.12,22.24,7.88,4.6,4.84,16.25198332,77.25077264
20200822,1.12,83.51,30.17,22.45,7.73,3.74,2.34,16.25198332,77.25077264
20200823,0.78,81.31,31.6,22.17,9.43,2.22,2.97,16.25198332,77.25077264
20200824,0.56,82.59,30.4,22.57,7.83,2.9,2.99,16.25198332,77.25077264
20200825,0.24,80.99,29.93,22.71,7.22,3.86,5.1,16.25198332,77.25077264
20200826,0.23,82.84,28.84,23.12,5.72,4.41,5.85,16.25198332,77.25077264
20200827,0.81,83.49,28.49,22.87,5.61,5.76,6.86,16.25198332,77.25077264
20200828,0.56,80.75,30.34,21.79,8.55,3.19,3.64,16.25198332,77.25077264
20200829,0.49,79.12,31.65,22.24,9.4,2.41,2.23,16.25198332,77.25077264
20200830,0.11,82.01,30.13,22.52,7.6,2.53,1.54,16.25198332,77.25077264
20200831,0.03,81.8,29.85,22.58,7.27,2.31,3.41,16.25198332,77.25077264
20200901,2.22,85.54,29.49,23.01,6.47,3.3,3.3,16.25198332,77.25077264
20200902,2.03,87.23,27.4,22.84,4.55,2.27,3.82,16.25198332,77.25077264
20200903,5.12,82.18,29.72,22.53,7.19,1.65,4.1,16.25198332,77.25077264
20200904,1.26,83.06,30.34,22.75,7.59,3.08,1.75,16.25198332,77.25077264
20200905,0.59,79.14,32.07,22.59,9.47,2.52,2.75,16.25198332,77.25077264
20200906,1.01,77.89,31.52,22.55,8.97,1.53,3.1,16.25198332,77.25077264
20200907,2.77,76.93,32.16,22.83,9.33,1.86,4.46,16.25198332,77.25077264
20200908,26.02,81.88,30.04,23.33,6.71,1.74,3.81,16.25198332,77.25077264
20200909,5.79,78.78,30.32,23.24,7.09,1.58,1.95,16.25198332,77.25077264
20200910,2.52,80.97,30.74,22.36,8.38,2.53,2.7,16.25198332,77.25077264
20200911,1.14,83.66,29.28,23.1,6.18,3.7,2.54,16.25198332,77.25077264
20200912,12.01,85.38,29.35,21.88,7.46,2.69,3.15,16.25198332,77.25077264
20200913,20.64,86.34,28.06,21.67,6.39,4.0,3.29,16.25198332,77.25077264
20200914,15.87,85.28,28.22,21.58,6.65,3.93,2.68,16.25198332,77.25077264
20200915,18.78,89.89,26.11,21.29,4.82,4.87,4.52,16.25198332,77.25077264
20200916,12.32,84.67,30.23,21.48,8.75,3.91,4.08,16.25198332,77.25077264
20200917,11.31,88.66,27.64,21.87,5.77,3.49,3.56,16.25198332,77.25077264
20200918,40.84,90.18,28.01,21.83,6.18,3.05,2.59,16.25198332,77.25077264
20200919,9.04,88.36,29.0,22.07,6.93,3.17,3.31,16.25198332,77.25077264
20200920,17.84,91.13,27.56,21.77,5.8,3.22,3.28,16.25198332,77.25077264
20200921,4.33,88.33,27.87,22.12,5.75,2.74,2.5,16.25198332,77.25077264
20200922,1.4,85.87,28.72,21.43,7.28,3.59,3.41,16.25198332,77.25077264
20200923,0.08,82.49,29.91,20.16,9.75,5.24,5.25,16.25198332,77.25077264
20200924,0.07,84.27,30.75,20.95,9.79,3.33,2.97,16.25198332,77.25077264
20200925,14.56,89.49,28.48,21.98,6.5,3.84,4.79,16.25198332,77.25077264
20200926,33.93,92.62,26.26,22.71,3.55,5.19,6.24,16.25198332,77.25077264
20200927,3.88,88.04,26.73,21.72,5.01,4.65,5.13,16.25198332,77.25077264
20200928,0.12,81.9,30.04,20.97,9.07,2.87,2.99,16.25198332,77.25077264
20200929,3.22,88.07,28.19,22.59,5.6,3.46,3.59,16.25198332,77.25077264
20200930,24.63,88.68,27.82,22.54,5.28,2.42,2.05,16.25198332,77.25077264
20201001,5.62,83.92,29.04,21.84,7.2,2.93,2.34,16.25198332,77.25077264
20201002,0.84,83.32,29.64,21.24,8.4,1.8,2.07,16.25198332,77.25077264
20201003,0.26,84.23,29.42,22.06,7.36,2.55,4.3,16.25198332,77.25077264
20201004,0.01,87.46,28.12,21.94,6.18,4.26,3.56,16.25198332,77.25077264
20201005,0.03,83.72,28.05,21.42,6.63,4.13,3.92,16.25198332,77.25077264
20201006,0.0,81.03,30.44,21.97,8.47,3.88,3.88,16.25198332,77.25077264
20201007,0.02,80.47,30.28,21.02,9.26,4.19,6.11,16.25198332,77.25077264
20201008,0.0,78.49,29.99,20.07,9.92,1.89,2.63,16.25198332,77.25077264
20201009,1.94,80.35,29.95,22.29,7.66,2.0,3.28,16.25198332,77.25077264
20201010,10.48,86.32,28.37,22.67,5.7,2.0,4.75,16.25198332,77.25077264
20201011,12.3,91.39,26.56,22.29,4.27,3.42,3.03,16.25198332,77.25077264
20201012,3.25,90.4,27.62,22.13,5.49,2.94,2.76,16.25198332,77.25077264
20201013,44.05,88.5,28.49,22.12,6.37,3.31,3.2,16.25198332,77.25077264
20201014,27.73,91.05,28.41,22.46,5.95,3.23,2.05,16.25198332,77.25077264
20201015,2.3,87.09,29.51,22.35,7.16,4.48,3.33,16.25198332,77.25077264
20201016,0.11,84.71,29.36,20.82,8.54,2.63,3.59,16.25198332,77.25077264
20201017,1.4,82.01,29.44,21.6,7.84,2.3,3.34,16.25198332,77.25077264
20201018,8.83,85.46,28.88,22.25,6.63,2.92,4.47,16.25198332,77.25077264
20201019,6.83,86.63,28.94,21.83,7.11,1.84,2.65,16.25198332,77.25077264
20201020,12.48,91.29,26.67,22.46,4.22,2.38,3.49,16.25198332,77.25077264
20201021,2.76,87.0,28.35,21.89,6.47,2.02,3.44,16.25198332,77.25077264
20201022,1.18,81.08,29.88,22.24,7.64,1.43,1.76,16.25198332,77.25077264
20201023,0.0,78.55,29.4,21.53,7.87,1.18,2.61,16.25198332,77.25077264
20201024,0.0,76.15,30.23,20.77,9.45,2.15,3.14,16.25198332,77.25077264
20201025,0.15,81.85,28.49,22.21,6.28,1.53,3.42,16.25198332,77.25077264
20201026,0.55,83.41,29.05,21.32,7.73,2.32,2.67,16.25198332,77.25077264
20201027,0.0,81.19,29.03,18.78,10.25,1.66,2.69,16.25198332,77.25077264
20201028,0.0,78.41,28.8,19.06,9.74,1.94,2.25,16.25198332,77.25077264
20201029,0.02,79.22,28.58,18.58,10.0,1.84,1.64,16.25198332,77.25077264
20201030,0.02,78.36,29.64,19.68,9.97,1.34,2.82,16.25198332,77.25077264
20201031,0.0,80.69,29.35,19.43,9.92,1.64,2.62,16.25198332,77.25077264
20201101,0.0,75.56,28.77,17.91,10.86,1.09,3.17,16.25198332,77.25077264
20201102,0.0,82.29,29.42,17.76,11.65,0.99,2.64,16.25198332,77.25077264
20201103,0.0,82.21,29.79,19.86,9.92,1.92,2.11,16.25198332,77.25077264
20201104,0.0,75.61,29.05,18.26,10.8,2.45,3.52,16.25198332,77.25077264
20201105,0.0,67.85,28.72,15.5,13.22,2.53,3.46,16.25198332,77.25077264
20201106,0.09,78.62,28.5,15.85,12.65,1.57,3.67,16.25198332,77.25077264
20201107,0.64,86.27,28.84,20.83,8.0,2.78,1.54,16.25198332,77.25077264
20201108,0.0,83.79,28.76,20.22,8.54,2.41,2.49,16.25198332,77.25077264
20201109,0.0,74.25,27.24,16.24,11.0,1.22,2.32,16.25198332,77.25077264
20201110,0.0,75.54,26.56,13.06,13.5,2.11,4.02,16.25198332,77.25077264
20201111,0.17,80.63,28.08,13.63,14.44,2.57,2.49,16.25198332,77.25077264
20201112,0.76,87.26,28.44,20.05,8.38,3.22,1.67,16.25198332,77.25077264
20201113,0.01,85.29,28.97,21.01,7.96,2.79,1.05,16.25198332,77.25077264
20201114,0.0,81.89,29.17,19.91,9.26,2.46,2.43,16.25198332,77.25077264
20201115,0.36,83.23,28.94,18.7,10.24,3.51,3.13,16.25198332,77.25077264
20201116,0.32,85.97,28.99,21.86,7.12,4.16,3.25,16.25198332,77.25077264
20201117,0.1,83.61,29.07,21.09,7.98,3.38,2.35,16.25198332,77.25077264
20201118,0.04,83.48,29.22,19.68,9.54,2.27,2.51,16.25198332,77.25077264
20201119,0.0,80.32,29.32,19.84,9.48,2.44,2.43,16.25198332,77.25077264
20201120,0.0,79.26,29.57,19.06,10.5,2.6,3.18,16.25198332,77.25077264
20201121,0.0,77.27,29.05,18.43,10.62,2.44,5.51,16.25198332,77.25077264
20201122,0.0,83.1,27.43,20.06,7.37,2.3,2.84,16.25198332,77.25077264
20201123,0.0,81.08,27.57,20.15,7.42,1.8,4.22,16.25198332,77.25077264
20201124,0.0,78.44,28.19,18.25,9.94,2.08,2.31,16.25198332,77.25077264
20201125,0.26,79.29,28.97,17.84,11.12,4.0,3.16,16.25198332,77.25077264
20201126,3.79,87.58,23.93,19.36,4.57,3.28,2.76,16.25198332,77.25077264
20201127,2.95,85.12,24.44,18.67,5.78,3.44,2.52,16.25198332,77.25077264
20201128,4.8,85.06,27.87,19.02,8.84,3.98,3.48,16.25198332,77.25077264
20201129,0.06,83.06,28.66,20.11,8.55,2.71,1.47,16.25198332,77.25077264
20201130,0.0,77.14,29.01,19.35,9.66,2.05,2.53,16.25198332,77.25077264
20201201,0.0,76.28,28.37,17.42,10.95,2.38,3.54,16.25198332,77.25077264
20201202,0.0,75.89,28.24,16.07,12.17,3.0,4.2,16.25198332,77.25077264
20201203,0.0,76.38,29.2,15.74,13.46,1.78,3.38,16.25198332,77.25077264
20201204,0.0,77.92,29.97,16.56,13.42,2.42,3.0,16.25198332,77.25077264
20201205,0.0,74.68,29.77,17.8,11.97,3.03,2.78,16.25198332,77.25077264
20201206,0.0,73.53,29.77,15.85,13.92,2.67,3.02,16.25198332,77.25077264
20201207,0.12,71.19,30.14,16.88,13.26,2.94,2.91,16.25198332,77.25077264
20201208,0.6,70.22,30.34,17.25,13.09,2.64,4.07,16.25198332,77.25077264
20201209,0.06,67.88,29.96,17.15,12.81,1.64,4.07,16.25198332,77.25077264
20201210,0.01,68.78,29.67,15.91,13.76,2.45,5.41,16.25198332,77.25077264
20201211,0.0,67.48,30.0,15.84,14.16,2.04,6.03,16.25198332,77.25077264
20201212,0.0,65.9,29.65,15.1,14.55,2.01,4.17,16.25198332,77.25077264
20201213,0.0,67.9,29.22,15.05,14.17,1.98,5.84,16.25198332,77.25077264
20201214,0.0,69.04,29.46,15.03,14.43,2.29,5.65,16.25198332,77.25077264
20201215,0.0,67.16,29.24,15.67,13.58,2.93,3.63,16.25198332,77.25077264
20201216,0.0,73.82,29.67,16.93,12.73,3.11,2.84,16.25198332,77.25077264
20201217,0.0,68.27,30.4,16.98,13.42,2.38,4.97,16.25198332,77.25077264
20201218,0.0,70.48,30.23,17.18,13.05,3.08,5.31,16.25198332,77.25077264
20201219,0.0,68.73,27.77,16.57,11.2,2.8,3.51,16.25198332,77.25077264
20201220,0.0,66.04,28.48,15.11,13.37,2.59,3.97,16.25198332,77.25077264
20201221,0.0,58.29,28.1,12.03,16.07,1.38,5.13,16.25198332,77.25077264
20201222,0.0,61.16,27.74,11.49,16.25,2.02,5.83,16.25198332,77.25077264
20201223,0.0,63.21,28.41,11.89,16.52,2.64,6.54,16.25198332,77.25077264
20201224,0.0,66.0,29.31,13.13,16.18,2.3,5.89,16.25198332,77.25077264
20201225,0.0,67.49,29.27,14.11,15.16,2.19,5.13,16.25198332,77.25077264
20201226,0.0,68.49,28.97,14.15,14.82,2.12,4.55,16.25198332,77.25077264
20201227,0.0,66.37,29.63,14.35,15.28,1.89,5.36,16.25198332,77.25077264
20201228,0.0,66.23,29.78,14.28,15.5,1.62,4.7,16.25198332,77.25077264
20201229,0.0,63.27,30.11,14.18,15.93,2.37,5.7,16.25198332,77.25077264
20201230,0.0,64.91,30.59,15.28,15.32,3.09,5.19,16.25198332,77.25077264
20201231,0.01,68.77,29.19,17.02,12.16,3.12,2.52,16.25198332,77.25077264
20210101,0.03,70.8,29.45,17.62,11.83,3.14,4.07,16.25198332,77.25077264
20210102,0.0,63.93,29.28,16.82,12.46,2.53,4.13,16.25198332,77.25077264
20210103,0.0,62.55,30.2,15.13,15.07,2.47,3.95,16.25198332,77.25077264
20210104,0.0,60.35,30.32,16.19,14.13,2.93,4.06,16.25198332,77.25077264
20210105,0.01,64.77,31.62,17.02,14.61,2.19,3.81,16.25198332,77.25077264
20210106,3.69,75.09,30.54,20.57,9.97,2.74,2.11,16.25198332,77.25077264
20210107,2.78,74.04,29.8,20.97,8.83,2.81,2.51,16.25198332,77.25077264
20210108,0.27,68.5,31.34,19.83,11.51,3.04,2.86,16.25198332,77.25077264
20210109,0.1,64.46,31.94,19.72,12.22,3.51,4.57,16.25198332,77.25077264
20210110,0.0,59.76,32.69,18.43,14.26,2.8,4.07,16.25198332,77.25077264
20210111,0.0,57.27,33.0,18.1,14.9,2.77,4.68,16.25198332,77.25077264
20210112,0.0,56.94,33.64,19.73,13.91,4.83,5.84,16.25198332,77.25077264
20210113,0.0,60.26,32.29,19.29,13.0,4.19,4.74,16.25198332,77.25077264
20210114,0.0,57.67,32.76,18.53,14.23,3.33,5.89,16.25198332,77.25077264
20210115,0.0,57.08,33.13,18.06,15.06,2.88,4.21,16.25198332,77.25077264
20210116,0.0,56.97,32.71,18.81,13.91,2.75,4.62,16.25198332,77.25077264
20210117,0.0,55.2,33.33,19.23,14.1,4.43,5.51,16.25198332,77.25077264
20210118,0.0,56.1,32.65,18.34,14.32,3.26,4.56,16.25198332,77.25077264
20210119,0.0,56.06,33.0,18.52,14.48,2.46,5.04,16.25198332,77.25077264
20210120,0.0,49.26,33.92,17.66,16.27,2.11,4.71,16.25198332,77.25077264
20210121,0.0,43.58,34.48,16.46,18.02,2.28,5.14,16.25198332,77.25077264
20210122,0.0,47.39,33.93,17.88,16.05,3.44,5.56,16.25198332,77.25077264
20210123,0.0,51.17,33.77,18.42,15.35,2.29,5.75,16.25198332,77.25077264
20210124,0.0,45.24,34.76,17.39,17.37,3.2,6.81,16.25198332,77.25077264
20210125,0.0,43.17,34.29,16.42,17.87,2.82,5.6,16.25198332,77.25077264
20210126,0.0,41.11,34.46,16.0,18.46,2.75,5.71,16.25198332,77.25077264
20210127,0.0,42.19,33.84,16.31,17.52,3.18,6.1,16.25198332,77.25077264
20210128,0.0,50.75,32.86,17.73,15.13,2.94,5.01,16.25198332,77.25077264
20210129,0.0,47.72,33.48,18.51,14.96,3.41,5.45,16.25198332,77.25077264
20210130,0.0,44.51,33.75,18.69,15.06,2.94,5.03,16.25198332,77.25077264
20210131,0.0,45.34,33.62,17.69,15.93,3.32,5.65,16.25198332,77.25077264
20210201,0.0,50.9,32.2,18.44,13.76,3.06,4.04,16.25198332,77.25077264
20210202,0.0,45.21,32.36,18.15,14.21,3.01,4.84,16.25198332,77.25077264
20210203,0.0,41.54,32.88,16.44,16.44,2.59,5.89,16.25198332,77.25077264
20210204,0.0,41.11,32.98,15.96,17.03,3.54,6.41,16.25198332,77.25077264
20210205,0.0,40.02,33.13,15.73,17.4,5.11,7.79,16.25198332,77.25077264
20210206,0.0,41.18,33.19,15.75,17.44,3.04,5.23,16.25198332,77.25077264
20210207,0.0,38.39,32.71,15.6,17.11,3.91,5.68,16.25198332,77.25077264
20210208,0.0,28.66,32.51,14.59,17.92,2.41,4.33,16.25198332,77.25077264
20210209,0.0,40.62,33.35,15.22,18.13,1.81,5.06,16.25198332,77.25077264
20210210,0.0,37.13,34.22,14.97,19.25,2.05,5.79,16.25198332,77.25077264
20210211,0.0,39.79,34.17,14.87,19.3,3.75,6.3,16.25198332,77.25077264
20210212,0.0,41.01,33.95,16.2,17.75,2.93,5.75,16.25198332,77.25077264
20210213,0.0,37.19,34.2,16.08,18.12,2.88,5.82,16.25198332,77.25077264
20210214,0.0,35.08,34.24,15.61,18.63,3.38,6.61,16.25198332,77.25077264
20210215,0.0,36.04,34.23,16.11,18.11,3.85,7.53,16.25198332,77.25077264
20210216,0.0,33.35,34.99,16.95,18.04,3.68,6.3,16.25198332,77.25077264
20210217,0.0,35.06,34.57,16.64,17.93,4.03,6.42,16.25198332,77.25077264
20210218,0.15,44.61,32.99,18.26,14.73,3.63,4.28,16.25198332,77.25077264
20210219,0.89,50.23,31.59,19.73,11.86,4.55,5.39,16.25198332,77.25077264
20210220,0.34,51.46,30.84,18.25,12.6,3.89,2.74,16.25198332,77.25077264
20210221,0.54,55.65,31.27,18.57,12.7,3.81,2.6,16.25198332,77.25077264
20210222,0.52,48.56,32.93,18.72,14.21,2.65,4.83,16.25198332,77.25077264
20210223,0.0,39.96,35.42,18.99,16.42,3.78,7.44,16.25198332,77.25077264
20210224,0.0,31.61,36.19,18.05,18.14,1.76,5.24,16.25198332,77.25077264
20210225,0.0,31.76,36.7,17.6,19.1,2.4,5.71,16.25198332,77.25077264
20210226,0.0,27.54,37.0,19.3,17.71,2.55,4.8,16.25198332,77.25077264
20210227,0.0,28.07,37.57,20.03,17.54,3.02,6.78,16.25198332,77.25077264
20210228,0.0,24.97,37.7,19.13,18.57,2.18,4.27,16.25198332,77.25077264
20210301,0.0,27.35,37.92,18.39,19.53,2.12,5.27,16.25198332,77.25077264
20210302,0.0,28.17,38.17,19.82,18.35,4.05,7.9,16.25198332,77.25077264
20210303,0.0,24.61,38.16,19.42,18.74,3.77,7.37,16.25198332,77.25077264
20210304,0.0,25.83,37.6,18.23,19.37,3.33,6.12,16.25198332,77.25077264
20210305,0.0,22.23,37.53,18.01,19.52,3.13,5.47,16.25198332,77.25077264
20210306,0.0,21.99,38.04,17.04,21.0,3.31,7.09,16.25198332,77.25077264
20210307,0.0,24.71,37.85,17.88,19.97,3.89,7.45,16.25198332,77.25077264
20210308,0.0,23.67,38.17,19.43,18.74,3.7,5.67,16.25198332,77.25077264
20210309,0.0,31.42,37.68,18.81,18.87,3.66,5.48,16.25198332,77.25077264
20210310,0.0,27.21,37.9,19.13,18.77,3.11,5.71,16.25198332,77.25077264
20210311,0.0,29.0,37.15,19.12,18.04,2.85,5.14,16.25198332,77.25077264
20210312,0.0,27.23,36.9,19.11,17.79,3.53,6.24,16.25198332,77.25077264
20210313,0.0,22.67,37.45,17.03,20.42,2.56,6.9,16.25198332,77.25077264
20210314,0.0,25.8,38.09,17.82,20.27,2.78,5.78,16.25198332,77.25077264
20210315,0.0,24.86,38.23,18.76,19.48,2.38,4.92,16.25198332,77.25077264
20210316,0.0,27.71,38.43,19.13,19.3,2.93,5.53,16.25198332,77.25077264
20210317,0.0,28.23,38.35,21.06,17.3,3.65,5.35,16.25198332,77.25077264
20210318,0.0,30.22,38.34,22.07,16.27,3.75,6.25,16.25198332,77.25077264
20210319,0.0,27.78,37.16,23.03,14.13,3.56,6.23,16.25198332,77.25077264
20210320,0.0,29.04,37.95,21.34,16.61,3.93,6.01,16.25198332,77.25077264
20210321,0.0,23.93,38.54,20.6,17.94,2.97,5.93,16.25198332,77.25077264
20210322,0.0,28.42,38.38,21.7,16.67,3.49,5.38,16.25198332,77.25077264
20210323,0.0,26.68,39.57,22.85,16.72,3.36,5.96,16.25198332,77.25077264
20210324,0.0,27.07,38.61,21.16,17.45,3.47,4.12,16.25198332,77.25077264
20210325,0.0,27.46,37.42,24.38,13.03,3.3,6.55,16.25198332,77.25077264
20210326,0.0,25.99,38.88,24.88,14.01,2.54,5.62,16.25198332,77.25077264
20210327,0.0,26.98,40.18,23.97,16.2,2.19,4.77,16.25198332,77.25077264
20210328,0.0,24.86,40.25,24.07,16.19,2.91,6.08,16.25198332,77.25077264
20210329,0.0,24.22,40.47,22.99,17.48,2.38,5.02,16.25198332,77.25077264
20210330,0.0,21.83,40.37,22.21,18.16,3.67,5.56,16.25198332,77.25077264
20210331,0.0,14.69,41.67,22.6,19.07,4.29,6.22,16.25198332,77.25077264
20210401,0.0,18.16,41.3,21.7,19.6,3.2,4.3,16.25198332,77.25077264
20210402,0.0,21.63,41.35,23.25,18.1,4.15,4.36,16.25198332,77.25077264
20210403,0.0,19.05,40.99,22.69,18.3,3.24,4.18,16.25198332,77.25077264
20210404,0.0,22.38,41.45,22.99,18.46,3.2,4.39,16.25198332,77.25077264
20210405,0.0,26.28,40.76,23.87,16.89,3.09,6.44,16.25198332,77.25077264
20210406,0.0,29.97,40.82,23.9,16.92,3.41,5.33,16.25198332,77.25077264
20210407,0.0,27.31,40.7,24.42,16.28,3.41,5.51,16.25198332,77.25077264
20210408,0.0,24.29,40.16,25.73,14.43,4.39,6.96,16.25198332,77.25077264
20210409,0.0,27.38,39.42,24.19,15.23,1.88,3.8,16.25198332,77.25077264
20210410,0.0,34.61,39.39,24.26,15.13,3.52,4.13,16.25198332,77.25077264
20210411,0.0,31.88,38.2,24.32,13.88,3.59,5.36,16.25198332,77.25077264
20210412,0.02,33.77,39.44,24.72,14.72,2.23,4.3,16.25198332,77.25077264
20210413,0.05,33.87,39.14,24.84,14.3,1.98,3.69,16.25198332,77.25077264
20210414,0.56,36.21,37.52,26.54,10.98,1.92,4.62,16.25198332,77.25077264
20210415,0.12,30.86,39.37,25.69,13.69,2.16,4.73,16.25198332,77.25077264
20210416,0.0,26.7,39.93,25.11,14.83,3.21,6.37,16.25198332,77.25077264
20210417,0.0,30.68,40.34,25.0,15.35,3.94,6.11,16.25198332,77.25077264
20210418,0.0,28.81,40.71,26.58,14.13,4.05,5.94,16.25198332,77.25077264
20210419,0.01,28.35,41.16,27.01,14.15,4.55,5.31,16.25198332,77.25077264
20210420,0.0,27.38,41.51,27.56,13.95,3.08,5.22,16.25198332,77.25077264
20210421,0.01,27.85,40.98,26.63,14.36,4.49,6.61,16.25198332,77.25077264
20210422,0.31,30.57,40.29,28.1,12.2,3.57,4.26,16.25198332,77.25077264
20210423,23.34,57.85,33.25,24.09,9.17,3.23,3.89,16.25198332,77.25077264
20210424,0.01,46.88,37.93,23.9,14.03,3.26,4.7,16.25198332,77.25077264
20210425,0.0,40.07,39.09,25.98,13.12,3.87,6.45,16.25198332,77.25077264
20210426,0.0,39.23,39.05,26.04,13.0,2.87,4.6,16.25198332,77.25077264
20210427,0.01,36.22,39.16,26.05,13.11,2.82,5.29,16.25198332,77.25077264
20210428,0.01,37.55,38.5,26.1,12.4,3.47,4.59,16.25198332,77.25077264
20210429,0.0,32.54,40.76,28.15,12.61,2.73,5.1,16.25198332,77.25077264
20210430,0.0,32.63,40.19,26.82,13.36,3.74,6.86,16.25198332,77.25077264
