,PRECTOT,RH2M,T2M,WS2M
20100101,0.05,77.15,13.67,0.71
20100102,0.0,73.78,14.7,0.87
20100103,0.0,68.93,15.19,0.55
20100104,0.0,64.91,14.15,0.87
20100105,0.0,70.37,13.91,0.66
20100106,0.0,74.53,14.7,0.81
20100107,0.0,72.39,15.92,1.21
20100108,0.0,70.05,16.37,0.63
20100109,0.0,70.69,15.64,0.57
20100110,0.0,65.86,15.53,0.66
20100111,0.0,63.72,14.64,0.63
20100112,0.0,67.35,13.98,0.73
20100113,0.0,74.14,13.8,1.28
20100114,0.0,75.31,14.29,0.8
20100115,0.0,74.8,15.58,0.57
20100116,0.0,74.63,15.97,0.96
20100117,0.0,69.75,16.65,1.06
20100118,0.0,63.34,17.22,0.6
20100119,0.0,63.35,16.48,0.37
20100120,0.0,66.82,15.67,0.68
20100121,0.0,65.69,16.2,0.86
20100122,0.0,64.85,16.42,0.77
20100123,0.0,61.78,16.49,0.67
20100124,0.0,63.68,16.07,0.99
20100125,0.0,61.74,17.08,1.6
20100126,0.0,57.81,17.44,0.89
20100127,0.0,64.87,16.25,0.98
20100128,0.0,65.0,16.13,0.71
20100129,0.0,64.95,16.25,0.68
20100130,0.0,65.97,16.11,0.9
20100131,0.0,68.22,15.97,1.14
20100201,0.0,67.66,16.03,0.8
20100202,0.0,60.44,16.24,0.94
20100203,0.0,52.12,16.03,0.9
20100204,0.0,58.66,15.23,1.09
20100205,0.0,52.91,15.69,0.98
20100206,0.0,58.42,14.98,1.27
20100207,0.0,62.28,15.86,1.36
20100208,0.0,58.21,17.66,0.67
20100209,0.01,60.52,18.16,0.96
20100210,0.02,58.3,19.64,0.97
20100211,0.02,59.23,19.33,0.72
20100212,0.03,60.51,18.91,1.18
20100213,0.04,58.78,19.87,1.76
20100214,0.01,50.75,18.97,1.55
20100215,0.0,42.84,19.18,0.81
20100216,0.02,50.6,19.87,1.14
20100217,0.0,53.04,20.81,1.43
20100218,0.0,46.55,19.29,2.14
20100219,0.0,44.07,18.57,1.14
20100220,0.0,43.85,18.54,0.8
20100221,0.0,48.94,18.31,0.82
20100222,0.0,55.77,18.39,0.98
20100223,0.0,50.51,20.22,1.21
20100224,0.0,46.45,20.75,1.48
20100225,0.12,46.37,21.82,1.35
20100226,0.0,49.17,21.17,0.76
20100227,0.0,58.29,20.32,0.82
20100228,0.0,59.97,20.79,1.26
20100301,0.52,64.01,21.6,1.21
20100302,0.14,57.11,22.54,1.51
20100303,0.01,40.69,23.72,1.66
20100304,0.52,39.14,23.28,1.39
20100305,0.02,40.48,24.45,2.41
20100306,0.0,38.79,23.81,2.1
20100307,0.0,35.59,23.19,1.72
20100308,0.0,32.85,23.77,1.34
20100309,0.0,34.48,23.53,1.04
20100310,0.0,40.15,22.17,1.06
20100311,0.0,44.42,21.91,1.16
20100312,0.0,37.53,22.96,1.2
20100313,0.0,30.44,23.64,0.94
20100314,0.37,31.52,24.48,1.04
20100315,1.35,41.17,24.15,1.62
20100316,0.6,48.89,24.01,2.58
20100317,0.68,47.77,25.05,1.89
20100318,1.81,42.37,26.79,1.1
20100319,0.0,39.48,26.45,0.83
20100320,0.0,36.77,27.03,0.69
20100321,0.0,33.72,27.79,0.82
20100322,0.01,33.17,28.46,0.91
20100323,0.03,39.55,28.23,1.15
20100324,0.08,36.72,28.22,1.21
20100325,0.05,49.34,27.74,1.56
20100326,0.1,49.27,28.79,1.27
20100327,0.93,50.64,28.63,1.75
20100328,2.11,41.29,29.21,1.7
20100329,0.55,43.69,28.67,1.44
20100330,2.6,39.33,27.29,1.17
20100331,4.64,43.16,27.47,1.63
20100401,0.39,25.68,28.71,2.69
20100402,0.29,36.02,29.21,1.36
20100403,0.89,35.91,29.16,1.34
20100404,1.07,42.6,29.03,1.23
20100405,2.01,34.14,29.26,1.7
20100406,0.31,23.25,29.39,1.46
20100407,0.02,24.72,29.26,1.22
20100408,0.02,33.63,29.01,1.32
20100409,0.05,38.96,28.4,1.41
20100410,0.54,35.61,30.06,1.4
20100411,0.16,37.12,30.08,1.35
20100412,3.93,52.83,29.64,1.64
20100413,18.77,66.69,28.24,1.27
20100414,5.31,68.34,28.55,1.31
20100415,5.0,65.44,29.11,1.42
20100416,3.39,64.63,28.93,1.22
20100417,15.52,66.63,28.45,1.72
20100418,11.66,73.92,27.85,1.56
20100419,11.98,70.07,29.16,1.74
20100420,6.54,53.96,30.45,2.03
20100421,6.0,57.78,30.22,1.36
20100422,2.22,57.59,30.49,1.65
20100423,0.43,53.4,30.61,1.62
20100424,2.64,52.41,30.24,1.76
20100425,4.69,53.58,29.5,1.34
20100426,5.88,63.03,29.01,1.7
20100427,0.09,60.78,27.95,2.46
20100428,2.46,54.37,28.01,1.21
20100429,16.8,69.59,26.99,1.49
20100430,4.89,70.24,27.28,1.1
20100501,4.57,68.55,28.06,1.07
20100502,26.8,77.37,27.72,1.07
20100503,0.5,74.21,26.87,1.27
20100504,0.73,70.09,28.18,1.54
20100505,2.91,69.25,28.39,1.64
20100506,1.49,76.12,26.46,1.32
20100507,4.52,63.48,28.31,0.84
20100508,16.71,72.68,26.68,1.23
20100509,15.04,68.52,28.01,1.32
20100510,1.1,56.36,29.78,1.15
20100511,0.73,51.1,31.14,1.22
20100512,1.71,55.03,30.98,1.29
20100513,1.16,56.57,31.07,1.68
20100514,3.27,59.85,31.25,1.72
20100515,1.92,63.4,30.82,1.48
20100516,7.1,61.24,31.09,1.4
20100517,16.62,75.14,29.12,1.63
20100518,1.6,67.36,29.3,1.6
20100519,5.5,70.28,30.08,2.36
20100520,31.48,82.42,28.8,2.68
20100521,13.28,81.3,28.02,2.69
20100522,1.67,75.53,28.45,2.04
20100523,6.4,75.34,28.64,1.9
20100524,26.39,79.22,28.25,1.9
20100525,13.74,72.03,27.64,0.89
20100526,12.05,73.13,28.39,1.33
20100527,5.09,75.07,27.97,2.22
20100528,1.93,74.96,28.09,2.06
20100529,1.79,73.26,27.89,1.54
20100530,6.97,71.36,29.18,0.78
20100531,15.98,78.49,28.78,1.42
20100601,13.56,77.35,29.47,2.8
20100602,16.44,75.62,30.33,1.79
20100603,44.59,83.56,29.01,1.98
20100604,41.65,86.37,28.21,2.33
20100605,4.71,83.22,29.07,3.15
20100606,5.42,78.54,29.58,2.63
20100607,7.42,75.06,29.29,1.53
20100608,4.44,76.69,29.18,1.49
20100609,3.29,84.14,28.6,1.76
20100610,0.98,83.02,28.57,1.69
20100611,21.39,83.18,28.57,2.03
20100612,9.27,85.01,27.83,1.72
20100613,8.96,83.43,27.82,1.64
20100614,14.61,84.27,28.31,1.68
20100615,20.25,79.22,29.1,1.28
20100616,27.89,80.03,29.15,1.53
20100617,12.81,88.32,28.44,1.78
20100618,5.3,83.03,28.78,1.33
20100619,14.79,83.41,28.18,1.19
20100620,46.07,83.55,28.57,1.29
20100621,32.74,85.98,28.47,1.49
20100622,21.53,87.77,28.43,1.27
20100623,18.22,89.48,28.05,1.19
20100624,8.05,82.35,28.27,0.85
20100625,14.46,83.66,28.61,1.23
20100626,22.18,87.59,27.88,2.22
20100627,68.07,90.88,27.63,1.59
20100628,26.46,86.49,28.45,1.27
20100629,4.05,84.78,28.71,0.86
20100630,4.58,85.96,28.6,1.74
20100701,16.51,85.19,27.85,1.11
20100702,10.77,83.6,28.36,1.05
20100703,7.93,83.87,28.87,1.43
20100704,16.71,85.41,28.53,1.53
20100705,21.1,85.59,28.27,1.58
20100706,26.11,86.51,28.3,1.78
20100707,2.65,86.71,28.61,2.64
20100708,4.37,86.32,28.22,3.04
20100709,21.87,89.34,27.29,2.03
20100710,31.37,87.59,28.71,1.76
20100711,13.05,89.05,28.63,1.61
20100712,22.63,87.06,28.32,1.28
20100713,17.11,85.94,28.63,1.41
20100714,1.2,85.66,28.98,1.19
20100715,2.2,87.04,28.64,1.48
20100716,6.51,87.54,28.25,1.7
20100717,8.15,89.11,28.42,2.3
20100718,20.08,90.34,27.18,1.92
20100719,21.24,84.46,28.21,1.47
20100720,16.02,88.49,27.85,2.4
20100721,12.84,88.76,28.06,2.0
20100722,1.7,89.44,27.91,1.7
20100723,30.47,87.97,28.49,1.73
20100724,17.16,83.8,29.17,1.17
20100725,3.45,85.2,29.14,1.87
20100726,6.31,89.55,27.74,2.01
20100727,1.4,83.32,28.36,1.37
20100728,7.91,83.55,29.0,1.55
20100729,15.88,88.93,28.04,1.7
20100730,16.37,86.49,27.71,1.61
20100731,2.9,82.79,27.63,1.21
20100801,2.23,84.38,28.12,1.51
20100802,4.36,77.25,28.68,1.04
20100803,1.05,82.4,28.58,1.33
20100804,1.56,82.51,28.68,0.84
20100805,0.78,83.09,28.83,2.04
20100806,9.17,83.53,28.63,1.09
20100807,1.22,85.1,28.36,1.34
20100808,0.06,82.03,28.74,1.43
20100809,4.46,82.17,29.06,1.44
20100810,4.57,78.88,29.5,1.12
20100811,1.58,75.57,30.26,0.95
20100812,4.09,88.15,28.59,1.39
20100813,3.09,89.54,28.1,2.12
20100814,12.96,88.44,27.96,1.86
20100815,5.6,85.52,28.69,1.65
20100816,8.44,86.55,28.45,2.02
20100817,74.72,89.84,28.18,2.48
20100818,44.38,90.86,27.94,1.99
20100819,16.16,90.0,27.47,1.44
20100820,14.85,88.73,27.78,1.34
20100821,17.53,90.53,27.52,1.85
20100822,22.39,91.81,27.45,2.32
20100823,21.51,88.1,27.67,1.31
20100824,7.35,84.25,28.64,0.6
20100825,3.61,84.66,28.36,0.76
20100826,10.85,86.88,28.4,1.82
20100827,10.8,92.01,27.22,2.03
20100828,3.46,86.17,27.78,1.15
20100829,3.74,83.93,28.4,0.81
20100830,2.1,86.87,28.43,0.73
20100831,1.81,89.11,27.48,1.26
20100901,13.12,84.14,28.24,0.91
20100902,26.4,84.34,28.55,0.97
20100903,7.21,83.66,28.31,1.07
20100904,2.63,86.54,27.8,1.68
20100905,4.63,87.7,28.11,1.65
20100906,11.32,85.29,28.37,1.13
20100907,9.14,85.97,28.16,1.47
20100908,2.16,88.49,27.64,1.07
20100909,3.77,90.43,27.04,1.03
20100910,30.15,88.76,27.35,1.5
20100911,49.36,91.25,26.97,1.57
20100912,6.4,82.43,27.61,0.68
20100913,4.27,82.6,28.03,0.89
20100914,10.59,90.04,26.84,1.14
20100915,10.5,91.98,25.62,1.02
20100916,5.29,84.51,26.89,0.86
20100917,17.01,91.23,26.0,1.5
20100918,8.42,88.35,26.2,1.45
20100919,9.49,83.46,27.02,0.56
20100920,16.33,84.77,26.96,1.08
20100921,18.81,89.67,26.42,1.1
20100922,0.47,82.43,27.42,0.61
20100923,11.89,78.49,28.12,0.63
20100924,8.93,81.36,27.92,0.71
20100925,6.8,85.32,27.27,1.41
20100926,7.52,88.23,26.78,1.79
20100927,2.09,89.34,26.83,2.09
20100928,0.17,85.36,26.29,1.61
20100929,0.01,79.86,25.64,0.88
20100930,0.01,79.41,25.55,1.15
20101001,2.17,76.38,26.89,0.64
20101002,0.75,82.55,26.77,0.88
20101003,0.0,84.03,26.88,1.05
20101004,0.0,81.81,26.95,1.08
20101005,1.83,81.43,26.87,0.89
20101006,3.73,82.94,25.9,1.14
20101007,23.66,89.33,24.51,2.59
20101008,39.36,91.56,22.52,3.61
20101009,2.62,85.66,23.35,1.5
20101010,11.88,85.71,24.12,1.34
20101011,0.76,83.98,24.29,0.83
20101012,0.0,81.24,24.39,1.27
20101013,0.04,79.25,24.63,1.68
20101014,1.34,83.31,25.31,2.02
20101015,5.26,90.8,24.7,2.36
20101016,14.74,90.74,24.15,1.8
20101017,11.33,90.54,23.92,1.75
20101018,2.2,85.84,25.03,1.63
20101019,0.14,82.15,26.08,1.4
20101020,2.09,81.87,25.58,1.85
20101021,6.38,83.55,24.92,1.73
20101022,2.94,86.03,24.08,2.11
20101023,0.01,81.43,24.79,0.91
20101024,0.16,82.94,24.67,1.0
20101025,0.02,79.56,24.83,0.52
20101026,0.0,81.73,23.94,0.9
20101027,0.0,77.36,23.55,0.76
20101028,0.0,80.31,23.07,0.85
20101029,0.0,84.92,22.05,1.36
20101030,0.0,83.68,21.77,1.97
20101031,0.07,79.13,22.86,1.56
20101101,1.42,73.51,23.36,0.77
20101102,0.12,77.63,22.55,0.52
20101103,0.0,80.56,22.39,0.72
20101104,0.0,83.28,22.49,1.15
20101105,0.0,82.01,22.58,1.79
20101106,0.0,80.24,22.49,1.61
20101107,0.0,80.83,22.54,1.24
20101108,0.0,84.63,22.51,1.38
20101109,0.0,81.8,22.2,1.84
20101110,0.0,79.14,22.27,1.41
20101111,0.0,82.91,21.79,1.39
20101112,1.67,82.14,21.66,0.88
20101113,1.49,83.62,21.78,1.14
20101114,0.7,83.59,21.2,1.35
20101115,0.04,84.64,21.2,1.34
20101116,0.0,83.92,21.8,0.87
20101117,0.27,83.83,22.17,0.85
20101118,0.59,85.38,21.89,0.72
20101119,1.56,86.03,21.68,1.21
20101120,0.2,85.64,20.62,1.75
20101121,0.03,75.54,18.87,0.81
20101122,0.0,76.49,18.36,1.01
20101123,0.0,76.55,18.95,1.0
20101124,0.0,81.22,19.29,0.83
20101125,0.0,84.17,19.78,1.02
20101126,0.0,83.52,20.05,0.83
20101127,0.0,83.55,20.44,0.87
20101128,0.0,84.46,20.38,0.82
20101129,0.0,82.63,19.86,0.93
20101130,0.0,76.87,18.63,0.66
20101201,0.0,78.59,17.96,0.96
20101202,0.0,79.63,18.01,1.36
20101203,0.0,74.75,18.01,1.52
20101204,0.0,70.07,17.92,1.56
20101205,0.0,67.2,17.74,1.66
20101206,0.0,65.4,18.67,1.5
20101207,0.0,61.92,19.87,0.92
20101208,0.4,67.34,19.27,0.59
20101209,4.78,78.1,19.23,0.52
20101210,0.0,72.64,19.36,0.57
20101211,0.0,77.74,18.53,0.92
20101212,0.0,75.91,16.14,1.53
20101213,0.0,74.83,15.59,0.84
20101214,0.0,69.69,15.67,0.57
20101215,0.0,77.5,14.87,0.79
20101216,0.0,76.5,15.84,0.92
20101217,0.0,71.84,16.51,0.71
20101218,0.0,72.9,15.64,0.59
20101219,0.0,74.08,15.5,0.69
20101220,0.0,76.43,15.13,0.77
20101221,0.0,70.26,15.29,0.77
20101222,0.0,70.94,15.27,0.62
20101223,0.0,73.13,15.1,0.64
20101224,0.0,71.91,14.76,0.77
20101225,0.0,81.23,13.91,1.29
20101226,0.0,79.33,14.87,1.2
20101227,0.0,76.65,15.31,0.69
20101228,0.0,77.6,15.0,0.65
20101229,0.0,79.61,14.71,0.9
20101230,0.0,80.89,15.24,0.96
20101231,0.04,80.72,15.36,0.95
20110101,1.95,84.96,14.83,1.05
20110102,0.02,76.7,15.15,0.79
20110103,0.0,82.18,14.44,1.17
20110104,0.0,75.6,14.89,0.72
20110105,0.0,75.34,14.56,0.93
20110106,0.0,74.4,14.93,0.7
20110107,0.0,75.21,15.45,0.58
20110108,0.0,74.53,15.7,0.96
20110109,0.0,68.46,16.06,0.62
20110110,0.0,62.27,14.37,0.81
20110111,0.0,62.61,13.55,0.68
20110112,0.0,57.85,13.35,0.53
20110113,0.0,66.48,12.7,0.88
20110114,0.0,70.59,12.53,0.86
20110115,0.0,76.18,12.86,1.33
20110116,0.12,77.34,13.81,0.86
20110117,0.0,64.07,13.57,1.56
20110118,0.01,64.71,12.48,0.91
20110119,0.03,63.67,12.91,1.05
20110120,0.01,71.96,12.34,1.45
20110121,0.0,71.65,12.61,0.93
20110122,0.0,69.47,13.43,0.69
20110123,0.0,72.71,13.73,0.89
20110124,0.0,75.33,14.09,1.0
20110125,0.0,73.53,15.02,0.96
20110126,0.0,69.07,15.82,1.04
20110127,0.0,61.92,16.9,0.98
20110128,0.0,65.47,15.26,0.91
20110129,0.0,72.27,14.91,1.55
20110130,0.0,68.49,15.83,1.38
20110131,0.0,66.61,17.74,0.87
20110201,0.0,65.13,17.02,0.73
20110202,0.0,72.49,16.5,1.14
20110203,0.0,71.47,16.98,1.21
20110204,0.0,65.54,17.71,1.0
20110205,0.0,66.64,17.5,1.08
20110206,0.0,65.09,18.11,0.8
20110207,0.0,63.98,19.03,0.84
20110208,0.0,59.9,19.24,0.98
20110209,0.0,55.32,19.32,0.91
20110210,0.0,49.81,18.64,0.79
20110211,0.0,60.21,17.45,1.03
20110212,0.0,63.53,17.57,1.03
20110213,0.0,65.16,17.83,1.16
20110214,0.0,58.94,19.2,0.91
20110215,0.01,58.36,20.7,1.17
20110216,10.22,68.52,21.31,1.11
20110217,8.31,70.07,19.92,1.65
20110218,0.02,59.12,18.15,2.4
20110219,0.0,50.99,18.93,1.36
20110220,0.0,49.29,19.26,0.83
20110221,0.19,61.25,17.36,1.06
20110222,0.07,55.67,18.07,1.03
20110223,0.0,56.35,18.22,0.77
20110224,0.0,55.9,18.83,0.7
20110225,0.01,58.51,18.71,1.25
20110226,0.02,54.34,19.88,1.14
20110227,0.0,44.91,20.76,1.16
20110228,0.0,47.16,19.21,0.73
20110301,0.0,54.83,19.1,1.16
20110302,0.0,53.59,19.85,0.89
20110303,0.0,51.21,20.74,0.92
20110304,0.01,50.66,22.31,1.29
20110305,0.01,48.42,22.86,2.21
20110306,0.0,41.82,22.17,1.42
20110307,0.0,50.89,20.5,1.1
20110308,0.0,55.15,20.66,1.25
20110309,0.11,51.24,22.41,1.64
20110310,1.37,44.97,24.52,1.34
20110311,0.19,38.83,24.85,1.52
20110312,0.13,48.82,23.63,1.6
20110313,0.0,38.73,22.96,1.17
20110314,0.05,50.81,21.8,1.48
20110315,0.0,52.96,22.55,1.6
20110316,0.0,40.96,23.62,0.91
20110317,0.08,54.44,23.47,1.71
20110318,5.05,66.01,23.77,1.62
20110319,0.66,57.1,24.96,1.59
20110320,0.12,49.28,26.03,2.26
20110321,0.44,43.6,26.07,2.51
20110322,0.0,28.86,25.38,1.38
20110323,0.0,44.56,24.89,1.11
20110324,0.0,37.06,25.41,1.21
20110325,1.5,35.11,25.82,1.32
20110326,0.46,41.23,26.17,1.17
20110327,0.29,52.54,25.19,2.19
20110328,1.67,62.72,23.2,1.48
20110329,0.33,60.94,23.59,2.47
20110330,1.39,66.42,22.7,2.52
20110331,3.97,66.28,23.7,1.37
20110401,1.89,55.25,24.68,1.18
20110402,0.73,52.72,25.24,1.44
20110403,2.15,58.58,26.14,1.39
20110404,4.33,61.2,26.32,1.21
20110405,0.28,50.71,25.84,1.29
20110406,0.0,39.12,25.75,1.3
20110407,0.0,27.83,26.48,0.98
20110408,0.06,33.88,26.18,1.25
20110409,0.97,40.04,26.69,1.92
20110410,2.79,50.4,26.27,1.54
20110411,0.59,51.25,27.14,1.31
20110412,0.74,49.21,28.17,1.34
20110413,0.64,51.89,28.15,1.79
20110414,2.63,45.96,29.28,1.14
20110415,0.62,41.01,28.76,1.05
20110416,11.38,46.92,28.06,1.22
20110417,1.54,49.21,28.37,0.97
20110418,4.69,56.37,28.58,1.23
20110419,3.5,61.52,28.06,1.41
20110420,1.71,59.54,28.48,1.93
20110421,0.05,42.17,28.8,2.03
20110422,0.12,41.05,28.33,1.15
20110423,0.22,38.21,27.95,1.22
20110424,6.22,54.39,27.61,1.4
20110425,2.42,65.2,24.78,2.12
20110426,0.06,58.91,25.38,1.19
20110427,0.65,47.95,27.75,1.05
20110428,4.6,55.42,27.9,0.76
20110429,0.04,52.98,28.5,1.28
20110430,0.22,53.83,29.18,1.24
20110501,5.76,59.2,29.25,2.12
20110502,12.08,66.38,28.75,2.27
20110503,29.96,73.86,27.62,1.94
20110504,0.51,63.92,26.22,2.47
20110505,0.81,61.57,28.04,1.78
20110506,0.48,62.59,28.99,1.36
20110507,2.07,61.57,29.23,1.46
20110508,10.41,62.62,29.04,1.56
20110509,4.53,51.77,29.62,1.11
20110510,8.31,58.44,28.97,1.66
20110511,13.82,72.06,28.09,1.22
20110512,0.92,64.94,28.95,1.38
20110513,5.89,69.88,28.37,1.86
20110514,19.53,72.38,28.65,1.51
20110515,8.13,72.05,28.92,1.92
20110516,1.16,70.93,28.31,1.85
20110517,4.57,61.06,29.62,1.25
20110518,8.75,62.08,30.35,0.86
20110519,8.37,67.82,28.79,1.14
20110520,13.16,73.03,27.28,1.32
20110521,18.3,78.53,28.18,1.44
20110522,5.37,74.6,28.69,2.24
20110523,12.62,76.94,28.45,2.41
20110524,2.31,70.02,28.74,2.0
20110525,1.42,70.04,28.86,1.01
20110526,0.0,64.29,29.83,1.19
20110527,0.47,71.48,29.69,1.27
20110528,0.66,66.08,29.76,0.99
20110529,5.19,69.85,29.59,1.76
20110530,15.52,77.94,28.36,1.84
20110531,22.72,75.5,28.41,1.27
20110601,7.2,77.87,28.62,2.44
20110602,13.54,83.18,27.66,2.32
20110603,1.92,80.2,28.33,2.9
20110604,6.38,77.35,29.15,2.25
20110605,3.85,73.77,29.49,1.96
20110606,0.81,73.44,29.64,1.68
20110607,1.0,72.33,29.86,1.73
20110608,0.97,66.84,29.95,1.03
20110609,0.01,59.49,30.78,0.69
20110610,0.0,56.19,31.75,1.32
20110611,9.57,70.25,30.51,1.73
20110612,2.23,66.58,29.69,2.07
20110613,3.3,58.1,30.56,0.87
20110614,8.37,65.79,30.47,1.25
20110615,14.08,80.34,27.83,1.86
20110616,4.83,74.36,29.06,3.51
20110617,9.2,79.43,27.76,4.41
20110618,14.77,79.53,28.45,3.09
20110619,3.44,83.31,28.3,2.3
20110620,2.56,72.53,29.92,1.63
20110621,1.01,73.11,30.11,1.61
20110622,6.96,75.05,30.13,1.64
20110623,26.04,80.55,29.87,1.83
20110624,27.44,83.56,29.27,1.34
20110625,7.15,76.52,29.87,1.03
20110626,25.84,87.28,28.36,1.23
20110627,55.57,87.78,28.06,1.29
20110628,14.22,82.63,28.26,1.74
20110629,30.21,84.46,28.15,1.26
20110630,24.29,89.6,27.79,1.98
20110701,24.96,87.28,28.19,2.01
20110702,25.8,89.12,27.95,2.87
20110703,10.66,87.06,27.62,2.03
20110704,8.81,85.23,27.77,1.53
20110705,6.94,83.01,27.68,1.33
20110706,2.22,83.53,27.94,1.84
20110707,3.54,83.53,28.12,2.39
20110708,1.8,84.28,28.14,2.46
20110709,11.75,84.74,28.29,2.51
20110710,23.72,84.1,28.88,1.63
20110711,5.72,82.7,29.37,1.05
20110712,2.82,82.58,29.36,0.88
20110713,4.58,82.61,29.03,1.86
20110714,11.3,83.86,28.99,1.66
20110715,13.8,88.13,27.93,1.59
20110716,5.82,86.19,27.76,1.71
20110717,2.89,82.26,28.51,1.71
20110718,12.15,86.24,28.83,1.75
20110719,21.93,92.54,27.48,1.81
20110720,11.32,89.18,27.67,1.73
20110721,3.59,85.09,28.43,2.71
20110722,14.0,85.36,28.18,2.28
20110723,5.59,84.31,27.9,1.5
20110724,9.18,81.65,28.54,1.24
20110725,2.5,81.14,29.29,0.71
20110726,27.55,87.27,27.97,1.98
20110727,30.03,87.11,28.09,2.11
20110728,20.11,86.18,28.54,1.85
20110729,12.6,87.55,28.19,1.98
20110730,7.43,84.52,28.25,1.22
20110731,0.95,85.77,28.75,1.67
20110801,9.87,79.65,30.1,0.74
20110802,5.96,81.81,30.41,1.35
20110803,12.47,83.86,29.45,1.55
20110804,30.01,86.11,28.71,1.29
20110805,48.2,86.42,28.84,1.36
20110806,21.32,88.61,28.0,1.59
20110807,10.32,89.39,27.59,2.58
20110808,19.73,85.21,27.5,2.71
20110809,47.37,90.57,26.46,2.0
20110810,30.6,85.85,26.98,1.75
20110811,2.44,84.02,27.84,1.64
20110812,3.63,89.01,27.06,1.51
20110813,23.79,91.32,26.65,1.34
20110814,14.96,89.35,26.63,1.38
20110815,32.34,87.85,26.82,1.61
20110816,135.97,93.88,26.11,2.21
20110817,42.42,89.13,26.01,2.21
20110818,13.71,86.72,26.98,1.25
20110819,3.06,86.93,27.39,1.14
20110820,0.34,80.19,28.68,0.61
20110821,7.55,84.81,28.51,1.37
20110822,6.15,89.59,27.43,1.86
20110823,8.9,84.8,28.02,1.09
20110824,21.08,84.81,27.7,0.97
20110825,5.08,83.17,28.02,0.83
20110826,0.35,80.89,28.52,1.09
20110827,0.97,81.43,28.63,0.95
20110828,0.45,80.12,29.0,1.27
20110829,0.01,81.31,28.98,1.19
20110830,1.95,75.82,29.69,0.78
20110831,1.87,79.36,29.2,0.84
20110901,1.21,84.53,28.43,1.46
20110902,1.45,83.98,27.81,1.26
20110903,0.42,82.02,28.18,1.09
20110904,0.14,80.13,29.16,1.21
20110905,2.86,84.3,28.66,0.72
20110906,4.9,86.3,28.19,0.86
20110907,7.54,87.28,27.88,1.49
20110908,3.47,87.09,27.53,1.99
20110909,6.0,85.67,27.74,2.08
20110910,8.23,86.91,27.75,1.25
20110911,1.1,78.48,28.98,0.67
20110912,0.8,83.14,28.57,1.4
20110913,4.67,81.14,29.04,1.48
20110914,9.76,87.34,27.84,1.34
20110915,8.15,85.68,27.53,1.47
20110916,62.17,90.6,26.96,1.68
20110917,46.39,90.45,26.61,1.63
20110918,67.02,91.13,26.71,1.79
20110919,6.52,84.06,27.73,1.36
20110920,1.45,85.0,27.94,0.91
20110921,3.22,88.77,26.99,1.06
20110922,4.42,90.42,25.73,1.6
20110923,8.71,85.69,26.74,1.03
20110924,10.73,88.59,26.67,1.3
20110925,10.92,85.36,27.08,1.31
20110926,29.4,89.77,25.76,1.13
20110927,26.67,88.91,25.34,1.06
20110928,0.98,79.86,26.82,0.61
20110929,0.03,79.23,26.88,0.48
20110930,0.0,77.23,27.83,0.59
20111001,0.0,79.26,27.8,0.55
20111002,0.58,78.78,27.07,0.66
20111003,0.18,79.5,27.11,1.06
20111004,0.03,82.07,27.09,1.14
20111005,0.0,83.21,26.07,2.08
20111006,0.0,79.87,26.13,1.27
20111007,0.28,80.23,26.27,1.02
20111008,0.12,80.51,26.33,0.99
20111009,0.01,80.91,25.42,1.33
20111010,0.01,79.06,25.66,1.03
20111011,0.0,78.65,25.78,0.8
20111012,0.0,78.2,26.18,0.5
20111013,0.0,81.68,25.89,0.58
20111014,0.0,82.2,25.29,0.77
20111015,0.0,80.39,25.48,0.53
20111016,1.93,80.03,25.81,0.68
20111017,0.48,81.79,25.95,1.02
20111018,0.09,80.84,26.48,0.86
20111019,0.35,80.07,25.91,0.54
20111020,0.0,83.94,25.11,1.36
20111021,3.92,78.72,25.5,0.8
20111022,1.12,72.68,24.54,0.64
20111023,0.0,73.78,24.2,0.58
20111024,0.0,83.36,23.56,1.03
20111025,0.0,80.85,22.8,1.5
20111026,0.0,76.71,23.59,0.87
20111027,0.0,80.2,23.68,0.82
20111028,0.18,83.29,22.93,0.86
20111029,0.0,79.91,22.6,1.15
20111030,0.0,78.91,22.44,0.58
20111031,0.02,80.28,22.04,0.71
20111101,0.79,80.46,21.7,0.71
20111102,0.67,79.34,21.42,0.75
20111103,0.0,81.64,20.72,1.28
20111104,0.0,77.32,20.31,1.56
20111105,0.0,74.85,20.83,1.3
20111106,0.02,80.97,20.54,1.26
20111107,0.0,79.92,20.37,1.64
20111108,0.0,75.58,20.46,1.11
20111109,0.0,72.54,20.41,1.09
20111110,0.0,72.49,20.67,0.89
20111111,0.42,78.8,21.13,0.8
20111112,0.36,82.14,21.71,0.82
20111113,0.0,82.66,21.46,0.86
20111114,0.01,85.74,20.74,0.81
20111115,0.61,83.3,20.4,1.03
20111116,1.61,80.38,20.65,0.79
20111117,0.1,83.8,19.61,1.01
20111118,0.0,82.03,19.4,1.35
20111119,0.0,82.12,19.52,1.49
20111120,0.0,78.76,19.34,1.83
20111121,0.0,76.81,19.93,1.75
20111122,0.0,77.53,20.08,1.49
20111123,0.0,77.17,19.56,1.99
20111124,0.0,71.56,19.78,1.58
20111125,0.0,71.21,19.75,1.22
20111126,0.0,73.6,19.49,1.04
20111127,0.0,72.97,19.49,0.72
20111128,0.0,75.9,19.19,0.68
20111129,0.0,75.95,18.98,0.53
20111130,0.0,80.26,19.26,0.71
20111201,0.0,81.71,20.56,1.34
20111202,0.0,79.32,20.55,1.08
20111203,0.12,81.59,20.09,0.97
20111204,0.86,80.68,19.82,1.06
20111205,0.08,78.28,19.74,0.42
20111206,0.0,79.97,19.61,0.77
20111207,0.0,82.8,19.61,1.18
20111208,0.0,81.46,19.79,0.76
20111209,0.0,81.72,19.25,0.68
20111210,0.0,76.69,18.08,0.84
20111211,0.0,77.43,17.67,0.78
20111212,0.0,77.32,17.22,0.88
20111213,0.0,75.72,16.0,0.52
20111214,0.0,78.14,15.39,0.67
20111215,0.0,81.7,15.34,0.84
20111216,0.0,80.24,15.46,0.93
20111217,0.0,82.44,14.61,1.1
20111218,0.0,73.95,15.34,0.83
20111219,0.0,74.34,15.28,0.66
20111220,0.0,75.65,15.23,0.6
20111221,0.0,75.08,14.28,0.55
20111222,0.0,73.79,14.28,0.64
20111223,0.0,71.87,14.18,0.6
20111224,0.0,73.39,14.45,1.04
20111225,0.0,73.25,15.33,1.41
20111226,0.0,66.19,16.52,1.23
20111227,0.0,71.33,16.71,1.53
20111228,0.0,73.23,17.46,1.39
20111229,0.0,72.96,17.42,1.26
20111230,0.0,71.94,16.95,0.92
20111231,0.0,72.26,16.38,0.96
20120101,0.01,71.41,16.91,1.03
20120102,5.89,84.29,15.56,1.24
20120103,0.04,78.24,15.91,0.61
20120104,0.0,73.47,16.14,0.81
20120105,0.0,72.17,15.85,0.59
20120106,0.0,77.94,15.17,1.11
20120107,0.0,73.7,15.7,1.16
20120108,0.01,75.27,15.61,1.41
20120109,0.02,72.71,16.52,2.11
20120110,0.26,69.58,16.98,1.29
20120111,0.41,68.51,16.38,0.49
20120112,0.01,65.34,14.9,0.6
20120113,0.0,64.48,13.76,1.03
20120114,0.0,65.9,13.06,0.76
20120115,0.13,62.93,13.74,0.66
20120116,0.02,69.0,14.15,0.87
20120117,0.02,66.6,15.1,1.18
20120118,0.25,59.74,16.48,1.27
20120119,0.78,64.32,15.61,0.87
20120120,1.93,70.81,14.96,1.21
20120121,0.0,70.82,15.74,1.41
20120122,0.0,68.22,13.57,0.7
20120123,0.0,65.52,13.66,0.66
20120124,0.0,59.18,13.44,0.68
20120125,0.0,56.56,14.24,0.63
20120126,0.0,56.33,14.73,0.8
20120127,0.0,57.69,15.03,0.67
20120128,0.0,60.71,15.01,0.85
20120129,0.0,65.69,14.39,0.87
20120130,0.0,64.53,14.35,0.82
20120131,0.0,59.48,14.61,0.66
20120201,0.0,53.61,14.54,0.8
20120202,0.0,56.74,13.72,0.73
20120203,0.0,56.97,15.13,0.54
20120204,0.0,62.34,15.32,1.07
20120205,0.0,56.75,16.78,0.97
20120206,0.0,55.96,17.55,0.91
20120207,0.0,61.6,17.32,0.9
20120208,0.28,65.96,17.51,1.42
20120209,5.2,73.26,17.9,1.25
20120210,0.0,52.03,16.41,1.26
20120211,0.0,45.96,15.93,0.97
20120212,0.0,50.1,15.04,0.71
20120213,0.0,53.45,16.33,0.74
20120214,0.0,52.02,18.48,0.82
20120215,0.0,55.82,19.11,0.89
20120216,0.0,58.77,19.26,1.14
20120217,0.0,61.42,19.99,0.89
20120218,0.0,51.62,20.3,0.93
20120219,0.0,45.62,18.99,0.85
20120220,0.0,48.04,18.19,0.99
20120221,0.0,52.88,18.37,1.03
20120222,0.0,55.8,19.64,1.11
20120223,0.0,53.32,21.18,1.2
20120224,0.0,50.16,21.27,0.93
20120225,0.0,45.47,21.83,0.84
20120226,0.0,39.28,21.36,1.67
20120227,0.0,39.12,19.65,1.09
20120228,0.08,37.84,20.19,1.22
20120229,5.4,44.55,21.13,1.43
20120301,0.01,44.43,20.47,1.26
20120302,0.0,36.34,20.39,1.2
20120303,0.01,38.62,20.38,1.0
20120304,0.08,47.8,19.56,1.28
20120305,0.0,53.49,20.23,1.6
20120306,0.0,50.64,22.29,1.37
20120307,0.03,41.74,23.96,1.95
20120308,0.18,33.04,23.18,1.97
20120309,0.0,28.61,22.59,0.96
20120310,0.0,36.91,22.47,1.15
20120311,0.0,25.94,22.89,1.02
20120312,0.0,24.34,22.51,0.98
20120313,0.62,41.99,22.18,1.46
20120314,0.41,54.59,21.94,1.41
20120315,0.0,40.83,22.32,1.51
20120316,0.32,34.8,22.26,0.91
20120317,0.0,39.13,22.69,1.17
20120318,0.01,47.4,22.87,2.08
20120319,0.0,43.88,25.1,1.1
20120320,0.0,45.48,26.25,0.94
20120321,0.0,38.86,27.27,1.3
20120322,0.69,27.65,25.9,2.01
20120323,0.0,26.63,23.59,0.93
20120324,0.0,33.33,23.67,1.48
20120325,0.0,36.38,24.34,1.35
20120326,0.16,38.14,25.98,1.05
20120327,0.32,37.01,27.43,1.2
20120328,0.03,37.74,27.44,1.41
20120329,1.43,32.71,27.47,1.84
20120330,0.02,23.14,27.43,1.39
20120331,0.06,33.31,27.02,1.95
20120401,0.03,33.42,28.29,1.02
20120402,0.02,35.24,28.22,1.08
20120403,0.45,36.81,29.46,1.17
20120404,6.55,49.94,28.59,1.03
20120405,1.61,50.51,28.28,1.54
20120406,9.67,68.37,25.39,1.22
20120407,4.93,70.96,24.95,2.51
20120408,17.98,70.66,25.12,1.64
20120409,10.52,75.2,23.96,1.97
20120410,6.79,68.04,22.77,2.66
20120411,13.95,70.65,24.08,1.36
20120412,22.76,74.03,25.16,1.6
20120413,20.28,68.91,26.02,1.5
20120414,4.09,62.08,26.58,1.2
20120415,11.74,55.38,27.03,1.29
20120416,1.28,49.39,26.59,2.26
20120417,1.89,48.22,27.05,1.55
20120418,1.1,50.22,27.71,1.36
20120419,2.07,51.27,28.35,1.36
20120420,9.92,59.18,27.82,1.14
20120421,1.48,66.24,27.59,1.42
20120422,2.49,50.39,28.46,2.93
20120423,0.07,36.73,28.42,3.33
20120424,0.23,40.99,29.17,2.24
20120425,0.65,42.98,29.44,1.65
20120426,1.68,56.07,29.25,1.57
20120427,2.06,47.14,29.79,1.99
20120428,1.14,39.52,29.65,2.25
20120429,1.59,35.14,29.93,1.86
20120430,35.26,53.45,28.51,1.2
20120501,10.65,64.61,27.97,1.98
20120502,6.97,66.27,28.17,1.47
20120503,3.5,62.93,27.74,1.17
20120504,0.67,66.52,25.78,1.89
20120505,0.01,60.7,25.82,1.28
20120506,0.01,50.99,28.01,0.84
20120507,0.1,48.42,28.49,1.24
20120508,6.75,50.88,28.93,1.12
20120509,5.52,57.59,29.74,1.01
20120510,3.36,69.28,28.64,0.9
20120511,1.11,63.38,29.62,1.25
20120512,23.0,71.7,28.72,1.41
20120513,4.94,68.35,29.16,2.31
20120514,0.34,49.19,30.64,1.53
20120515,1.15,49.58,31.19,1.47
20120516,2.25,53.83,30.51,1.32
20120517,2.42,61.39,30.14,1.7
20120518,0.1,63.33,29.79,1.63
20120519,2.22,62.73,30.36,1.5
20120520,18.25,68.22,29.91,1.06
20120521,0.04,62.63,30.58,1.48
20120522,0.9,59.28,31.57,1.64
20120523,3.83,57.57,31.3,1.36
20120524,6.8,61.68,30.89,1.82
20120525,5.65,66.2,30.75,1.43
20120526,10.52,70.0,30.47,1.39
20120527,8.8,73.95,29.97,1.61
20120528,8.53,75.22,28.94,0.72
20120529,9.44,75.72,29.75,1.12
20120530,10.44,72.96,30.38,1.25
20120531,10.9,76.46,29.7,1.73
20120601,15.21,76.62,29.25,1.87
20120602,8.72,77.01,29.51,1.93
20120603,19.54,76.75,30.53,2.76
20120604,8.87,75.1,30.55,1.92
20120605,7.66,71.33,30.38,1.68
20120606,6.15,72.91,29.48,1.19
20120607,1.48,75.13,29.68,1.73
20120608,0.75,70.49,30.59,1.41
20120609,11.49,71.49,30.64,1.26
20120610,5.54,70.72,31.01,2.06
20120611,7.49,74.13,30.11,2.23
20120612,2.44,74.86,30.05,1.84
20120613,2.37,71.45,30.74,2.58
20120614,12.07,72.74,30.82,2.75
20120615,9.32,78.88,30.15,2.71
20120616,23.48,85.78,28.75,2.67
20120617,42.01,83.86,27.55,1.7
20120618,15.26,77.98,29.15,0.91
20120619,0.77,76.72,29.79,1.27
20120620,8.88,79.42,29.81,1.47
20120621,11.42,90.79,28.46,1.72
20120622,19.14,85.39,28.84,1.98
20120623,23.86,85.51,28.53,1.71
20120624,31.56,93.19,27.74,2.09
20120625,36.52,86.65,28.45,3.07
20120626,22.87,86.85,28.26,2.25
20120627,8.55,84.91,28.92,1.71
20120628,2.0,85.95,28.78,1.55
20120629,0.07,82.43,29.24,1.75
20120630,0.27,76.08,30.15,1.18
20120701,3.32,83.09,29.07,1.34
20120702,18.52,83.06,29.18,1.18
20120703,12.71,82.94,28.69,1.22
20120704,34.76,86.93,28.34,2.01
20120705,60.85,86.36,28.77,1.62
20120706,25.81,86.16,28.62,1.18
20120707,4.83,84.21,28.82,1.4
20120708,1.64,84.27,28.41,1.31
20120709,10.7,84.55,28.92,1.99
20120710,7.27,85.2,28.76,2.0
20120711,20.9,89.82,27.72,1.84
20120712,15.65,90.21,28.37,1.68
20120713,31.75,92.66,28.16,2.73
20120714,22.93,86.93,28.74,2.73
20120715,30.18,92.1,28.03,2.48
20120716,13.7,92.24,27.73,2.13
20120717,11.89,88.48,28.35,2.61
20120718,8.7,87.28,28.69,2.29
20120719,8.79,85.7,29.04,1.06
20120720,10.39,84.04,29.41,1.49
20120721,6.58,88.4,28.62,1.47
20120722,17.43,86.95,28.87,1.91
20120723,26.16,88.42,28.95,2.29
20120724,17.65,90.32,28.25,1.5
20120725,8.01,88.07,28.24,1.01
20120726,1.2,84.98,29.01,0.8
20120727,12.15,88.05,28.65,1.69
20120728,9.46,88.08,28.47,1.72
20120729,8.08,86.69,28.37,1.72
20120730,1.29,84.72,28.7,1.49
20120731,2.56,82.96,29.3,1.21
20120801,5.04,87.2,28.7,1.63
20120802,3.92,86.42,28.78,0.96
20120803,1.34,84.42,29.0,0.7
20120804,5.72,83.77,29.49,0.86
20120805,16.79,87.0,28.25,1.08
20120806,7.47,85.08,29.17,1.46
20120807,7.73,88.82,28.26,1.47
20120808,6.75,87.21,28.28,0.64
20120809,1.96,82.15,29.53,0.62
20120810,4.68,86.89,29.0,1.09
20120811,3.43,86.88,28.12,1.1
20120812,17.56,87.47,27.85,1.18
20120813,3.98,81.23,28.74,0.89
20120814,1.61,81.51,29.29,1.21
20120815,1.94,78.44,29.76,0.77
20120816,1.42,79.92,30.34,0.65
20120817,2.1,85.96,29.4,0.97
20120818,1.02,87.73,28.61,1.41
20120819,2.2,88.76,28.31,1.94
20120820,6.32,90.65,27.62,1.97
20120821,41.51,92.19,27.31,1.34
20120822,23.4,90.86,27.33,1.3
20120823,23.98,87.17,28.15,1.46
20120824,16.28,86.24,28.14,1.07
20120825,3.3,84.38,28.48,0.7
20120826,0.47,88.68,27.92,1.7
20120827,0.6,87.03,28.03,1.46
20120828,4.02,87.68,28.32,1.26
20120829,1.39,90.43,28.0,1.38
20120830,1.53,88.65,27.96,2.11
20120831,1.85,89.61,27.74,2.14
20120901,3.27,88.13,28.09,1.31
20120902,16.2,79.1,29.22,0.71
20120903,15.76,84.59,27.72,2.68
20120904,9.98,86.36,26.78,2.42
20120905,3.13,84.27,28.2,1.25
20120906,4.07,83.48,28.14,1.36
20120907,1.55,78.91,29.11,0.85
20120908,1.44,78.34,30.38,0.83
20120909,3.35,91.5,27.81,1.37
20120910,4.33,90.52,27.26,1.16
20120911,12.85,91.16,27.75,1.45
20120912,10.77,93.56,27.14,1.77
20120913,26.96,92.0,27.2,1.62
20120914,46.48,92.23,26.22,1.89
20120915,32.96,89.83,26.8,1.43
20120916,26.72,87.62,27.22,1.12
20120917,10.85,89.59,26.91,0.73
20120918,10.46,90.62,27.18,1.48
20120919,42.17,93.64,27.1,2.03
20120920,20.59,91.77,27.41,1.87
20120921,15.86,92.13,27.06,2.34
20120922,17.31,91.47,27.33,2.29
20120923,7.59,88.6,27.12,2.07
20120924,1.2,88.4,26.5,1.85
20120925,0.03,85.03,26.62,1.11
20120926,0.48,82.74,27.37,0.94
20120927,0.37,85.05,27.29,1.04
20120928,0.06,85.12,27.46,1.13
20120929,1.8,84.36,27.89,1.01
20120930,7.26,87.13,27.11,1.74
20121001,12.66,88.91,26.67,1.71
20121002,7.03,89.1,26.97,1.9
20121003,4.07,87.26,27.05,1.76
20121004,2.12,85.73,26.55,1.61
20121005,0.89,87.71,25.59,1.77
20121006,0.23,81.47,25.43,1.12
20121007,0.0,80.81,26.24,0.98
20121008,0.11,81.0,26.81,1.18
20121009,50.13,86.83,25.21,1.4
20121010,9.45,79.86,25.93,0.65
20121011,1.62,83.63,25.52,1.24
20121012,0.01,86.26,24.76,2.09
20121013,0.0,85.29,23.81,1.75
20121014,0.12,84.4,23.5,1.1
20121015,0.06,78.89,23.7,0.84
20121016,0.0,73.06,24.44,0.53
20121017,0.0,72.3,25.06,0.68
20121018,0.0,75.44,24.35,1.0
20121019,0.0,80.29,23.13,1.14
20121020,0.0,77.17,22.52,0.91
20121021,0.0,78.77,22.33,0.81
20121022,0.0,82.08,22.65,0.74
20121023,0.0,78.99,22.02,0.94
20121024,0.01,80.78,21.17,1.22
20121025,0.01,81.88,21.25,1.05
20121026,0.0,75.51,21.48,0.75
20121027,0.0,75.41,22.14,0.54
20121028,0.0,79.95,23.13,0.66
20121029,0.0,76.79,23.32,0.59
20121030,0.0,73.88,24.28,0.57
20121031,0.0,76.28,24.02,0.59
20121101,0.0,72.13,22.97,1.01
20121102,0.0,69.02,20.74,1.04
20121103,0.0,66.94,20.68,0.73
20121104,0.82,70.1,20.5,0.82
20121105,1.19,72.6,21.15,0.84
20121106,2.93,74.4,21.05,0.87
20121107,0.02,78.18,19.77,1.4
20121108,0.0,79.01,18.95,0.79
20121109,0.0,78.92,19.31,0.73
20121110,0.0,77.33,20.22,0.39
20121111,0.0,80.28,20.92,0.58
20121112,0.0,79.58,21.75,0.79
20121113,0.0,77.88,22.32,0.84
20121114,0.0,77.01,20.18,1.11
20121115,0.0,72.23,19.44,0.74
20121116,0.0,79.11,20.47,0.92
20121117,0.0,71.04,21.81,1.13
20121118,0.0,70.54,22.14,0.8
20121119,0.0,70.81,20.3,0.84
20121120,0.0,71.48,19.96,1.38
20121121,0.0,69.98,18.5,1.24
20121122,0.0,74.8,17.38,1.19
20121123,0.0,74.26,16.98,1.09
20121124,0.0,74.77,16.31,1.28
20121125,0.0,73.82,15.81,1.21
20121126,0.0,75.46,16.15,0.76
20121127,0.0,75.33,15.97,1.02
20121128,0.0,76.35,15.72,0.75
20121129,0.0,76.16,16.65,0.75
20121130,0.0,74.24,16.74,0.92
20121201,0.0,71.0,17.16,0.79
20121202,0.0,70.69,17.1,0.64
20121203,0.0,70.82,16.55,0.87
20121204,0.0,71.26,16.2,0.81
20121205,0.0,70.16,17.01,0.55
20121206,0.0,71.95,17.74,0.73
20121207,0.0,76.37,16.64,0.77
20121208,0.0,76.8,16.94,0.86
20121209,0.0,75.08,16.8,1.04
20121210,0.0,73.83,15.77,0.88
20121211,0.0,70.91,16.46,0.76
20121212,0.01,69.19,17.25,0.95
20121213,0.0,64.15,15.92,1.17
20121214,0.0,63.53,15.68,0.5
20121215,0.0,62.85,16.39,0.56
20121216,0.0,66.51,15.77,0.81
20121217,0.0,75.55,15.28,0.59
20121218,0.0,74.94,16.43,0.69
20121219,0.0,76.56,14.94,1.22
20121220,0.0,72.85,13.71,1.31
20121221,0.0,65.43,13.13,1.05
20121222,0.0,69.99,13.82,0.62
20121223,0.0,68.55,15.88,0.48
20121224,0.02,62.5,17.15,0.65
20121225,0.0,61.43,14.33,1.13
20121226,0.0,61.81,12.49,1.1
20121227,0.0,63.59,13.55,0.57
20121228,0.0,65.55,15.09,0.82
20121229,0.0,65.01,14.7,1.05
20121230,0.0,61.69,13.5,0.97
20121231,0.57,63.37,13.13,0.88
20130101,0.0,63.83,15.01,0.8
20130102,0.0,57.55,15.52,1.17
20130103,0.0,69.33,15.23,1.18
20130104,0.0,65.06,14.8,1.47
20130105,0.0,59.86,12.74,1.17
20130106,0.0,54.83,12.34,1.05
20130107,0.0,50.48,10.79,1.68
20130108,0.0,54.09,9.1,1.4
20130109,0.0,57.98,9.37,0.86
20130110,0.0,59.93,10.2,0.82
20130111,0.0,64.09,11.69,0.73
20130112,0.0,60.16,13.82,0.68
20130113,0.0,62.82,14.6,0.68
20130114,0.0,61.57,14.95,1.02
20130115,0.0,63.86,15.6,0.82
20130116,0.0,65.61,15.74,0.7
20130117,0.0,61.71,17.28,0.62
20130118,0.0,65.03,18.34,0.65
20130119,1.35,63.24,18.7,1.16
20130120,0.09,59.22,17.83,2.43
20130121,0.0,51.66,15.19,1.49
20130122,0.0,53.66,14.51,0.78
20130123,0.0,47.71,14.37,1.18
20130124,0.0,47.08,13.86,1.4
20130125,0.0,48.14,12.77,1.28
20130126,0.0,50.49,13.23,1.28
20130127,0.0,53.67,14.14,0.94
20130128,0.0,55.61,15.68,0.47
20130129,0.0,58.28,16.48,0.79
20130130,0.0,55.87,16.6,1.01
20130131,0.0,52.39,16.61,0.5
20130201,0.0,58.87,17.16,0.64
20130202,0.01,53.45,18.89,0.88
20130203,0.03,51.37,18.82,0.62
20130204,0.0,51.08,19.62,0.53
20130205,0.0,55.42,20.99,0.62
20130206,0.0,52.19,21.22,1.17
20130207,0.03,53.33,21.4,1.69
20130208,0.06,44.39,20.56,2.23
20130209,0.0,40.79,17.52,1.27
20130210,0.0,41.82,17.93,1.04
20130211,0.0,42.77,18.02,1.25
20130212,0.0,40.48,19.05,1.11
20130213,0.0,40.65,19.51,1.67
20130214,0.0,38.34,19.39,1.76
20130215,0.02,43.28,18.97,1.19
20130216,0.51,43.97,21.65,0.98
20130217,16.27,77.35,17.44,1.6
20130218,0.09,61.9,17.47,2.16
20130219,0.0,56.1,17.96,1.7
20130220,0.01,52.88,19.16,1.67
20130221,0.0,49.88,19.67,1.1
20130222,0.01,49.8,21.17,0.75
20130223,0.0,50.86,22.54,0.75
20130224,0.08,43.01,22.57,1.25
20130225,0.12,44.24,22.35,2.14
20130226,0.02,49.58,21.79,1.26
20130227,0.0,48.32,22.35,1.16
20130228,0.0,43.53,21.59,1.43
20130301,0.0,42.38,21.01,1.13
20130302,0.0,42.78,21.51,0.68
20130303,0.0,45.62,22.28,0.83
20130304,0.0,45.58,22.89,0.79
20130305,0.0,44.54,23.83,0.82
20130306,0.0,48.54,24.24,0.88
20130307,0.03,42.29,24.46,0.7
20130308,0.15,41.97,24.23,1.24
20130309,0.0,44.14,23.86,1.51
20130310,0.22,42.1,24.56,1.12
20130311,0.15,39.64,25.19,1.36
20130312,0.19,44.3,23.95,0.91
20130313,0.68,45.77,24.97,1.06
20130314,0.55,49.58,25.28,0.86
20130315,0.04,41.13,26.36,1.59
20130316,0.16,33.04,26.44,1.98
20130317,0.02,29.46,25.62,2.53
20130318,0.13,36.35,23.73,2.36
20130319,0.0,34.48,24.1,1.18
20130320,0.0,43.85,24.47,1.68
20130321,2.79,46.88,25.67,1.35
20130322,1.93,43.78,24.68,1.05
20130323,0.06,48.91,24.22,1.32
20130324,0.01,41.31,25.91,1.06
20130325,0.03,33.3,26.91,2.2
20130326,0.04,30.67,26.81,1.87
20130327,0.0,26.82,27.06,1.24
20130328,0.0,28.2,26.42,1.02
20130329,0.61,35.07,26.95,1.44
20130330,1.38,34.15,28.17,2.17
20130331,0.24,30.58,28.01,1.95
20130401,0.13,27.45,28.22,1.32
20130402,0.0,26.13,29.13,1.26
20130403,0.03,29.75,29.13,1.75
20130404,0.08,27.93,29.89,3.82
20130405,0.02,22.15,28.88,2.78
20130406,0.01,19.91,27.78,2.39
20130407,0.0,19.54,28.7,1.57
20130408,0.0,25.71,29.22,0.9
20130409,0.0,31.71,30.48,1.08
20130410,0.38,35.03,29.82,1.12
20130411,1.06,39.38,29.38,1.82
20130412,0.04,31.67,30.91,1.77
20130413,0.01,31.34,31.7,1.74
20130414,0.72,31.99,30.21,0.94
20130415,6.63,44.14,29.06,1.23
20130416,14.79,64.5,25.51,1.25
20130417,0.82,57.09,25.73,1.49
20130418,4.16,56.56,26.79,1.17
20130419,22.02,63.67,26.04,1.08
20130420,0.89,71.95,23.19,1.69
20130421,3.34,73.43,23.5,1.35
20130422,5.63,63.96,24.53,1.0
20130423,0.13,56.45,26.09,1.34
20130424,0.02,51.08,28.02,1.67
20130425,0.11,46.47,28.74,1.28
20130426,0.26,44.37,30.24,1.2
20130427,19.75,52.37,29.8,1.37
20130428,7.76,52.14,28.75,1.21
20130429,0.94,46.11,29.57,1.01
20130430,3.9,48.72,29.9,1.17
20130501,4.24,48.6,30.07,1.19
20130502,3.98,46.92,30.64,2.0
20130503,1.43,46.31,29.78,1.28
20130504,15.03,61.16,28.83,1.35
20130505,18.31,77.62,26.88,1.6
20130506,7.98,70.23,25.96,1.87
20130507,5.99,66.61,26.26,1.03
20130508,9.74,63.01,26.57,1.01
20130509,5.74,61.49,27.07,1.04
20130510,13.35,62.74,28.11,1.13
20130511,14.08,60.71,29.36,1.09
20130512,19.77,67.26,28.88,1.53
20130513,22.05,69.28,28.21,1.45
20130514,11.98,67.78,28.31,1.36
20130515,4.81,67.69,28.49,1.02
20130516,2.2,63.58,29.59,0.57
20130517,5.54,57.24,28.82,1.19
20130518,8.79,65.1,29.13,0.86
20130519,11.92,68.28,29.51,0.71
20130520,10.48,77.14,28.27,1.41
20130521,4.56,75.41,29.67,1.06
20130522,11.81,76.15,29.85,0.98
20130523,28.35,81.42,28.41,1.53
20130524,5.34,80.28,27.24,1.8
20130525,0.05,73.06,29.98,0.83
20130526,1.31,78.96,29.93,1.47
20130527,4.26,78.43,29.72,1.36
20130528,3.07,78.72,29.03,0.85
20130529,19.71,78.44,29.18,0.63
20130530,33.61,83.62,27.95,1.86
20130531,59.59,84.84,26.9,2.82
20130601,6.87,78.32,27.67,1.29
20130602,2.18,76.24,28.72,1.05
20130603,0.1,75.0,29.47,1.22
20130604,7.93,76.56,29.69,1.41
20130605,24.09,78.16,29.93,1.29
20130606,15.75,88.47,27.91,1.16
20130607,8.69,88.53,27.88,1.07
20130608,4.4,86.9,28.19,1.54
20130609,6.12,85.29,28.7,1.65
20130610,0.07,84.9,29.41,1.52
20130611,0.14,73.69,30.29,1.98
20130612,0.73,73.8,31.08,1.39
20130613,1.61,79.18,29.54,1.08
20130614,6.85,83.6,29.16,1.37
20130615,6.41,84.06,28.75,1.51
20130616,1.24,82.74,29.0,1.67
20130617,0.12,78.25,30.05,2.03
20130618,6.66,79.5,29.77,1.7
20130619,5.56,84.1,28.67,1.62
20130620,5.91,81.27,29.0,1.69
20130621,5.28,81.61,28.92,1.19
20130622,17.49,77.45,30.03,0.67
20130623,15.44,86.48,28.99,1.57
20130624,16.27,85.68,29.15,1.28
20130625,19.19,86.81,28.91,1.39
20130626,20.82,87.5,28.82,1.66
20130627,36.33,89.85,28.92,2.1
20130628,22.46,91.05,28.73,1.74
20130629,14.83,88.2,28.48,0.95
20130630,16.36,88.47,28.33,1.71
20130701,4.71,89.18,28.62,1.2
20130702,4.45,89.7,28.35,1.31
20130703,12.62,85.36,29.11,1.69
20130704,10.15,87.92,28.61,2.01
20130705,46.58,89.81,28.47,1.93
20130706,35.64,91.27,27.96,2.0
20130707,15.15,89.56,28.01,2.49
20130708,30.62,91.57,27.8,2.55
20130709,21.46,89.88,28.3,2.78
20130710,18.06,87.66,28.37,2.06
20130711,5.02,85.64,28.15,1.06
20130712,2.11,86.61,28.21,1.55
20130713,2.68,86.31,28.93,1.97
20130714,4.43,87.49,28.54,1.4
20130715,5.93,85.07,29.28,1.33
20130716,1.73,84.58,29.18,1.08
20130717,4.01,87.3,28.84,1.62
20130718,4.45,87.96,28.41,1.59
20130719,11.93,85.46,29.21,1.59
20130720,9.91,87.43,28.82,1.36
20130721,5.56,85.63,28.98,1.57
20130722,4.08,84.65,28.93,0.89
20130723,1.61,87.08,28.56,1.22
20130724,2.33,85.22,29.06,1.1
20130725,1.29,82.8,29.59,0.86
20130726,6.32,87.96,28.82,1.92
20130727,16.29,84.48,28.48,1.99
20130728,18.5,85.17,28.56,1.55
20130729,1.67,84.61,28.95,0.79
20130730,5.04,84.29,29.22,0.85
20130731,6.13,86.66,28.36,1.18
20130801,3.04,88.16,27.35,0.96
20130802,2.45,86.78,27.87,1.29
20130803,0.96,87.59,27.97,1.02
20130804,5.6,84.17,29.17,1.53
20130805,17.99,91.66,27.84,1.38
20130806,15.94,89.15,27.05,1.27
20130807,28.29,89.08,27.65,1.72
20130808,24.53,90.65,27.76,1.71
20130809,12.67,88.76,27.46,1.11
20130810,12.47,86.38,28.5,1.32
20130811,9.02,85.13,28.24,0.95
20130812,3.44,89.12,27.46,0.89
20130813,1.22,90.18,27.56,1.57
20130814,6.75,89.68,27.64,1.63
20130815,18.59,87.08,27.76,1.25
20130816,12.6,86.58,26.85,1.19
20130817,19.14,82.1,28.36,1.0
20130818,10.12,85.51,28.33,1.67
20130819,1.5,83.89,28.72,0.96
20130820,13.01,85.58,28.24,1.44
20130821,8.37,88.7,27.65,1.18
20130822,1.57,85.65,28.14,1.01
20130823,0.71,86.77,28.44,1.0
20130824,0.22,87.69,28.74,1.49
20130825,3.29,87.42,28.93,1.98
20130826,24.09,86.79,28.86,1.5
20130827,13.09,90.85,27.57,0.97
20130828,14.25,90.69,27.22,1.44
20130829,3.87,87.72,27.85,1.61
20130830,4.75,87.83,28.06,1.19
20130831,9.38,90.61,27.4,1.38
20130901,10.98,91.29,28.09,1.26
20130902,17.03,91.77,27.95,1.4
20130903,27.69,92.16,27.53,1.68
20130904,8.15,90.07,27.48,2.08
20130905,5.6,88.74,27.79,2.98
20130906,6.84,86.63,28.06,2.51
20130907,3.86,84.49,27.85,1.62
20130908,0.78,87.5,27.18,1.55
20130909,1.43,83.13,27.51,1.09
20130910,2.57,77.94,27.68,0.59
20130911,2.46,79.18,28.06,0.58
20130912,1.01,79.21,28.39,0.77
20130913,0.84,76.64,29.55,0.7
20130914,1.35,79.35,29.45,0.91
20130915,4.07,81.67,28.63,1.32
20130916,0.6,83.74,28.29,0.76
20130917,1.88,83.52,28.42,1.26
20130918,4.59,90.5,27.76,1.32
20130919,3.97,88.9,27.83,0.97
20130920,2.47,86.72,27.98,0.8
20130921,1.0,84.38,28.19,0.63
20130922,0.03,83.85,28.18,1.08
20130923,0.01,82.94,28.32,1.06
20130924,4.34,81.71,28.79,1.01
20130925,12.43,83.47,28.5,0.74
20130926,8.7,83.95,27.56,0.79
20130927,2.78,83.37,27.34,0.67
20130928,15.55,87.78,26.82,1.1
20130929,26.69,91.45,25.43,2.23
20130930,1.85,86.09,25.06,2.29
20131001,3.12,87.86,24.74,1.61
20131002,1.46,77.12,27.54,1.31
20131003,17.1,83.28,26.84,1.51
20131004,23.76,88.24,25.12,1.16
20131005,24.89,92.75,25.15,0.95
20131006,18.27,93.03,24.37,1.6
20131007,0.06,85.21,24.98,1.94
20131008,0.0,81.79,25.11,2.48
20131009,0.0,81.03,25.08,1.65
20131010,0.0,76.3,25.75,1.09
20131011,0.0,77.68,25.6,1.57
20131012,0.93,78.04,26.63,1.14
20131013,4.53,81.08,26.42,0.51
20131014,80.26,82.15,26.33,0.49
20131015,81.14,81.24,26.53,0.79
20131016,4.76,85.78,26.04,0.68
20131017,2.16,85.67,25.47,1.22
20131018,1.94,80.83,26.69,0.86
20131019,2.38,78.74,26.49,0.7
20131020,2.25,79.48,25.57,0.7
20131021,5.52,79.26,25.01,0.98
20131022,2.82,79.93,24.34,0.83
20131023,0.0,77.66,22.9,1.01
20131024,0.04,75.34,23.38,0.82
20131025,1.25,81.53,23.14,0.95
20131026,2.57,81.54,22.75,1.22
20131027,0.25,80.89,23.09,0.95
20131028,3.92,86.88,22.32,1.45
20131029,2.07,89.91,21.99,1.68
20131030,0.0,84.18,22.18,0.82
20131031,0.0,84.81,21.64,0.94
20131101,0.0,86.23,21.77,0.98
20131102,0.0,87.53,21.99,1.1
20131103,0.0,85.36,22.24,0.95
20131104,0.0,85.62,21.53,0.9
20131105,0.0,85.09,21.49,1.11
20131106,0.0,81.84,21.85,1.27
20131107,0.0,80.19,21.97,1.15
20131108,0.0,77.51,22.31,0.84
20131109,0.0,76.94,22.53,0.8
20131110,0.0,70.67,22.2,0.91
20131111,0.0,69.33,20.74,0.57
20131112,0.0,73.52,20.13,0.6
20131113,0.0,73.11,20.18,0.54
20131114,0.0,73.8,20.36,0.97
20131115,0.0,71.02,20.2,1.44
20131116,0.0,63.9,20.61,1.1
20131117,0.0,64.59,20.51,0.77
20131118,0.0,67.13,20.69,0.45
20131119,0.0,72.99,20.15,0.54
20131120,0.0,76.13,20.17,0.64
20131121,0.0,80.73,20.16,0.47
20131122,0.0,81.36,20.35,0.69
20131123,0.0,80.07,19.4,0.76
20131124,0.0,79.9,19.95,0.4
20131125,0.0,78.63,20.65,0.47
20131126,0.0,80.35,20.37,0.86
20131127,0.0,80.97,20.33,1.13
20131128,0.0,82.81,20.8,1.2
20131129,0.0,84.54,20.9,0.95
20131130,0.0,86.09,20.01,1.24
20131201,0.0,79.21,20.13,0.57
20131202,0.0,76.69,21.17,0.59
20131203,0.0,81.32,20.81,1.07
20131204,0.0,79.04,20.9,0.76
20131205,0.0,78.95,19.77,0.68
20131206,0.0,75.71,19.73,0.63
20131207,0.0,76.16,20.49,0.65
20131208,0.0,76.29,20.42,0.42
20131209,0.0,77.63,20.15,0.58
20131210,0.0,77.83,19.36,0.84
20131211,0.0,80.79,17.57,1.22
20131212,0.0,78.91,16.4,1.03
20131213,0.0,76.56,16.38,0.81
20131214,0.0,77.59,16.76,0.88
20131215,0.0,65.86,17.22,0.73
20131216,0.0,69.88,15.56,0.9
20131217,0.0,67.24,15.41,1.08
20131218,0.0,71.47,15.51,1.08
20131219,0.0,78.86,15.68,1.06
20131220,0.01,81.77,15.98,0.81
20131221,0.01,86.43,15.47,1.24
20131222,0.0,81.59,16.04,0.88
20131223,0.01,80.36,16.52,0.76
20131224,0.0,81.97,16.6,0.85
20131225,0.0,75.79,14.77,0.98
20131226,0.0,77.91,14.09,0.84
20131227,0.0,77.15,14.35,0.75
20131228,0.0,70.96,14.73,0.79
20131229,0.0,72.45,14.53,0.74
20131230,0.0,75.74,15.08,0.45
20131231,0.0,77.06,15.82,0.83
20140101,0.0,71.4,15.9,0.83
20140102,0.0,79.75,15.75,1.22
20140103,0.0,72.11,14.74,0.83
20140104,0.0,75.71,15.26,0.6
20140105,0.0,76.94,15.13,1.19
20140106,0.0,81.57,15.23,1.45
20140107,0.0,71.81,14.35,1.4
20140108,0.0,62.64,13.52,0.61
20140109,0.0,72.22,13.8,0.67
20140110,0.0,66.86,15.26,0.64
20140111,0.05,76.96,15.08,1.15
20140112,0.0,72.37,15.62,1.31
20140113,0.0,73.25,16.46,0.64
20140114,0.0,74.34,17.25,0.74
20140115,0.0,72.23,16.87,0.98
20140116,0.0,65.7,15.7,0.97
20140117,0.0,69.9,16.57,0.89
20140118,0.02,75.03,18.25,1.87
20140119,0.29,70.44,19.01,1.25
20140120,0.0,70.81,16.75,0.75
20140121,0.0,76.12,17.52,1.18
20140122,0.0,67.41,19.24,0.92
20140123,0.0,66.19,19.32,1.08
20140124,0.0,67.76,18.31,0.91
20140125,0.0,67.57,17.46,0.96
20140126,0.0,67.77,16.54,0.91
20140127,0.0,65.05,16.09,1.05
20140128,0.0,60.31,15.81,0.81
20140129,0.0,65.21,17.46,0.73
20140130,0.0,65.2,18.66,0.57
20140131,0.0,64.19,18.25,0.67
20140201,0.0,58.76,17.59,0.68
20140202,0.0,53.97,16.76,0.96
20140203,0.0,61.16,16.24,1.0
20140204,0.0,58.24,16.37,1.27
20140205,0.0,61.63,17.21,1.02
20140206,0.0,60.75,17.8,1.2
20140207,0.0,59.37,18.75,0.94
20140208,0.0,61.84,19.27,1.86
20140209,0.0,56.74,19.12,2.17
20140210,0.0,52.67,17.46,1.46
20140211,0.0,47.65,17.18,1.56
20140212,0.0,48.85,16.65,1.75
20140213,0.0,44.32,16.67,0.81
20140214,0.5,47.41,17.51,1.01
20140215,16.47,82.94,15.5,1.12
20140216,3.97,73.54,17.04,1.09
20140217,3.4,64.34,16.69,2.35
20140218,0.01,52.78,16.06,1.02
20140219,0.0,55.36,17.11,0.87
20140220,0.0,54.25,18.39,0.68
20140221,0.0,49.4,18.91,0.91
20140222,0.0,47.63,19.6,0.9
20140223,0.23,59.67,20.7,1.62
20140224,0.0,57.5,20.47,1.9
20140225,0.0,55.56,20.09,1.0
20140226,0.0,57.28,19.85,1.22
20140227,0.0,56.29,20.54,1.61
20140228,0.74,62.8,20.65,1.56
20140301,0.71,67.06,20.91,1.28
20140302,0.02,65.12,20.47,1.81
20140303,0.0,57.25,21.05,1.69
20140304,0.03,50.72,20.84,1.21
20140305,0.12,44.04,20.67,1.94
20140306,0.09,46.71,19.77,1.98
20140307,0.0,47.76,20.3,1.57
20140308,0.0,43.69,20.09,1.55
20140309,0.0,40.68,21.01,0.65
20140310,0.0,42.89,22.09,0.94
20140311,0.0,43.87,21.9,1.49
20140312,0.0,45.15,22.2,1.32
20140313,0.02,48.17,23.74,1.56
20140314,0.0,45.9,23.95,0.84
20140315,0.0,41.92,23.97,0.8
20140316,0.0,43.96,24.26,0.86
20140317,0.0,45.99,24.81,0.99
20140318,0.0,49.23,25.82,1.21
20140319,0.16,45.52,26.5,1.75
20140320,0.39,36.88,24.83,1.34
20140321,0.21,36.72,24.59,0.91
20140322,0.43,41.8,24.77,1.24
20140323,0.61,44.28,24.68,1.17
20140324,1.09,47.65,24.96,1.05
20140325,0.18,46.42,25.57,1.13
20140326,2.55,41.71,26.14,1.13
20140327,0.28,40.23,27.7,1.6
20140328,0.02,40.31,27.51,1.03
20140329,0.0,35.8,28.42,1.84
20140330,0.0,32.26,28.81,2.35
20140331,0.04,28.17,27.1,2.55
20140401,0.0,24.32,26.61,2.09
20140402,0.01,23.75,27.17,1.65
20140403,0.11,26.91,28.23,1.11
20140404,2.93,43.39,27.51,1.53
20140405,0.03,48.66,26.94,0.95
20140406,0.0,45.88,28.34,1.05
20140407,1.13,51.66,28.24,1.26
20140408,1.25,45.61,29.42,1.39
20140409,0.24,42.78,29.31,1.71
20140410,0.8,24.97,28.27,1.13
20140411,2.32,25.34,28.41,0.9
20140412,0.18,28.55,28.11,1.2
20140413,0.76,33.41,28.61,1.18
20140414,0.01,34.14,29.23,1.34
20140415,0.07,29.68,30.28,1.63
20140416,0.13,29.9,30.43,0.97
20140417,0.41,30.33,30.71,1.09
20140418,0.14,30.71,30.81,1.28
20140419,0.06,33.1,31.24,1.7
20140420,0.68,32.54,31.57,2.19
20140421,0.0,23.62,30.75,2.27
20140422,0.0,21.0,30.8,1.89
20140423,0.0,19.89,31.75,2.19
20140424,0.0,22.96,31.98,2.58
20140425,0.02,23.52,32.68,1.77
20140426,0.03,30.03,32.4,1.1
20140427,2.64,39.75,32.11,1.26
20140428,9.15,40.86,30.82,1.43
20140429,1.28,47.91,30.42,1.37
20140430,0.95,47.8,31.59,1.3
20140501,12.31,54.93,31.16,1.33
20140502,3.68,58.6,29.93,1.06
20140503,7.01,58.24,29.51,1.58
20140504,16.17,65.8,27.96,1.59
20140505,0.97,62.74,27.51,1.61
20140506,5.08,59.32,28.61,1.58
20140507,7.16,55.8,29.61,1.68
20140508,9.3,61.22,29.55,2.39
20140509,0.72,44.32,31.63,2.14
20140510,0.18,38.84,32.44,2.47
20140511,1.23,45.43,32.47,2.72
20140512,1.29,53.73,31.47,1.64
20140513,0.86,45.63,32.47,1.94
20140514,0.25,36.59,32.7,2.37
20140515,0.5,36.0,32.25,2.59
20140516,0.05,34.83,32.27,1.68
20140517,0.27,38.52,31.7,1.14
20140518,2.29,46.59,31.79,1.27
20140519,0.0,45.07,32.87,1.36
20140520,0.31,46.42,33.04,1.3
20140521,5.61,49.48,32.82,1.35
20140522,13.16,54.96,32.11,1.64
20140523,3.28,54.3,31.72,1.19
20140524,16.93,62.49,30.4,1.2
20140525,0.4,61.84,30.65,1.25
20140526,10.63,70.67,28.88,0.83
20140527,16.8,73.13,28.62,0.81
20140528,90.3,80.58,28.41,1.13
20140529,6.67,80.4,27.94,1.1
20140530,3.19,71.59,29.09,0.91
20140531,0.69,71.95,29.31,1.22
20140601,0.16,67.5,30.35,1.1
20140602,0.44,70.85,29.96,1.14
20140603,0.99,72.63,30.21,2.11
20140604,0.79,68.77,30.94,2.4
20140605,1.05,66.71,31.63,2.19
20140606,9.37,74.88,30.8,2.41
20140607,4.72,75.51,30.43,2.38
20140608,7.55,77.93,30.2,2.92
20140609,6.12,77.24,30.4,2.03
20140610,10.69,75.54,30.67,2.15
20140611,3.91,76.17,30.42,2.19
20140612,9.42,74.07,30.64,1.75
20140613,5.76,70.16,31.49,1.63
20140614,0.02,67.71,31.15,1.44
20140615,1.88,67.41,31.11,0.95
20140616,8.13,69.26,31.57,1.19
20140617,2.82,70.45,31.88,1.12
20140618,7.1,83.04,29.46,1.2
20140619,12.89,85.12,28.62,1.48
20140620,33.42,82.95,29.28,1.6
20140621,33.15,90.66,27.75,1.77
20140622,42.05,89.37,27.98,1.74
20140623,15.73,84.41,29.53,2.13
20140624,5.03,83.61,29.42,1.97
20140625,1.34,80.25,29.18,1.2
20140626,4.34,76.17,30.16,1.26
20140627,10.0,83.98,29.54,1.71
20140628,22.38,89.67,28.5,2.52
20140629,16.1,88.03,28.8,2.52
20140630,33.89,89.35,28.63,1.91
20140701,11.92,86.85,28.51,0.94
20140702,4.44,83.62,28.96,1.42
20140703,3.85,83.82,28.6,1.92
20140704,4.7,85.94,28.43,2.48
20140705,9.47,85.47,28.94,2.35
20140706,3.23,86.17,29.07,2.8
20140707,3.17,86.21,29.32,3.06
20140708,8.02,86.58,29.15,2.76
20140709,5.39,84.85,29.89,2.0
20140710,12.9,90.47,29.2,1.59
20140711,8.02,87.33,29.24,1.9
20140712,16.67,83.06,29.86,1.06
20140713,11.63,83.43,30.2,0.86
20140714,16.24,87.89,29.21,1.37
20140715,8.16,86.83,28.45,1.3
20140716,4.53,84.32,28.88,1.72
20140717,5.49,87.2,28.39,1.41
20140718,5.88,85.92,29.02,1.36
20140719,3.51,83.29,29.22,1.25
20140720,2.21,83.59,29.71,1.53
20140721,1.33,82.11,29.32,2.5
20140722,0.25,83.45,28.81,1.61
20140723,6.64,86.43,28.26,1.39
20140724,10.21,86.8,28.05,1.34
20140725,4.21,78.96,29.39,0.66
20140726,11.64,80.17,30.14,1.23
20140727,12.57,88.57,28.43,0.83
20140728,4.2,83.65,28.9,1.01
20140729,0.64,83.7,28.56,1.09
20140730,2.0,78.15,29.62,1.04
20140731,3.31,81.02,29.64,1.3
20140801,0.82,84.83,29.15,1.78
20140802,4.99,85.58,29.14,1.18
20140803,4.65,84.91,28.96,0.99
20140804,2.96,84.35,29.2,1.64
20140805,6.55,82.36,29.33,1.49
20140806,16.84,83.86,28.99,1.67
20140807,23.12,84.44,29.27,1.51
20140808,4.0,85.29,29.12,1.37
20140809,1.38,82.21,29.77,1.57
20140810,2.26,84.98,28.88,1.58
20140811,3.63,84.6,28.91,2.48
20140812,6.37,86.64,28.67,2.52
20140813,15.58,92.28,28.13,1.49
20140814,28.69,91.14,27.85,1.68
20140815,22.52,89.8,27.82,1.39
20140816,9.9,86.91,27.54,1.67
20140817,11.7,86.3,27.98,1.66
20140818,14.31,89.32,28.17,2.12
20140819,15.03,91.67,27.79,2.14
20140820,26.25,91.29,27.92,1.97
20140821,9.75,88.74,27.37,1.63
20140822,8.48,91.12,27.47,2.02
20140823,19.28,93.04,27.41,2.15
20140824,29.79,94.55,27.31,2.56
20140825,32.73,93.61,27.06,2.31
20140826,14.14,89.63,27.4,1.64
20140827,2.85,87.93,27.44,0.83
20140828,0.36,86.67,27.7,1.02
20140829,0.1,84.4,28.47,0.57
20140830,9.92,86.56,28.74,0.63
20140831,10.14,88.44,27.11,1.43
20140901,0.36,85.08,27.0,1.2
20140902,0.1,81.84,28.33,0.97
20140903,0.04,84.9,28.34,1.08
20140904,1.98,88.38,27.77,1.16
20140905,7.78,87.19,27.65,1.0
20140906,3.15,83.95,28.62,1.11
20140907,1.54,86.96,28.25,0.7
20140908,3.67,89.76,27.11,1.21
20140909,2.72,85.22,27.95,1.57
20140910,38.6,90.84,27.01,1.17
20140911,17.02,87.89,27.41,1.29
20140912,14.5,89.61,27.39,1.44
20140913,13.51,87.62,27.51,1.23
20140914,47.51,87.81,27.54,0.85
20140915,7.43,83.01,28.14,0.84
20140916,1.71,81.74,28.13,0.99
20140917,0.15,81.88,28.73,1.09
20140918,6.09,82.25,29.47,1.13
20140919,21.89,93.95,27.44,1.67
20140920,36.62,89.15,26.89,1.02
20140921,73.21,94.95,26.74,2.08
20140922,90.73,93.75,27.19,2.35
20140923,9.83,86.9,27.44,1.58
20140924,5.75,87.02,26.94,1.59
20140925,8.73,87.79,27.32,1.52
20140926,4.46,88.95,26.79,1.97
20140927,11.35,87.34,26.68,2.13
20140928,7.13,87.03,26.61,1.8
20140929,0.47,81.53,27.05,0.67
20140930,0.0,80.95,27.1,0.83
20141001,0.01,77.09,27.56,0.66
20141002,0.01,79.29,27.66,0.76
20141003,0.44,82.79,27.07,0.76
20141004,0.47,78.38,27.47,0.51
20141005,0.0,82.04,26.88,1.13
20141006,0.01,74.24,27.84,0.84
20141007,2.8,77.91,28.08,0.79
20141008,7.4,76.12,28.04,0.51
20141009,0.24,72.21,27.98,0.61
20141010,0.09,78.31,27.5,0.77
20141011,0.02,79.04,27.1,0.72
20141012,6.07,87.9,25.74,0.89
20141013,2.25,80.58,26.64,0.62
20141014,5.56,81.37,26.97,0.86
20141015,4.61,88.78,26.47,1.73
20141016,0.01,86.16,24.54,1.68
20141017,0.0,82.31,23.71,0.9
20141018,0.04,80.57,24.42,0.88
20141019,0.06,80.53,23.44,1.32
20141020,0.0,77.23,23.59,0.69
20141021,0.0,80.38,24.26,0.77
20141022,0.01,79.02,24.93,0.94
20141023,0.0,77.12,24.72,0.65
20141024,0.0,75.79,24.77,0.64
20141025,0.24,81.06,24.05,1.09
20141026,0.01,83.88,23.45,1.03
20141027,0.0,81.98,23.18,1.03
20141028,1.37,80.5,22.7,0.75
20141029,0.44,83.1,22.62,0.82
20141030,0.01,81.66,22.89,0.57
20141031,0.0,77.36,23.77,0.64
20141101,0.0,80.22,24.18,0.5
20141102,0.0,83.52,23.99,0.61
20141103,0.0,81.85,23.79,0.56
20141104,0.0,78.99,23.27,1.01
20141105,0.0,76.62,23.02,0.57
20141106,0.0,72.71,23.69,0.61
20141107,0.0,77.69,23.57,1.18
20141108,0.0,79.12,24.02,1.04
20141109,0.0,81.96,23.87,0.97
20141110,0.0,79.43,22.54,1.07
20141111,0.0,81.24,22.11,0.99
20141112,0.0,79.96,21.84,0.97
20141113,0.0,73.49,21.11,0.73
20141114,0.0,73.84,20.52,0.53
20141115,0.0,75.32,20.44,0.67
20141116,0.0,75.98,20.34,0.85
20141117,0.0,73.51,20.25,0.67
20141118,0.0,72.91,21.08,0.46
20141119,0.0,78.79,21.54,0.71
20141120,0.0,77.31,20.65,0.83
20141121,0.0,73.83,19.46,1.01
20141122,0.02,72.22,18.78,0.83
20141123,0.0,71.16,18.38,0.84
20141124,0.0,69.28,18.65,0.46
20141125,0.0,74.56,19.56,0.46
20141126,0.0,73.93,18.99,0.65
20141127,0.0,70.81,19.29,0.63
20141128,0.0,69.15,19.02,0.83
20141129,0.04,69.66,18.56,0.74
20141130,0.0,72.5,19.18,0.77
20141201,0.0,75.59,19.93,0.68
20141202,0.0,78.39,20.37,0.7
20141203,0.0,72.35,19.97,0.76
20141204,0.0,74.49,20.43,0.53
20141205,0.0,77.82,20.82,0.67
20141206,0.0,75.57,19.53,1.06
20141207,0.0,68.27,17.6,1.1
20141208,0.0,69.43,17.29,0.89
20141209,0.0,67.83,17.16,0.99
20141210,0.0,67.22,15.94,0.97
20141211,0.0,67.45,15.36,0.97
20141212,0.0,71.37,15.31,0.52
20141213,0.0,81.84,15.91,0.6
20141214,0.34,74.13,19.0,0.45
20141215,0.0,66.23,20.03,0.58
20141216,0.04,74.98,19.08,0.86
20141217,0.02,69.58,16.7,1.39
20141218,0.0,68.57,14.91,0.72
20141219,0.0,72.08,15.6,1.16
20141220,0.0,70.74,17.62,0.47
20141221,0.0,74.93,18.31,0.61
20141222,0.0,73.26,18.34,0.59
20141223,0.0,73.79,17.85,0.39
20141224,0.0,66.42,17.81,0.69
20141225,0.0,65.63,16.21,0.71
20141226,0.0,66.56,14.81,1.04
20141227,0.0,64.62,14.96,0.68
20141228,0.0,72.52,17.04,0.75
20141229,0.0,75.5,17.98,0.61
20141230,0.0,74.55,18.66,0.77
20141231,0.0,73.33,19.47,1.02
20150101,0.0,71.95,19.88,0.71
20150102,0.94,67.2,21.38,0.53
20150103,8.57,77.88,20.56,0.97
20150104,4.0,80.08,19.35,1.21
20150105,0.02,74.93,17.43,2.09
20150106,0.0,70.09,15.6,0.77
20150107,0.02,65.02,15.88,0.94
20150108,0.03,65.55,16.91,0.65
20150109,0.0,67.06,16.85,1.38
20150110,0.0,61.23,15.41,0.98
20150111,0.0,61.78,15.51,0.37
20150112,0.0,73.43,16.17,0.97
20150113,0.0,69.51,18.41,0.82
20150114,0.0,71.5,18.69,0.65
20150115,0.0,71.86,19.05,0.96
20150116,0.0,69.0,19.23,1.13
20150117,0.66,64.71,18.68,1.02
20150118,0.0,61.94,16.14,1.28
20150119,0.0,61.91,15.54,0.82
20150120,0.0,60.27,15.87,0.74
20150121,0.0,63.72,16.78,0.59
20150122,0.0,62.54,18.18,0.48
20150123,0.0,58.31,18.14,1.08
20150124,0.01,63.04,17.57,1.47
20150125,0.0,62.17,17.19,1.01
20150126,0.0,56.41,17.42,0.91
20150127,0.0,59.95,18.58,1.2
20150128,0.0,64.53,18.97,1.64
20150129,0.03,58.32,18.79,1.27
20150130,0.73,60.5,16.91,2.19
20150131,0.0,52.51,14.83,0.76
20150201,0.0,50.29,16.1,0.47
20150202,0.0,58.2,17.37,0.78
20150203,0.0,61.12,18.86,0.47
20150204,0.0,53.79,19.23,1.47
20150205,0.0,51.26,18.37,1.13
20150206,0.0,54.34,17.25,0.98
20150207,0.0,54.7,17.58,0.97
20150208,0.0,53.8,18.53,0.91
20150209,0.0,57.29,18.8,1.1
20150210,0.0,55.67,18.69,1.16
20150211,0.0,49.51,18.3,0.93
20150212,0.24,49.19,17.97,1.23
20150213,0.46,50.93,18.42,1.68
20150214,0.01,50.33,18.52,1.08
20150215,0.33,48.8,20.07,0.75
20150216,0.0,54.27,20.85,0.95
20150217,0.0,57.51,21.54,0.66
20150218,1.1,56.5,22.05,1.15
20150219,7.36,68.34,21.44,1.81
20150220,0.01,63.13,21.27,1.19
20150221,0.4,57.59,22.02,1.31
20150222,0.02,51.55,23.02,1.16
20150223,0.05,54.84,23.31,1.15
20150224,0.85,53.3,24.19,1.41
20150225,0.0,54.83,24.81,1.09
20150226,0.05,53.77,24.66,1.59
20150227,2.74,53.88,24.44,1.7
20150228,0.01,49.0,24.86,1.49
20150301,0.53,54.3,26.42,0.75
20150302,0.86,50.08,26.49,1.67
20150303,0.99,51.97,23.51,3.23
20150304,1.09,47.01,22.65,3.53
20150305,0.32,39.5,21.1,2.81
20150306,0.0,42.72,20.2,1.64
20150307,0.0,44.76,21.45,1.58
20150308,0.0,44.27,22.5,0.9
20150309,0.0,40.08,23.74,0.68
20150310,0.0,32.35,24.1,1.75
20150311,0.0,32.97,23.33,1.01
20150312,0.0,36.07,23.85,1.09
20150313,0.0,35.63,23.85,1.3
20150314,0.0,39.03,25.14,2.15
20150315,0.0,38.96,25.76,2.23
20150316,0.02,40.11,26.4,3.33
20150317,0.01,39.92,26.57,3.0
20150318,0.95,38.56,25.72,2.57
20150319,1.46,33.71,23.95,1.99
20150320,0.0,34.57,24.52,0.86
20150321,0.0,34.63,26.12,1.06
20150322,0.0,35.93,26.61,0.82
20150323,0.01,36.26,28.37,1.03
20150324,0.1,44.91,27.29,1.61
20150325,0.0,47.3,28.01,1.47
20150326,0.81,49.62,28.08,1.41
20150327,6.04,69.44,24.4,1.76
20150328,1.14,60.07,26.42,1.14
20150329,0.19,56.28,27.85,1.36
20150330,9.67,60.7,27.42,1.65
20150331,1.22,57.18,25.95,1.87
20150401,0.7,51.0,27.47,2.71
20150402,6.14,54.89,27.17,2.65
20150403,0.29,45.78,28.2,1.4
20150404,3.06,48.73,28.28,1.76
20150405,7.5,61.63,26.78,1.5
20150406,0.65,53.1,26.71,2.13
20150407,0.05,51.32,27.81,1.39
20150408,0.24,54.77,28.09,2.35
20150409,0.01,43.22,28.67,2.6
20150410,0.0,35.1,28.03,1.67
20150411,0.23,39.15,28.66,1.28
20150412,1.36,53.48,28.13,1.77
20150413,2.14,68.37,26.16,0.46
20150414,0.05,45.85,28.3,1.42
20150415,0.0,46.56,28.58,1.56
20150416,0.0,41.73,30.61,2.56
20150417,1.39,40.9,30.35,3.05
20150418,33.58,68.04,26.58,1.28
20150419,7.87,61.38,27.74,1.65
20150420,4.35,64.09,28.64,2.12
20150421,14.5,66.17,28.65,2.35
20150422,7.55,66.29,28.81,2.11
20150423,4.59,61.81,29.4,2.06
20150424,16.19,74.98,26.88,1.69
20150425,10.45,75.41,24.86,0.98
20150426,0.52,60.57,25.95,1.0
20150427,2.13,65.34,26.19,1.2
20150428,10.94,68.17,26.6,1.71
20150429,14.45,73.89,26.2,1.04
20150430,0.52,58.65,27.9,1.1
20150501,2.86,62.77,28.58,2.05
20150502,6.53,68.04,28.63,2.13
20150503,4.15,66.37,29.04,2.08
20150504,0.89,53.71,29.92,1.8
20150505,1.02,54.28,29.93,1.96
20150506,1.73,60.09,29.7,1.87
20150507,9.63,66.15,29.31,1.54
20150508,1.91,78.49,26.11,1.5
20150509,0.33,70.31,27.68,0.84
20150510,8.7,72.97,28.89,1.78
20150511,9.32,81.58,27.56,1.29
20150512,3.53,68.82,28.49,1.66
20150513,2.77,66.4,29.19,1.79
20150514,9.29,66.22,30.06,2.02
20150515,5.24,61.12,30.97,1.99
20150516,8.05,70.4,29.11,2.27
20150517,2.75,66.41,29.33,2.25
20150518,1.25,66.32,29.17,2.35
20150519,2.49,69.27,29.42,1.67
20150520,14.1,68.86,29.8,1.14
20150521,3.37,63.45,30.83,1.77
20150522,10.15,68.46,30.44,1.85
20150523,5.05,65.35,30.9,1.79
20150524,16.93,72.47,30.13,2.18
20150525,8.7,73.73,29.91,2.33
20150526,12.27,75.63,29.56,2.68
20150527,18.53,79.02,28.84,2.5
20150528,16.33,79.49,29.07,2.04
20150529,10.14,79.85,29.36,2.48
20150530,17.04,81.78,29.26,2.46
20150531,9.29,80.44,29.3,2.75
20150601,7.16,80.74,29.29,2.56
20150602,4.16,80.28,29.16,2.44
20150603,4.91,81.05,28.81,1.4
20150604,2.7,74.74,29.97,2.1
20150605,3.1,72.31,30.16,2.36
20150606,1.33,76.3,29.84,2.49
20150607,1.04,73.21,30.53,2.84
20150608,3.87,74.49,30.47,2.33
20150609,6.29,73.96,30.7,3.0
20150610,39.42,83.3,29.41,3.27
20150611,51.34,86.88,28.3,1.99
20150612,30.5,86.93,28.58,2.8
20150613,6.12,84.38,28.39,2.88
20150614,12.62,87.81,27.35,2.28
20150615,14.83,83.98,28.12,1.78
20150616,24.74,83.61,28.41,1.72
20150617,19.01,84.14,28.57,2.47
20150618,23.16,85.02,28.31,2.38
20150619,4.17,79.42,29.13,1.35
20150620,1.45,81.22,29.65,1.28
20150621,1.12,80.55,29.88,1.23
20150622,13.57,83.85,29.22,1.99
20150623,24.66,85.41,29.13,1.92
20150624,23.1,92.18,28.22,1.73
20150625,17.79,87.02,29.1,1.1
20150626,28.1,88.73,28.68,1.06
20150627,19.05,86.89,29.03,2.82
20150628,6.5,85.44,27.92,1.79
20150629,3.77,83.55,28.47,2.21
20150630,8.18,85.18,28.78,2.57
20150701,4.63,85.81,28.78,1.94
20150702,6.22,84.27,29.32,2.29
20150703,3.99,85.62,29.26,2.84
20150704,5.5,87.97,29.27,2.84
20150705,7.34,93.98,28.4,2.48
20150706,4.13,85.94,28.76,0.87
20150707,11.3,85.29,29.1,0.84
20150708,2.03,83.88,28.91,0.88
20150709,5.24,87.82,28.22,2.58
20150710,13.01,85.58,28.1,1.43
20150711,4.5,83.28,29.02,1.49
20150712,1.19,83.75,29.33,2.18
20150713,0.5,84.5,29.7,2.02
20150714,23.1,89.51,29.49,2.2
20150715,45.59,94.04,28.66,2.72
20150716,13.78,85.27,28.42,0.8
20150717,0.25,79.98,28.86,1.08
20150718,0.94,79.68,29.22,0.97
20150719,9.12,84.32,28.48,1.25
20150720,9.71,89.45,26.99,1.43
20150721,15.7,89.21,27.08,1.06
20150722,10.24,88.79,27.72,0.97
20150723,9.49,88.38,28.06,1.81
20150724,21.66,88.95,27.97,1.72
20150725,4.44,83.51,28.92,0.74
20150726,0.59,76.5,30.2,0.73
20150727,3.02,83.31,28.35,0.7
20150728,0.21,74.58,29.81,0.73
20150729,0.14,80.5,30.17,1.0
20150730,3.1,80.27,29.7,1.57
20150731,8.98,84.49,27.75,3.08
20150801,16.78,89.88,26.7,2.83
20150802,4.25,87.71,27.28,1.53
20150803,2.47,85.03,27.61,1.55
20150804,4.12,88.07,27.51,1.84
20150805,4.55,85.88,28.27,2.3
20150806,5.43,87.01,28.35,1.74
20150807,5.95,85.09,28.61,1.12
20150808,10.08,88.19,28.09,1.31
20150809,6.85,83.54,28.78,1.14
20150810,5.13,90.32,28.29,1.72
20150811,4.8,80.53,29.84,1.17
20150812,3.62,86.51,28.85,1.45
20150813,0.83,83.26,29.43,1.51
20150814,1.99,87.35,29.09,1.96
20150815,9.76,93.01,28.02,2.42
20150816,18.54,88.56,28.98,2.73
20150817,18.01,89.68,28.67,2.87
20150818,20.9,91.48,28.1,3.08
20150819,33.65,91.77,28.34,3.22
20150820,55.78,94.34,27.93,2.36
20150821,98.11,87.88,28.0,1.59
20150822,17.58,87.44,27.36,0.94
20150823,11.05,83.49,28.56,1.37
20150824,6.42,89.83,28.18,1.97
20150825,3.64,92.04,28.01,1.55
20150826,2.42,90.12,28.38,1.27
20150827,8.83,88.33,28.57,1.63
20150828,9.76,87.08,28.35,1.65
20150829,13.22,90.06,28.28,2.05
20150830,35.57,93.85,27.84,2.7
20150831,39.19,94.67,27.52,2.33
20150901,14.63,89.53,27.63,1.8
20150902,19.11,93.58,26.92,1.8
20150903,34.04,88.32,27.49,1.32
20150904,18.04,90.77,26.83,1.63
20150905,12.79,92.23,26.8,1.89
20150906,15.91,88.83,27.85,1.94
20150907,1.81,87.22,27.97,2.0
20150908,9.33,88.45,27.78,1.87
20150909,1.06,84.33,28.47,1.22
20150910,0.32,83.31,29.09,0.91
20150911,14.36,88.6,28.08,1.13
20150912,7.42,86.72,28.1,1.23
20150913,0.29,84.84,28.3,1.35
20150914,4.21,89.3,27.9,1.31
20150915,8.62,83.41,28.17,0.91
20150916,1.17,84.65,28.37,1.02
20150917,0.03,83.69,28.72,0.79
20150918,0.07,81.52,29.84,0.59
20150919,4.89,87.57,28.78,1.42
20150920,30.28,90.77,26.84,1.79
20150921,68.47,93.01,26.78,1.36
20150922,33.44,94.24,26.74,1.27
20150923,27.98,90.22,27.27,1.53
20150924,7.88,93.16,27.07,2.64
20150925,0.63,87.79,26.65,2.05
20150926,0.05,84.17,26.43,1.39
20150927,0.03,83.63,26.49,1.34
20150928,0.0,83.77,26.98,0.91
20150929,0.0,81.89,27.67,0.66
20150930,0.0,82.24,28.18,0.77
20151001,0.01,85.01,28.2,1.21
20151002,0.18,85.49,27.94,1.43
20151003,1.03,84.3,27.29,1.68
20151004,0.15,77.23,27.27,0.63
20151005,0.87,74.69,26.8,0.98
20151006,4.01,69.58,28.09,0.61
20151007,0.72,76.98,28.29,0.97
20151008,0.81,84.13,27.6,1.15
20151009,0.02,86.18,26.69,2.01
20151010,2.36,80.64,26.1,1.52
20151011,8.41,77.13,26.48,0.84
20151012,1.77,84.27,25.17,1.34
20151013,0.77,87.1,24.14,1.52
20151014,1.77,87.19,23.8,1.35
20151015,0.37,80.4,25.48,0.82
20151016,1.23,83.8,25.43,1.04
20151017,0.45,82.41,25.29,1.21
20151018,0.0,78.16,25.74,0.68
20151019,0.0,80.96,25.81,0.74
20151020,0.0,84.25,25.51,1.12
20151021,0.0,84.43,25.32,1.26
20151022,3.42,85.49,25.26,1.38
20151023,2.71,83.45,24.72,1.36
20151024,0.0,72.89,24.41,0.67
20151025,0.0,77.07,24.44,0.64
20151026,0.0,77.95,24.37,0.8
20151027,0.0,79.66,24.3,0.75
20151028,0.0,79.09,24.63,0.46
20151029,0.0,79.43,24.87,0.58
20151030,0.0,80.17,24.58,0.96
20151031,0.46,77.51,24.31,0.87
20151101,0.11,77.59,24.58,0.9
20151102,0.0,78.79,24.31,0.72
20151103,0.8,84.09,23.55,1.4
20151104,0.21,81.95,22.77,1.54
20151105,0.19,77.33,22.75,1.07
20151106,0.04,79.15,23.05,0.94
20151107,0.0,72.38,23.33,0.66
20151108,0.0,79.07,22.49,0.9
20151109,0.0,79.35,22.68,1.21
20151110,0.0,72.64,23.64,0.61
20151111,0.0,72.88,23.28,0.8
20151112,0.0,72.31,22.64,0.62
20151113,0.0,72.46,22.88,0.46
20151114,0.0,75.96,22.87,0.88
20151115,0.0,79.01,22.38,1.23
20151116,0.0,80.2,22.09,1.34
20151117,0.0,75.25,22.38,1.02
20151118,0.0,73.66,22.53,0.9
20151119,0.0,80.45,21.89,0.89
20151120,0.0,80.62,22.1,1.36
20151121,0.0,79.07,22.22,1.12
20151122,0.0,79.0,22.61,0.95
20151123,0.0,77.68,22.63,0.86
20151124,0.0,74.77,22.73,0.71
20151125,0.0,79.6,22.14,1.09
20151126,0.0,74.3,22.65,0.83
20151127,0.0,77.23,22.07,1.11
20151128,0.0,73.32,21.84,0.79
20151129,0.0,81.45,21.77,0.77
20151130,0.0,76.34,22.38,0.66
20151201,0.0,72.26,22.23,0.82
20151202,0.0,73.94,21.92,0.79
20151203,3.02,76.66,20.86,1.47
20151204,0.14,72.26,19.99,1.01
20151205,0.0,71.49,19.8,0.72
20151206,0.0,81.42,19.64,1.49
20151207,0.0,75.4,19.86,1.29
20151208,0.01,71.86,20.55,0.7
20151209,0.0,69.84,20.69,0.54
20151210,0.0,69.36,19.26,1.05
20151211,0.0,65.72,18.75,1.06
20151212,0.04,67.03,18.97,0.97
20151213,0.01,71.71,18.98,1.01
20151214,0.01,63.42,16.92,1.16
20151215,0.02,58.06,15.84,0.85
20151216,0.0,64.05,15.97,0.59
20151217,0.0,71.63,16.88,0.87
20151218,0.19,70.37,15.37,1.17
20151219,0.0,61.32,14.88,0.84
20151220,0.0,62.99,15.3,0.91
20151221,0.0,57.23,15.31,0.73
20151222,0.0,59.95,15.89,0.58
20151223,0.0,58.6,16.43,0.66
20151224,0.0,62.32,16.35,0.57
20151225,0.0,61.13,15.95,0.69
20151226,0.0,61.45,15.54,0.55
20151227,0.0,61.71,17.33,0.4
20151228,0.0,67.19,17.6,0.69
20151229,0.0,62.35,18.15,0.57
20151230,0.0,62.8,18.55,0.47
20151231,0.03,72.27,18.98,0.6
20160101,0.02,69.5,19.28,0.7
20160102,0.0,74.38,19.28,0.59
20160103,0.0,63.92,18.16,0.83
20160104,0.0,56.24,17.76,0.63
20160105,0.0,55.69,17.6,0.51
20160106,0.0,57.8,17.9,0.78
20160107,0.0,58.08,18.14,0.72
20160108,0.0,62.38,17.33,1.0
20160109,0.06,62.61,17.34,1.86
20160110,0.01,55.0,16.74,0.65
20160111,0.0,63.35,16.52,0.73
20160112,0.0,66.63,17.42,0.83
20160113,0.01,64.94,17.14,1.15
20160114,0.01,59.91,17.09,1.45
20160115,0.0,60.77,16.98,1.28
20160116,0.0,54.0,17.02,1.36
20160117,0.0,60.91,16.56,0.79
20160118,0.0,63.68,17.05,0.78
20160119,0.11,58.83,17.87,1.1
20160120,15.37,80.93,15.72,1.2
20160121,0.37,74.62,16.2,1.21
20160122,0.06,61.37,15.26,1.2
20160123,0.01,55.29,14.17,1.28
20160124,0.0,51.23,14.46,0.61
20160125,0.0,53.73,14.75,0.94
20160126,0.01,53.59,14.58,0.91
20160127,0.12,53.62,15.22,1.26
20160128,0.03,56.74,16.13,0.89
20160129,0.0,55.17,16.96,0.82
20160130,0.0,52.58,17.67,0.89
20160131,0.01,59.48,18.18,0.99
20160201,0.03,63.1,18.3,1.08
20160202,0.02,61.13,18.51,1.27
20160203,0.01,50.69,18.48,1.47
20160204,0.01,46.4,17.63,0.72
20160205,0.0,44.41,17.3,0.6
20160206,0.0,46.98,18.74,0.64
20160207,0.0,59.47,19.97,0.91
20160208,0.61,57.01,20.09,1.21
20160209,0.24,65.96,19.79,1.4
20160210,0.06,55.42,19.3,1.87
20160211,0.0,47.83,19.39,1.85
20160212,0.08,42.6,19.77,1.45
20160213,0.0,41.66,19.37,1.04
20160214,0.0,44.99,20.62,1.06
20160215,0.0,48.9,21.81,1.35
20160216,0.0,42.52,22.03,1.53
20160217,0.0,48.15,22.67,1.69
20160218,0.0,46.46,23.25,1.14
20160219,0.0,48.74,23.95,0.9
20160220,0.01,51.57,24.34,1.06
20160221,0.0,45.06,25.22,3.74
20160222,0.0,41.53,23.1,2.39
20160223,0.0,32.57,22.06,1.73
20160224,0.01,32.02,21.79,1.08
20160225,0.09,43.45,21.34,1.29
20160226,0.03,53.9,22.83,1.37
20160227,0.01,54.5,23.64,1.12
20160228,0.01,50.29,23.98,1.43
20160229,0.02,50.68,24.4,1.35
20160301,0.01,44.49,24.84,1.26
20160302,0.07,40.59,24.97,1.48
20160303,0.18,38.33,25.21,1.36
20160304,0.1,33.29,25.75,1.11
20160305,0.24,41.96,25.26,1.16
20160306,0.18,41.15,26.36,1.4
20160307,0.04,36.27,25.64,2.27
20160308,0.52,42.25,26.13,2.65
20160309,0.12,41.42,26.91,2.68
20160310,0.0,33.48,26.81,2.72
20160311,0.0,30.42,26.82,2.05
20160312,0.0,32.47,27.28,1.2
20160313,0.32,33.16,27.62,2.48
20160314,0.04,39.02,27.29,3.44
20160315,0.12,43.56,26.81,2.88
20160316,0.09,30.92,26.33,3.27
20160317,0.05,30.34,25.67,1.59
20160318,0.02,28.12,25.75,1.2
20160319,0.07,35.0,26.97,1.29
20160320,4.17,46.98,27.62,1.54
20160321,6.81,43.6,26.97,2.33
20160322,0.57,25.59,25.99,2.64
20160323,0.07,24.21,26.2,1.12
20160324,0.0,30.98,25.85,1.35
20160325,0.0,29.96,28.03,0.98
20160326,0.0,34.65,28.81,1.13
20160327,5.74,53.06,28.97,1.83
20160328,39.18,76.62,26.13,2.05
20160329,2.61,58.68,26.48,2.19
20160330,2.76,57.96,27.18,1.25
20160331,25.9,74.26,25.38,1.78
20160401,18.34,76.18,23.34,1.66
20160402,0.06,60.28,25.65,1.08
20160403,0.32,62.58,27.62,1.39
20160404,0.61,69.84,27.72,1.49
20160405,27.4,66.63,28.06,2.63
20160406,6.53,63.28,27.68,1.52
20160407,1.49,56.68,28.61,1.93
20160408,0.72,47.97,29.42,2.73
20160409,0.16,42.23,29.81,2.81
20160410,1.12,30.9,30.29,2.97
20160411,0.1,38.4,29.91,2.26
20160412,1.01,34.44,30.27,2.91
20160413,0.17,29.5,29.15,2.96
20160414,0.95,35.14,29.0,1.91
20160415,3.37,52.87,29.33,1.69
20160416,18.41,63.92,29.3,1.79
20160417,10.62,68.41,27.69,2.41
20160418,16.53,74.03,27.44,1.93
20160419,10.51,57.19,29.38,2.03
20160420,10.6,66.67,28.83,2.09
20160421,10.26,59.41,29.28,1.84
20160422,1.94,59.64,28.99,1.67
20160423,0.89,52.06,30.22,1.86
20160424,2.2,38.35,30.37,2.88
20160425,0.28,30.8,28.9,2.42
20160426,1.69,55.81,29.49,1.47
20160427,1.62,57.07,29.76,1.49
20160428,2.52,56.85,30.54,1.97
20160429,12.13,61.28,30.21,1.79
20160430,1.15,57.39,30.72,1.69
20160501,10.53,59.26,29.24,1.66
20160502,6.13,70.63,27.2,1.35
20160503,0.24,62.13,27.78,0.92
20160504,11.85,74.43,27.07,1.35
20160505,16.26,72.78,27.1,1.05
20160506,8.85,64.99,27.99,1.44
20160507,8.27,69.11,28.08,1.59
20160508,13.74,70.35,27.96,1.54
20160509,0.95,66.47,29.09,1.33
20160510,4.72,69.67,29.36,1.13
20160511,6.27,67.82,29.92,1.2
20160512,2.35,65.94,29.61,1.49
20160513,7.82,74.5,28.36,2.2
20160514,29.2,80.34,27.83,2.62
20160515,24.23,80.82,28.8,2.08
20160516,29.61,77.64,29.45,2.39
20160517,26.23,78.59,28.97,2.18
20160518,25.39,82.29,28.26,2.12
20160519,31.43,87.32,26.59,1.89
20160520,13.17,80.34,27.28,1.24
20160521,2.46,81.42,27.58,1.73
20160522,0.03,75.76,28.44,1.06
20160523,2.29,77.1,29.59,1.05
20160524,13.72,76.23,30.18,1.34
20160525,13.53,74.02,28.75,2.38
20160526,4.9,73.69,28.63,1.41
20160527,31.32,78.57,28.38,1.03
20160528,6.92,80.31,28.41,1.32
20160529,5.25,77.8,28.4,1.48
20160530,4.29,74.37,28.73,1.6
20160531,18.4,73.39,29.05,1.46
20160601,9.33,78.37,28.5,1.55
20160602,0.17,76.32,29.16,1.21
20160603,0.03,76.96,29.55,1.46
20160604,0.54,77.44,29.44,1.56
20160605,3.22,79.28,29.43,1.86
20160606,7.4,84.5,28.69,1.34
20160607,12.44,85.0,28.66,1.64
20160608,9.63,81.62,29.36,2.52
20160609,15.04,81.26,29.31,1.77
20160610,3.26,77.54,30.36,1.66
20160611,1.15,68.3,31.11,1.27
20160612,6.63,78.25,30.46,1.81
20160613,33.36,88.7,28.62,2.28
20160614,11.22,87.5,28.23,1.81
20160615,40.75,90.02,27.9,1.48
20160616,16.52,86.13,28.62,1.43
20160617,3.7,87.6,28.33,1.62
20160618,14.56,86.54,28.56,1.38
20160619,13.86,85.68,28.86,2.42
20160620,28.82,87.35,28.35,2.96
20160621,42.86,90.61,27.88,2.28
20160622,33.24,90.32,28.18,2.62
20160623,38.42,91.27,27.85,2.24
20160624,72.4,90.62,27.24,1.82
20160625,59.09,87.12,28.27,1.68
20160626,9.75,83.66,29.23,1.09
20160627,16.79,88.97,28.83,1.3
20160628,2.25,83.37,29.68,1.27
20160629,2.56,86.79,29.15,1.92
20160630,15.65,89.83,28.6,1.78
20160701,16.08,87.43,28.87,1.41
20160702,32.24,88.99,28.22,1.5
20160703,43.18,89.44,28.41,1.91
20160704,32.95,90.51,28.18,2.17
20160705,25.67,89.25,28.57,2.04
20160706,17.0,86.1,29.13,1.78
20160707,8.02,85.98,29.16,1.34
20160708,3.83,85.78,29.27,1.32
20160709,8.01,85.09,29.49,1.38
20160710,8.12,87.01,28.68,1.51
20160711,5.09,84.56,29.38,1.53
20160712,3.43,86.13,29.2,1.84
20160713,5.02,85.99,29.11,1.56
20160714,5.08,89.58,28.63,1.75
20160715,13.24,89.71,28.5,1.33
20160716,36.12,91.6,27.89,2.0
20160717,67.45,89.21,27.99,2.26
20160718,29.99,88.76,28.39,2.45
20160719,20.02,90.3,28.18,2.28
20160720,24.77,91.93,28.21,2.33
20160721,27.86,93.43,27.69,2.4
20160722,48.38,91.51,27.61,2.08
20160723,38.18,92.03,27.18,1.95
20160724,24.53,90.08,27.63,2.92
20160725,41.79,88.58,26.72,1.27
20160726,21.3,88.71,27.13,1.63
20160727,6.23,87.23,27.62,1.47
20160728,10.3,86.75,28.26,1.62
20160729,11.17,87.24,28.43,1.54
20160730,8.09,82.22,29.13,1.05
20160731,2.92,86.71,28.41,0.74
20160801,20.71,81.43,29.46,1.21
20160802,42.87,89.92,28.32,1.21
20160803,13.08,83.93,29.41,1.0
20160804,1.6,87.55,28.98,0.95
20160805,2.6,88.15,28.01,1.27
20160806,2.1,89.41,27.97,1.09
20160807,4.57,88.01,27.99,1.37
20160808,4.1,88.11,28.18,1.26
20160809,7.64,86.27,28.64,1.27
20160810,2.9,88.05,28.12,1.85
20160811,4.29,85.46,28.93,2.04
20160812,1.07,87.01,28.64,1.16
20160813,1.03,86.32,28.98,1.46
20160814,4.56,88.97,28.51,1.25
20160815,4.29,83.37,29.55,1.0
20160816,4.14,88.01,28.93,1.09
20160817,3.09,86.82,29.05,1.72
20160818,1.2,86.1,28.57,1.14
20160819,0.41,87.16,28.49,1.74
20160820,0.02,86.06,28.58,1.68
20160821,7.98,85.4,29.69,1.16
20160822,5.76,83.43,27.9,2.49
20160823,1.04,84.98,28.3,1.29
20160824,0.08,76.66,29.48,0.52
20160825,0.68,74.78,31.15,0.63
20160826,2.53,81.54,30.0,0.69
20160827,0.32,81.97,29.47,1.25
20160828,24.54,88.61,28.59,1.66
20160829,24.32,90.39,27.92,1.69
20160830,12.43,86.55,28.52,1.82
20160831,11.92,88.48,27.97,2.4
20160901,14.68,89.55,28.23,2.77
20160902,16.97,90.19,28.31,2.11
20160903,17.85,87.61,28.04,1.18
20160904,6.31,87.63,28.27,1.16
20160905,4.25,88.67,28.12,1.16
20160906,3.28,82.18,29.17,1.11
20160907,5.3,86.36,28.1,1.13
20160908,3.54,85.92,28.34,1.32
20160909,7.02,87.2,28.22,1.92
20160910,13.26,88.75,27.7,1.52
20160911,6.96,92.21,26.88,1.19
20160912,9.41,85.3,27.19,0.82
20160913,4.55,88.21,27.01,1.12
20160914,1.85,91.65,26.45,0.95
20160915,8.33,86.0,27.79,1.38
20160916,9.37,90.98,27.42,1.47
20160917,4.31,89.6,27.61,1.45
20160918,12.93,90.96,27.24,1.31
20160919,25.35,89.96,27.2,1.16
20160920,14.07,85.63,27.48,0.74
20160921,34.51,91.88,26.52,0.89
20160922,3.02,86.39,26.71,0.98
20160923,8.63,91.07,26.1,1.31
20160924,14.58,85.48,27.21,0.7
20160925,62.49,89.67,26.85,0.75
20160926,16.62,86.73,26.95,0.79
20160927,3.09,86.31,27.17,0.69
20160928,4.02,80.55,28.18,0.42
20160929,10.39,83.12,28.36,0.82
20160930,3.72,84.15,28.26,0.91
20161001,0.46,86.58,27.8,0.84
20161002,0.2,85.58,27.99,1.12
20161003,5.49,87.66,28.06,1.05
20161004,2.58,85.36,28.2,1.06
20161005,2.83,82.84,28.5,0.63
20161006,2.95,88.24,27.69,0.91
20161007,6.21,89.03,27.19,1.36
20161008,12.55,87.04,27.22,1.15
20161009,13.76,90.98,26.68,1.42
20161010,19.34,88.19,26.71,0.89
20161011,25.14,88.76,26.38,1.1
20161012,33.05,92.84,24.57,2.26
20161013,17.4,83.51,25.4,1.05
20161014,0.14,75.67,25.32,0.78
20161015,0.0,77.27,25.26,0.48
20161016,0.0,76.04,26.03,0.68
20161017,0.0,76.08,26.6,0.71
20161018,0.0,75.02,26.68,0.74
20161019,0.0,77.07,25.76,0.8
20161020,0.0,75.13,25.21,0.72
20161021,0.0,80.78,24.54,0.78
20161022,0.0,78.19,24.9,0.66
20161023,0.0,78.65,24.69,0.45
20161024,0.0,77.18,24.97,0.68
20161025,0.0,77.69,25.82,0.8
20161026,0.23,78.51,25.52,0.69
20161027,0.28,75.52,24.88,0.88
20161028,0.56,76.81,24.67,0.54
20161029,0.02,76.93,24.02,0.7
20161030,0.04,73.74,24.6,0.61
20161031,0.0,77.49,24.52,0.79
20161101,0.0,76.57,24.71,1.01
20161102,0.0,77.05,25.07,1.15
20161103,0.0,75.72,25.54,0.74
20161104,0.0,76.51,24.67,0.68
20161105,0.05,78.47,23.59,0.71
20161106,0.18,83.16,22.4,1.33
20161107,0.01,77.97,22.94,0.86
20161108,0.0,78.28,22.69,0.69
20161109,0.0,78.62,23.12,0.54
20161110,0.0,80.79,23.7,0.85
20161111,0.0,83.52,22.92,0.94
20161112,0.0,83.57,22.55,0.99
20161113,0.0,83.11,21.75,1.18
20161114,0.0,80.29,20.45,0.98
20161115,0.0,77.1,20.35,0.64
20161116,0.0,73.34,20.28,0.61
20161117,0.0,70.87,20.35,0.53
20161118,0.0,75.47,20.83,0.58
20161119,0.0,80.7,20.98,0.5
20161120,0.0,78.65,21.85,0.78
20161121,0.0,76.62,21.28,0.6
20161122,0.0,76.75,21.09,0.52
20161123,0.0,79.17,21.07,0.57
20161124,0.0,82.02,21.18,0.82
20161125,0.0,80.09,21.19,0.67
20161126,0.0,80.3,21.67,0.76
20161127,0.0,82.1,22.01,0.78
20161128,0.0,79.25,22.06,0.65
20161129,0.0,79.74,21.72,0.43
20161130,0.0,82.14,21.4,0.89
20161201,0.0,80.7,21.53,0.91
20161202,0.0,84.19,21.26,1.24
20161203,0.0,79.82,21.15,0.44
20161204,0.0,80.18,21.0,0.51
20161205,0.0,78.9,20.48,0.91
20161206,0.0,74.21,20.94,1.3
20161207,0.0,72.35,20.27,1.27
20161208,0.0,73.95,20.22,1.08
20161209,0.0,75.29,19.9,0.61
20161210,0.0,73.77,19.41,0.42
20161211,0.0,74.72,18.71,0.56
20161212,0.0,75.76,17.17,0.71
20161213,0.0,74.27,17.37,0.61
20161214,0.0,77.63,17.53,0.68
20161215,0.0,78.75,17.76,0.36
20161216,0.0,78.98,19.16,1.06
20161217,0.0,75.53,20.27,0.87
20161218,0.0,79.96,19.64,0.71
20161219,0.0,78.81,18.71,1.23
20161220,0.0,74.14,16.74,0.89
20161221,0.0,69.53,16.84,0.52
20161222,0.0,78.74,18.73,1.15
20161223,0.0,79.68,20.24,0.82
20161224,0.0,78.02,19.47,1.21
20161225,0.04,75.17,19.05,1.04
20161226,2.22,79.62,18.95,0.78
20161227,0.01,80.87,18.54,0.84
20161228,0.28,75.98,18.04,0.87
20161229,0.0,72.5,18.51,1.34
20161230,0.0,70.75,19.11,1.36
20161231,0.0,71.71,19.35,1.12
20170101,0.0,72.98,19.19,1.14
20170102,0.0,72.78,19.45,1.11
20170103,0.25,70.5,19.79,0.89
20170104,0.01,65.4,19.26,0.78
20170105,0.02,69.17,17.48,0.85
20170106,0.01,66.14,17.09,0.76
20170107,0.0,63.45,17.49,0.64
20170108,0.0,64.37,17.81,0.61
20170109,0.0,66.41,17.45,0.82
20170110,0.05,67.56,17.53,1.2
20170111,0.01,73.51,16.5,1.23
20170112,0.0,59.3,15.24,1.15
20170113,0.0,53.88,13.4,1.13
20170114,0.0,53.59,13.59,0.58
20170115,0.0,60.55,14.31,0.64
20170116,0.0,57.38,14.88,0.78
20170117,0.0,54.25,15.97,0.67
20170118,0.0,59.87,16.48,0.57
20170119,0.0,62.18,17.07,0.55
20170120,0.0,57.07,17.47,0.69
20170121,0.0,63.8,17.56,0.63
20170122,0.0,63.0,18.23,0.47
20170123,0.0,59.13,17.77,0.52
20170124,0.0,62.6,18.3,0.83
20170125,0.0,67.71,18.98,1.42
20170126,0.0,61.7,19.76,1.12
20170127,0.03,58.67,21.02,0.56
20170128,1.16,69.56,18.56,1.61
20170129,0.53,66.07,17.53,0.74
20170130,0.0,60.98,18.52,0.91
20170131,0.0,61.44,18.23,1.04
20170201,0.0,58.2,18.64,0.96
20170202,0.01,57.2,18.64,0.71
20170203,0.01,58.1,18.18,0.53
20170204,0.0,64.42,19.23,1.02
20170205,0.0,59.08,20.98,0.85
20170206,0.0,56.46,20.8,1.22
20170207,0.0,57.39,19.94,1.61
20170208,0.0,52.57,19.59,0.86
20170209,0.0,49.79,19.22,1.01
20170210,0.0,50.6,18.86,1.62
20170211,0.0,47.31,19.79,0.85
20170212,0.0,53.87,19.37,1.03
20170213,0.0,56.45,19.88,0.74
20170214,0.0,54.15,21.23,0.98
20170215,0.0,50.07,20.86,0.47
20170216,0.0,50.74,21.24,0.65
20170217,0.0,51.46,22.06,0.59
20170218,0.0,48.29,22.52,0.47
20170219,0.0,50.27,22.6,1.2
20170220,0.41,55.88,22.55,2.2
20170221,1.2,52.83,23.37,2.33
20170222,4.75,59.4,23.27,2.11
20170223,0.05,39.21,21.11,2.16
20170224,0.0,34.97,20.02,1.58
20170225,0.0,37.01,19.69,0.99
20170226,0.06,37.28,20.47,1.15
20170227,0.13,40.36,21.06,1.01
20170228,0.04,43.89,21.4,0.92
20170301,0.04,41.44,22.41,0.85
20170302,0.16,42.59,23.45,1.42
20170303,0.09,42.29,24.44,2.86
20170304,0.0,38.59,23.96,2.73
20170305,0.46,45.07,24.01,2.27
20170306,0.02,32.47,22.51,2.44
20170307,0.37,29.92,22.24,1.49
20170308,0.01,33.02,23.02,1.08
20170309,0.28,42.91,23.29,1.62
20170310,1.35,51.23,24.38,1.33
20170311,23.06,79.5,20.97,1.43
20170312,0.14,47.41,21.8,3.11
20170313,0.06,36.92,20.91,1.75
20170314,0.05,36.36,21.34,1.3
20170315,0.03,37.8,21.26,1.42
20170316,0.04,38.95,21.74,1.34
20170317,0.54,39.82,22.99,1.5
20170318,4.09,49.68,23.11,1.33
20170319,0.54,50.66,22.64,1.19
20170320,8.33,56.21,22.03,1.57
20170321,2.77,59.03,22.68,1.3
20170322,2.85,53.55,24.31,1.19
20170323,0.01,54.11,25.89,1.13
20170324,4.14,58.5,26.66,1.45
20170325,16.82,65.2,26.11,1.6
20170326,0.64,65.95,25.75,1.08
20170327,0.43,64.52,26.55,1.42
20170328,8.7,67.82,26.91,1.79
20170329,11.11,75.21,26.4,1.9
20170330,5.14,69.6,27.55,1.97
20170331,8.43,72.43,27.06,1.84
20170401,16.3,71.88,27.16,2.04
20170402,16.07,72.48,26.89,1.91
20170403,17.41,69.78,27.05,1.65
20170404,16.64,77.12,25.43,1.47
20170405,3.22,74.47,25.29,1.55
20170406,3.92,74.73,26.58,1.74
20170407,8.13,71.75,27.51,2.17
20170408,7.49,67.69,28.73,2.27
20170409,0.51,50.05,28.13,2.77
20170410,0.22,39.69,25.58,1.61
20170411,0.06,36.16,25.88,1.22
20170412,0.0,50.35,25.7,1.21
20170413,0.0,54.51,27.62,1.31
20170414,0.33,58.71,27.29,1.64
20170415,5.47,60.32,27.36,1.48
20170416,10.41,66.58,27.0,1.3
20170417,0.27,61.31,26.41,1.64
20170418,0.23,58.03,27.89,1.57
20170419,14.17,78.84,27.22,1.75
20170420,13.7,87.43,25.87,2.06
20170421,33.01,89.07,25.44,2.37
20170422,43.77,89.96,25.41,2.07
20170423,12.43,79.67,25.89,0.96
20170424,7.47,81.34,26.51,2.7
20170425,2.77,76.32,27.89,2.52
20170426,2.65,72.23,28.43,2.11
20170427,2.16,71.11,28.09,2.18
20170428,5.92,73.48,27.75,1.51
20170429,25.95,82.22,26.78,1.51
20170430,2.63,77.97,27.53,1.7
20170501,17.67,79.84,27.08,2.24
20170502,2.86,77.32,26.32,2.03
20170503,0.98,75.14,26.78,1.11
20170504,19.67,79.61,27.27,1.68
20170505,12.45,77.95,27.41,1.46
20170506,7.92,79.55,27.24,1.23
20170507,5.1,82.1,27.58,1.71
20170508,10.44,81.76,27.52,1.06
20170509,22.3,83.88,27.28,1.21
20170510,5.15,75.32,27.58,0.76
20170511,4.28,78.94,27.82,1.65
20170512,7.68,81.84,26.69,1.27
20170513,14.51,77.36,28.45,1.11
20170514,10.68,79.65,28.68,1.08
20170515,2.17,75.51,27.54,1.2
20170516,16.28,85.97,25.81,1.96
20170517,0.91,75.77,27.89,1.13
20170518,1.45,79.75,28.84,1.89
20170519,20.11,80.41,28.94,1.88
20170520,19.63,81.45,28.69,1.51
20170521,12.17,79.8,28.99,1.46
20170522,12.28,80.18,29.09,1.26
20170523,15.8,83.43,28.99,1.19
20170524,19.38,84.49,29.21,1.91
20170525,14.52,83.38,29.21,1.65
20170526,16.46,82.74,28.93,1.54
20170527,9.24,73.51,29.28,0.8
20170528,0.86,70.1,29.5,0.92
20170529,0.8,73.94,29.96,1.13
20170530,7.99,86.49,26.4,1.97
20170531,1.66,80.79,28.1,1.88
20170601,11.1,84.34,28.82,2.42
20170602,25.22,84.31,29.1,3.13
20170603,15.65,79.11,29.4,2.73
20170604,5.93,82.06,29.59,1.69
20170605,23.29,86.67,28.76,1.5
20170606,1.8,77.58,30.23,0.89
20170607,0.21,79.68,30.19,1.21
20170608,0.98,79.47,30.15,1.4
20170609,2.25,81.23,29.7,1.66
20170610,2.8,81.27,29.52,1.43
20170611,2.7,85.44,28.63,1.41
20170612,9.73,83.9,28.15,1.93
20170613,7.93,79.08,29.14,1.77
20170614,19.14,87.62,28.4,1.94
20170615,3.17,85.14,28.09,1.81
20170616,58.28,86.99,27.7,1.64
20170617,7.97,83.73,28.22,1.21
20170618,11.18,82.54,29.53,2.23
20170619,43.48,90.68,28.34,2.54
20170620,25.79,90.85,27.23,1.51
20170621,29.32,85.38,27.86,1.51
20170622,42.19,88.26,28.04,1.48
20170623,5.97,86.93,28.38,1.51
20170624,2.18,82.35,29.26,0.96
20170625,1.84,83.9,28.98,1.03
20170626,2.66,82.89,29.15,1.32
20170627,2.96,83.91,29.07,1.14
20170628,6.22,84.4,29.21,1.36
20170629,5.21,87.58,28.55,1.65
20170630,23.0,86.2,28.7,1.69
20170701,22.06,89.52,28.71,1.34
20170702,11.9,83.38,29.1,1.27
20170703,17.79,87.66,28.75,1.45
20170704,17.17,91.46,28.21,1.63
20170705,9.76,89.19,28.42,1.45
20170706,18.65,87.29,28.46,1.47
20170707,2.1,85.83,28.9,1.42
20170708,16.52,88.75,28.47,1.77
20170709,57.73,92.07,27.46,2.16
20170710,47.74,88.96,27.43,1.54
20170711,25.66,92.5,25.46,2.92
20170712,12.61,84.47,27.15,2.32
20170713,1.21,82.7,28.82,1.12
20170714,0.66,86.38,28.21,1.37
20170715,0.74,82.3,29.24,1.34
20170716,3.33,81.11,29.85,0.83
20170717,2.95,86.92,29.01,1.26
20170718,2.8,80.51,30.52,1.4
20170719,12.25,89.97,28.23,1.65
20170720,5.81,88.76,27.58,1.55
20170721,9.56,84.84,28.47,1.21
20170722,10.14,88.27,28.31,1.1
20170723,15.37,87.29,27.88,2.2
20170724,15.64,88.73,27.34,3.28
20170725,21.78,88.57,27.25,2.84
20170726,10.43,85.55,27.99,1.47
20170727,2.47,84.12,28.41,1.21
20170728,8.03,89.64,28.15,1.28
20170729,13.85,89.89,28.13,1.49
20170730,7.99,85.83,28.36,1.54
20170731,6.89,86.06,28.82,1.95
20170801,14.75,88.56,28.86,2.42
20170802,11.97,90.65,28.78,2.49
20170803,10.98,91.16,28.6,2.3
20170804,7.45,86.17,29.18,1.05
20170805,2.58,86.67,29.45,0.94
20170806,3.41,89.98,28.81,1.2
20170807,4.89,87.29,28.75,2.16
20170808,17.64,86.98,28.9,2.18
20170809,49.16,90.01,28.5,2.81
20170810,67.82,93.56,27.66,2.8
20170811,64.72,92.65,27.56,1.54
20170812,124.43,93.72,27.21,1.84
20170813,27.14,91.61,26.99,1.62
20170814,13.67,90.03,27.52,1.83
20170815,8.07,91.54,27.68,1.84
20170816,1.69,90.48,28.33,1.75
20170817,2.43,85.19,28.92,1.07
20170818,4.22,89.53,27.83,1.11
20170819,1.66,84.97,28.1,0.99
20170820,3.45,86.41,28.09,1.37
20170821,1.66,84.81,28.23,1.14
20170822,7.72,82.55,28.95,0.83
20170823,6.28,82.84,29.18,0.84
20170824,2.21,86.18,28.6,1.06
20170825,1.57,87.86,27.96,1.01
20170826,10.93,89.01,28.16,1.04
20170827,62.52,87.58,28.04,1.33
20170828,5.74,85.37,28.48,1.12
20170829,0.84,87.41,28.03,1.45
20170830,11.33,90.24,27.81,1.58
20170831,17.02,89.07,27.91,1.41
20170901,4.45,91.2,27.83,1.76
20170902,23.07,93.74,27.1,1.79
20170903,13.61,89.0,27.56,1.58
20170904,6.53,89.67,27.97,2.44
20170905,4.58,88.77,28.06,2.34
20170906,8.88,88.66,27.93,1.54
20170907,8.2,89.83,27.73,1.99
20170908,18.59,92.7,27.4,1.97
20170909,44.06,92.26,27.4,3.23
20170910,21.64,92.3,27.25,1.37
20170911,5.09,89.04,27.11,0.83
20170912,2.97,85.67,27.12,0.83
20170913,5.64,84.51,27.9,0.74
20170914,4.47,85.69,28.04,0.99
20170915,0.46,83.0,28.35,0.66
20170916,0.06,77.46,29.85,0.5
20170917,5.62,86.28,28.94,1.15
20170918,2.06,87.0,27.7,1.84
20170919,16.12,89.02,27.55,1.3
20170920,22.13,87.25,27.47,1.22
20170921,13.29,86.51,27.57,1.2
20170922,9.49,90.59,27.37,1.48
20170923,16.41,91.48,27.58,1.46
20170924,9.22,89.97,27.87,1.4
20170925,1.75,85.07,28.26,1.0
20170926,0.34,86.86,27.96,1.09
20170927,0.15,83.98,28.41,0.81
20170928,3.37,88.14,27.52,0.66
20170929,24.97,89.03,26.69,1.29
20170930,40.71,94.71,25.67,1.58
20171001,20.96,93.47,25.91,1.42
20171002,26.18,91.91,26.12,1.13
20171003,11.45,82.82,26.77,0.78
20171004,0.2,81.96,27.27,0.78
20171005,0.02,83.24,28.19,1.16
20171006,0.18,88.91,27.88,0.9
20171007,0.52,88.84,27.77,1.2
20171008,0.57,87.4,27.15,0.89
20171009,4.67,83.3,27.66,0.76
20171010,1.37,82.1,27.77,0.73
20171011,0.29,82.14,28.03,0.8
20171012,0.63,85.28,27.73,1.3
20171013,14.85,91.0,27.22,2.28
20171014,8.26,87.67,27.28,1.92
20171015,0.37,83.57,26.57,1.27
20171016,0.24,74.1,27.16,0.61
20171017,0.0,81.24,26.94,1.07
20171018,0.02,76.79,26.86,1.26
20171019,0.29,80.44,26.91,0.86
20171020,31.53,90.47,25.05,1.39
20171021,27.03,91.0,23.42,2.91
20171022,1.68,89.88,24.0,1.64
20171023,1.4,86.46,24.48,1.31
20171024,0.55,88.5,24.26,1.28
20171025,0.23,84.21,24.08,0.98
20171026,0.07,81.73,23.51,0.89
20171027,0.0,82.47,22.96,0.9
20171028,0.0,80.73,22.84,1.12
20171029,1.24,79.98,23.33,1.36
20171030,35.62,87.36,22.88,1.2
20171031,0.85,82.42,22.02,0.84
20171101,0.0,81.67,21.91,0.98
20171102,0.0,82.45,22.08,1.05
20171103,0.0,82.88,22.4,1.54
20171104,0.0,80.74,22.58,1.74
20171105,0.0,80.44,22.81,1.59
20171106,0.0,76.55,23.33,1.07
20171107,0.0,81.97,23.06,1.2
20171108,0.0,80.17,22.96,1.31
20171109,0.0,75.52,22.88,1.05
20171110,0.0,79.09,22.72,1.06
20171111,0.0,76.42,23.12,1.04
20171112,0.0,77.6,23.01,0.7
20171113,0.0,84.57,22.52,1.04
20171114,0.0,84.19,22.2,1.38
20171115,0.05,84.19,22.22,1.45
20171116,0.51,82.96,22.95,0.47
20171117,0.37,83.6,23.16,0.83
20171118,0.04,83.4,23.31,0.78
20171119,0.0,84.41,22.86,0.86
20171120,0.0,84.77,21.8,0.99
20171121,0.0,81.48,20.55,1.08
20171122,0.0,76.84,19.1,0.94
20171123,0.0,74.98,18.59,0.67
20171124,0.0,76.09,18.68,0.95
20171125,0.0,75.11,19.18,0.34
20171126,0.0,80.68,20.36,0.74
20171127,0.44,81.73,18.99,1.05
20171128,0.1,79.13,18.1,0.73
20171129,0.06,79.98,18.38,0.86
20171130,0.02,80.38,18.88,0.95
20171201,0.0,79.59,19.68,0.93
20171202,0.0,80.26,19.56,0.94
20171203,0.0,80.27,19.14,0.57
20171204,0.0,82.36,19.16,0.78
20171205,0.0,80.8,19.6,0.81
20171206,0.0,81.72,19.72,0.47
20171207,0.0,83.44,20.31,0.74
20171208,0.0,83.01,20.23,1.07
20171209,0.16,80.01,20.59,0.8
20171210,1.51,83.8,20.6,1.17
20171211,0.81,83.85,20.75,0.98
20171212,0.01,84.09,20.09,1.26
20171213,0.0,78.81,18.78,1.04
20171214,0.0,79.52,18.48,0.94
20171215,0.0,75.37,17.91,0.78
20171216,0.0,75.45,18.39,0.75
20171217,0.0,83.92,18.12,0.89
20171218,0.0,83.68,18.0,0.79
20171219,0.0,84.92,18.39,0.89
20171220,0.0,85.99,19.3,1.43
20171221,0.0,85.17,19.6,0.99
20171222,0.0,86.59,19.12,1.28
20171223,0.0,79.06,18.5,0.69
20171224,0.0,79.29,18.39,0.56
20171225,0.0,78.55,19.25,0.74
20171226,0.0,74.33,18.5,0.55
20171227,0.0,70.62,17.86,0.51
20171228,0.0,75.75,18.33,1.23
20171229,0.0,77.09,18.37,0.99
20171230,0.0,76.67,18.77,1.27
20171231,0.0,73.57,19.39,0.84
20180101,0.0,73.52,19.08,0.66
20180102,0.01,75.54,19.39,0.74
20180103,0.01,70.45,16.3,1.44
20180104,0.01,70.08,14.51,0.67
20180105,0.0,71.07,14.66,0.82
20180106,0.0,64.81,12.9,1.26
20180107,0.0,61.65,12.15,0.92
20180108,0.0,63.21,12.61,0.97
20180109,0.0,65.17,13.62,0.67
20180110,0.0,68.66,13.27,0.87
20180111,0.0,69.4,13.54,0.72
20180112,0.0,73.09,14.96,0.62
20180113,0.0,74.99,15.28,0.92
20180114,0.0,73.38,15.41,0.84
20180115,0.0,68.89,15.31,1.19
20180116,0.0,66.5,15.46,0.75
20180117,0.0,68.24,16.43,0.89
20180118,0.0,65.75,16.06,0.96
20180119,0.0,61.1,15.59,0.79
20180120,0.0,60.78,15.32,0.9
20180121,0.0,61.18,16.43,0.81
20180122,0.0,63.52,16.69,0.84
20180123,0.0,65.1,17.19,0.92
20180124,0.02,63.59,16.92,1.28
20180125,0.0,60.73,16.52,1.51
20180126,0.01,62.73,15.69,0.99
20180127,0.05,63.03,14.5,1.25
20180128,0.0,59.49,13.89,0.69
20180129,0.0,58.27,14.12,0.77
20180130,0.01,57.76,14.23,0.8
20180131,0.0,59.06,15.87,0.93
20180201,0.0,64.54,17.34,0.83
20180202,0.0,67.61,17.27,0.76
20180203,0.0,69.04,17.85,1.13
20180204,0.0,65.3,17.55,1.32
20180205,0.0,64.06,18.01,0.94
20180206,0.0,59.51,17.84,1.26
20180207,0.0,56.35,18.23,1.31
20180208,0.01,53.92,18.63,1.82
20180209,0.0,52.07,18.15,1.95
20180210,0.0,46.85,18.64,1.34
20180211,0.0,48.07,18.06,1.1
20180212,0.0,53.74,19.03,1.1
20180213,0.0,50.65,19.59,0.67
20180214,0.36,61.41,19.88,1.87
20180215,0.1,52.03,19.43,1.24
20180216,0.0,52.39,19.19,0.72
20180217,0.0,51.29,19.01,0.95
20180218,0.03,56.55,19.55,1.21
20180219,0.0,52.3,20.2,0.93
20180220,0.04,58.73,20.07,1.06
20180221,0.08,53.34,20.97,0.91
20180222,0.13,48.38,20.88,0.92
20180223,0.12,46.5,22.23,1.07
20180224,0.03,60.12,21.21,1.54
20180225,1.05,56.6,23.23,0.93
20180226,6.56,64.98,22.49,1.22
20180227,0.35,69.07,21.37,1.01
20180228,0.0,61.53,22.81,1.01
20180301,0.17,56.49,23.15,1.06
20180302,4.4,58.37,23.19,1.13
20180303,0.19,50.61,23.64,1.21
20180304,0.02,50.42,23.64,1.16
20180305,0.59,49.81,23.91,1.54
20180306,0.06,45.27,23.43,2.56
20180307,0.0,41.07,22.08,1.18
20180308,0.01,49.27,22.46,1.35
20180309,0.15,47.2,23.72,1.03
20180310,0.27,40.3,23.29,1.14
20180311,0.37,42.67,23.29,1.06
20180312,1.02,47.19,23.52,1.16
20180313,0.23,50.54,23.35,1.21
20180314,0.0,52.06,24.45,0.93
20180315,0.39,55.53,25.05,1.02
20180316,0.13,47.8,25.09,2.23
20180317,0.12,37.71,24.33,2.24
20180318,0.07,34.96,24.08,1.76
20180319,0.0,33.13,24.77,0.75
20180320,0.0,39.8,24.24,0.91
20180321,0.0,41.73,25.45,1.03
20180322,1.99,45.31,26.25,1.1
20180323,1.12,48.18,26.45,1.28
20180324,0.04,49.29,26.89,1.11
20180325,0.52,51.52,27.08,1.3
20180326,0.58,46.31,27.1,1.43
20180327,0.82,54.51,25.72,1.31
20180328,0.23,51.57,26.52,0.98
20180329,11.72,60.13,26.2,1.35
20180330,5.56,67.07,25.21,1.8
20180331,18.46,63.22,24.7,1.68
20180401,3.23,58.39,25.25,1.44
20180402,0.0,51.9,27.17,0.91
20180403,0.0,46.5,27.49,0.82
20180404,0.02,47.2,27.57,1.27
20180405,12.36,60.44,26.63,1.61
20180406,6.93,66.98,25.63,1.29
20180407,5.25,62.78,26.32,1.51
20180408,7.88,76.58,24.53,1.05
20180409,2.94,70.39,25.7,1.54
20180410,13.46,72.45,25.96,1.4
20180411,22.92,74.6,25.54,1.56
20180412,50.75,75.35,25.37,1.83
20180413,3.62,67.69,25.8,1.77
20180414,9.71,67.1,26.68,1.4
20180415,0.43,67.5,26.21,1.35
20180416,0.62,66.94,26.93,1.48
20180417,6.13,70.19,26.46,0.79
20180418,6.74,73.12,26.22,0.9
20180419,4.49,75.67,25.98,1.66
20180420,15.12,77.92,26.62,1.65
20180421,9.32,77.36,27.25,1.78
20180422,3.66,74.21,27.48,1.8
20180423,0.72,66.9,27.64,1.41
20180424,2.0,67.11,27.26,1.18
20180425,4.3,70.53,27.08,1.45
20180426,5.31,62.52,25.84,0.82
20180427,0.84,68.09,25.75,1.05
20180428,3.29,68.36,26.72,1.04
20180429,34.93,87.73,23.73,1.11
20180430,24.34,87.44,24.73,1.44
20180501,5.09,81.16,25.49,1.11
20180502,6.49,76.0,24.13,1.96
20180503,10.01,75.71,26.06,1.07
20180504,21.69,78.79,25.39,0.96
20180505,7.6,76.41,26.08,1.06
20180506,6.56,82.47,26.86,2.05
20180507,17.99,83.68,27.2,2.25
20180508,11.76,79.99,27.76,1.59
20180509,12.03,81.14,28.11,1.54
20180510,13.02,82.9,26.91,1.47
20180511,3.88,78.44,26.18,0.85
20180512,0.67,71.58,27.02,0.92
20180513,0.33,73.86,27.25,1.23
20180514,7.19,82.42,25.9,1.24
20180515,6.79,75.2,26.84,1.06
20180516,5.58,77.64,26.27,0.91
20180517,0.63,78.32,26.56,1.01
20180518,0.53,75.42,27.5,0.82
20180519,1.73,75.91,27.66,0.88
20180520,3.24,74.59,28.22,1.17
20180521,7.38,78.97,28.31,1.17
20180522,0.7,78.43,28.51,1.07
20180523,7.7,87.39,27.61,1.5
20180524,67.07,89.04,27.0,1.35
20180525,32.83,89.24,27.71,2.71
20180526,33.98,89.02,28.04,1.9
20180527,44.08,84.32,28.5,1.21
20180528,32.81,86.96,28.42,2.24
20180529,4.97,82.22,27.9,1.52
20180530,1.23,72.87,28.6,0.98
20180531,7.4,81.48,28.45,1.34
20180601,5.69,82.33,28.15,1.12
20180602,3.24,82.81,27.92,1.27
20180603,2.44,80.2,28.54,1.11
20180604,3.7,81.71,29.03,1.3
20180605,4.65,79.68,29.41,0.74
20180606,1.7,79.4,29.88,1.35
20180607,8.76,80.53,29.53,1.58
20180608,6.22,77.51,29.08,0.86
20180609,0.89,75.43,30.11,0.72
20180610,10.02,79.42,30.27,0.87
20180611,10.21,76.96,29.84,0.98
20180612,5.05,76.26,30.63,1.1
20180613,32.6,84.99,29.48,2.27
20180614,39.66,86.09,29.2,2.12
20180615,35.16,88.96,28.92,2.32
20180616,35.21,89.23,28.0,1.68
20180617,34.73,83.42,28.55,1.21
20180618,10.7,85.28,28.83,1.56
20180619,8.5,86.34,28.84,1.57
20180620,3.55,87.49,28.49,1.28
20180621,33.78,88.73,28.67,1.67
20180622,26.65,87.1,28.71,2.09
20180623,23.16,86.42,28.71,1.61
20180624,23.65,88.73,28.44,1.87
20180625,18.02,90.12,28.18,1.57
20180626,15.81,85.93,28.59,0.92
20180627,6.32,87.89,28.47,1.1
20180628,6.1,86.43,28.14,1.48
20180629,7.99,86.01,28.2,1.6
20180630,12.28,88.39,28.09,2.03
20180701,59.29,91.7,28.05,2.61
20180702,35.63,92.04,28.18,2.75
20180703,32.75,93.26,27.38,2.92
20180704,24.84,90.79,28.03,2.9
20180705,11.21,88.84,28.35,1.83
20180706,3.83,85.29,29.2,1.43
20180707,7.23,86.39,29.09,1.62
20180708,13.42,83.48,29.42,1.17
20180709,2.54,84.91,29.33,1.62
20180710,3.96,84.89,28.99,1.08
20180711,3.26,83.65,29.45,1.18
20180712,5.55,84.03,29.27,1.11
20180713,9.59,81.02,29.66,0.55
20180714,1.23,78.95,30.36,0.8
20180715,7.33,77.19,29.81,0.65
20180716,2.46,79.81,30.03,1.5
20180717,1.48,86.93,28.85,1.44
20180718,1.51,81.47,30.06,1.04
20180719,0.71,75.81,31.15,0.56
20180720,4.24,84.23,30.28,1.26
20180721,15.69,85.42,28.73,1.7
20180722,7.05,84.21,29.13,2.3
20180723,11.75,87.01,28.47,1.44
20180724,18.46,88.93,28.1,1.48
20180725,10.52,85.08,28.94,1.54
20180726,9.11,86.2,28.22,0.96
20180727,4.53,83.43,28.82,1.24
20180728,11.66,88.22,28.19,1.36
20180729,13.58,87.7,28.01,1.28
20180730,11.2,89.41,27.97,1.09
20180731,16.33,90.53,27.61,1.24
20180801,19.31,82.02,28.75,0.62
20180802,36.8,90.15,27.78,1.17
20180803,2.21,87.84,27.92,1.64
20180804,3.5,89.09,28.3,1.11
20180805,1.9,88.62,28.19,1.17
20180806,7.68,86.72,28.59,1.24
20180807,5.23,85.15,28.72,1.18
20180808,1.45,84.13,28.42,1.0
20180809,0.84,84.21,28.31,1.29
20180810,6.13,85.56,28.79,1.52
20180811,35.73,88.27,28.63,1.46
20180812,36.2,89.48,28.38,1.7
20180813,5.64,80.94,29.4,0.89
20180814,2.9,82.81,29.57,1.08
20180815,6.91,88.57,28.71,0.88
20180816,6.76,89.14,27.74,1.07
20180817,1.75,81.25,29.37,0.79
20180818,1.22,81.39,30.18,0.74
20180819,7.18,80.0,30.96,1.35
20180820,12.77,85.71,29.04,0.58
20180821,16.27,84.65,28.28,0.97
20180822,22.53,85.31,28.74,1.13
20180823,15.69,83.44,29.53,1.27
20180824,15.45,89.56,28.39,1.3
20180825,8.24,85.49,28.84,1.19
20180826,9.75,84.13,29.01,0.86
20180827,7.38,88.65,28.4,0.99
20180828,1.94,83.81,28.99,1.01
20180829,1.97,87.29,28.59,1.73
20180830,10.42,87.9,28.48,1.38
20180831,5.21,85.25,29.21,1.34
20180901,5.52,86.57,28.91,1.53
20180902,7.79,86.33,28.25,1.47
20180903,4.75,86.48,28.3,1.45
20180904,3.58,81.3,29.13,0.76
20180905,5.43,79.27,29.74,0.83
20180906,3.54,84.68,28.55,1.17
20180907,0.76,82.79,28.46,1.3
20180908,8.49,86.61,28.19,1.93
20180909,12.48,89.36,27.95,2.1
20180910,38.83,92.91,26.98,1.74
20180911,69.02,92.53,26.84,1.51
20180912,51.49,92.61,26.95,2.05
20180913,60.67,92.15,27.29,1.94
20180914,42.04,89.38,27.35,1.35
20180915,12.35,85.86,27.63,0.95
20180916,0.86,81.88,27.81,0.68
20180917,0.0,78.1,28.31,0.72
20180918,0.0,80.65,28.4,0.68
20180919,0.28,85.57,28.02,1.16
20180920,4.88,87.26,27.48,1.03
20180921,5.38,87.0,27.23,0.38
20180922,0.05,85.95,27.07,1.59
20180923,0.03,86.91,26.96,1.81
20180924,9.37,88.85,27.33,2.36
20180925,8.6,90.23,27.28,2.71
20180926,1.72,88.62,27.07,2.31
20180927,0.99,85.87,27.08,1.64
20180928,0.73,87.4,27.01,1.67
20180929,0.55,87.24,27.27,1.67
20180930,0.73,85.71,26.98,1.63
20181001,1.32,82.55,26.68,0.81
20181002,0.19,82.73,26.7,1.34
20181003,0.85,80.79,26.27,1.07
20181004,0.41,79.16,26.31,1.11
20181005,0.06,76.79,26.64,0.61
20181006,0.28,74.01,26.73,0.68
20181007,0.25,74.77,26.48,0.82
20181008,0.51,74.85,26.11,0.92
20181009,0.37,78.91,25.0,1.23
20181010,0.19,79.31,24.69,1.25
20181011,1.9,84.18,24.25,0.99
20181012,9.57,88.11,23.48,0.8
20181013,0.25,84.89,23.76,1.17
20181014,0.79,86.01,23.64,1.45
20181015,1.03,81.35,23.53,1.47
20181016,0.0,73.67,23.36,0.72
20181017,0.0,75.22,23.72,0.86
20181018,0.49,80.57,23.59,1.02
20181019,0.26,80.71,24.02,1.01
20181020,0.0,82.0,24.04,0.92
20181021,0.0,76.84,24.5,0.75
20181022,0.0,77.15,24.68,0.74
20181023,0.0,72.36,24.88,0.63
20181024,0.0,69.88,24.06,0.73
20181025,0.0,70.07,23.49,0.83
20181026,0.0,76.04,23.96,1.06
20181027,0.02,75.01,24.56,1.23
20181028,1.56,75.53,24.65,1.05
20181029,0.62,79.36,23.86,0.79
20181030,0.69,82.61,23.77,1.05
20181031,0.08,80.85,24.26,1.1
20181101,0.0,75.93,24.93,0.63
20181102,0.02,74.26,24.79,0.68
20181103,0.01,79.91,23.56,1.18
20181104,0.66,81.56,22.62,1.23
20181105,1.3,81.35,22.72,1.1
20181106,0.99,73.74,22.11,1.08
20181107,0.0,74.21,20.49,0.86
20181108,0.0,71.36,20.95,0.99
20181109,0.0,73.01,21.15,1.05
20181110,0.0,75.18,21.16,1.08
20181111,0.0,72.05,22.14,0.59
20181112,0.0,73.44,22.12,0.5
20181113,0.0,74.64,21.56,0.82
20181114,0.04,73.56,21.52,0.88
20181115,0.19,79.81,20.94,1.05
20181116,0.01,74.35,20.84,1.27
20181117,0.0,68.96,20.31,1.03
20181118,0.01,74.38,18.05,1.14
20181119,0.0,72.17,18.9,0.81
20181120,0.0,70.15,19.63,0.64
20181121,0.0,75.35,19.69,0.74
20181122,0.0,79.77,20.07,0.99
20181123,0.0,75.28,21.0,0.54
20181124,0.0,77.08,20.58,0.65
20181125,0.0,78.75,20.5,0.97
20181126,0.0,76.71,20.53,1.13
20181127,0.0,75.54,20.74,0.99
20181128,0.0,78.81,19.93,1.0
20181129,0.0,74.16,20.56,0.71
20181130,0.0,74.22,20.03,0.78
20181201,0.0,74.6,19.7,0.63
20181202,0.0,72.55,20.1,0.6
20181203,0.0,68.86,19.95,0.79
20181204,0.0,78.06,19.02,0.82
20181205,0.0,75.51,19.27,0.44
20181206,0.0,71.26,19.29,0.48
20181207,0.0,65.61,19.13,0.48
20181208,0.0,71.56,18.08,0.58
20181209,0.0,70.29,18.43,0.57
20181210,0.0,72.55,18.73,1.1
20181211,0.0,69.4,19.01,1.34
20181212,0.0,68.25,19.04,1.07
20181213,0.0,70.92,19.18,1.16
20181214,0.0,66.02,19.93,0.48
20181215,0.0,70.13,19.04,0.6
20181216,0.0,72.38,19.72,1.18
20181217,0.1,70.13,19.65,1.06
20181218,8.0,87.36,17.11,0.83
20181219,0.03,72.6,16.22,0.96
20181220,0.0,75.22,16.43,0.8
20181221,0.0,69.66,16.99,0.7
20181222,0.0,67.99,17.42,0.51
20181223,0.0,72.16,18.06,0.81
20181224,0.0,74.62,17.91,0.51
20181225,0.0,67.34,16.36,0.91
20181226,0.0,62.38,15.56,0.65
20181227,0.0,59.91,15.04,0.8
20181228,0.22,57.26,14.44,1.03
20181229,0.01,55.61,14.25,0.72
20181230,0.0,59.67,15.08,1.16
20181231,0.0,61.14,15.92,1.13
20190101,0.0,64.82,15.86,1.15
20190102,0.0,61.18,15.94,1.17
20190103,0.01,63.92,16.12,0.66
20190104,0.0,68.27,15.18,0.81
20190105,0.0,69.04,15.66,1.47
20190106,0.0,64.41,16.47,1.56
20190107,0.0,59.42,17.8,1.19
20190108,0.0,55.91,18.16,0.93
20190109,0.01,60.31,17.14,0.59
20190110,0.01,64.57,15.77,0.67
20190111,0.0,73.09,15.97,1.3
20190112,0.0,69.73,16.56,1.24
20190113,0.0,61.08,17.92,0.56
20190114,0.0,60.13,17.08,0.78
20190115,0.0,55.26,16.31,0.8
20190116,0.0,65.05,15.72,1.06
20190117,0.0,65.87,17.41,1.5
20190118,0.0,61.75,17.79,0.93
20190119,0.0,63.82,17.59,0.76
20190120,0.0,66.06,17.45,0.69
20190121,0.0,67.35,17.61,1.0
20190122,0.0,65.64,18.23,1.01
20190123,0.02,66.52,18.28,1.04
20190124,0.02,62.43,18.79,0.77
20190125,0.02,66.44,18.53,1.4
20190126,0.04,59.66,20.1,0.83
20190127,0.02,55.41,20.43,0.93
20190128,0.02,57.07,19.42,1.19
20190129,0.39,49.63,16.9,1.67
20190130,0.0,52.92,15.28,1.1
20190131,0.0,61.46,16.33,1.82
20190201,0.0,59.97,17.46,1.32
20190202,0.02,53.35,18.87,0.69
20190203,0.0,46.04,18.81,0.55
20190204,0.0,48.05,18.29,0.67
20190205,0.0,47.6,18.83,0.58
20190206,0.0,47.62,19.07,0.72
20190207,0.07,53.76,19.0,1.02
20190208,2.4,60.2,19.81,0.77
20190209,6.43,71.45,18.24,1.43
20190210,0.02,52.3,17.23,1.32
20190211,0.04,56.27,17.27,1.0
20190212,0.0,53.14,19.23,0.82
20190213,0.0,52.05,20.23,0.76
20190214,0.0,54.66,21.31,0.57
20190215,0.06,52.28,21.83,0.76
20190216,5.22,64.09,19.62,1.18
20190217,0.81,62.25,18.64,1.91
20190218,0.26,57.12,17.88,1.36
20190219,0.13,47.89,19.58,1.26
20190220,0.0,49.23,20.27,1.16
20190221,0.0,60.08,19.09,1.79
20190222,0.0,57.96,20.2,1.07
20190223,0.01,51.76,22.32,1.46
20190224,0.08,42.87,21.29,1.37
20190225,0.32,45.81,20.77,0.98
20190226,0.09,47.41,20.71,1.29
20190227,1.32,62.61,19.61,1.43
20190228,9.7,70.23,17.79,1.48
20190301,0.0,44.44,17.91,1.6
20190302,0.0,48.33,18.39,1.1
20190303,0.01,48.37,19.61,0.89
20190304,0.18,57.47,20.1,1.53
20190305,3.31,60.19,21.35,1.44
20190306,13.57,59.21,20.3,1.51
20190307,0.0,37.17,20.89,1.26
20190308,0.0,40.57,19.93,1.29
20190309,0.11,42.65,20.99,1.07
20190310,0.09,49.76,21.46,1.25
20190311,0.07,53.18,22.19,1.1
20190312,0.0,40.11,24.04,1.2
20190313,0.0,39.98,24.0,0.88
20190314,0.0,43.68,25.13,1.13
20190315,0.01,46.09,25.57,1.89
20190316,0.01,40.43,25.76,2.67
20190317,0.0,33.54,25.01,1.92
20190318,0.68,43.79,21.94,1.21
20190319,1.21,46.92,23.58,1.11
20190320,0.37,37.26,24.31,1.25
20190321,0.24,35.65,25.03,0.94
20190322,0.08,39.9,25.55,1.43
20190323,0.07,36.86,25.99,2.05
20190324,0.06,30.48,25.1,1.2
20190325,0.01,35.73,25.22,1.43
20190326,7.99,45.65,24.59,1.19
20190327,1.13,48.06,24.65,1.31
20190328,0.0,47.86,25.48,1.14
20190329,0.03,48.21,26.9,1.29
20190330,1.68,54.89,26.64,1.67
20190331,19.66,68.03,25.53,1.71
20190401,5.13,68.86,25.8,1.75
20190402,2.16,61.05,26.11,1.21
20190403,0.1,59.57,24.98,1.99
20190404,0.31,57.38,25.36,1.84
20190405,4.28,61.49,24.96,2.43
20190406,13.82,66.28,25.61,1.64
20190407,7.41,69.8,25.36,1.04
20190408,16.89,68.58,25.2,1.17
20190409,16.14,73.82,23.99,1.87
20190410,0.04,62.65,24.42,1.68
20190411,0.02,60.55,26.32,1.25
20190412,0.23,57.34,27.85,1.07
20190413,3.79,57.86,28.53,0.8
20190414,6.7,62.64,28.02,1.66
20190415,7.17,66.03,27.55,1.61
20190416,21.67,72.36,26.91,1.47
20190417,5.42,64.44,27.86,1.32
20190418,0.35,54.68,26.83,2.03
20190419,0.34,46.35,27.8,1.61
20190420,0.17,45.09,27.93,1.42
20190421,5.72,56.71,26.67,1.82
20190422,3.69,59.86,26.39,1.57
20190423,0.2,56.84,26.7,1.57
20190424,0.03,53.8,28.79,1.33
20190425,0.14,50.63,30.71,0.8
20190426,0.69,52.92,30.92,1.21
20190427,14.29,64.22,29.11,1.53
20190428,34.56,73.29,28.78,1.55
20190429,14.66,73.86,28.27,1.57
20190430,3.96,71.02,28.07,1.73
20190501,36.17,75.41,28.16,1.35
20190502,19.73,76.11,28.51,1.65
20190503,24.56,82.81,26.76,1.85
20190504,30.7,81.24,25.06,3.14
20190505,1.99,70.49,26.38,1.8
20190506,0.26,55.75,27.08,1.11
20190507,0.4,66.57,26.45,1.83
20190508,4.12,67.36,27.39,1.6
20190509,1.68,73.38,27.48,1.71
20190510,4.26,73.56,28.29,1.43
20190511,4.22,75.29,28.32,1.31
20190512,10.38,75.82,28.79,1.77
20190513,10.04,68.13,28.81,0.83
20190514,5.98,66.48,28.19,0.99
20190515,7.44,75.81,27.27,1.21
20190516,9.1,76.09,27.04,1.27
20190517,14.87,72.31,28.02,1.21
20190518,16.59,71.58,28.26,1.07
20190519,42.43,74.34,28.06,1.14
20190520,6.83,77.56,27.98,1.07
20190521,18.1,81.47,28.2,1.21
20190522,14.49,80.06,28.68,1.36
20190523,17.03,84.1,28.01,1.97
20190524,14.33,81.73,28.4,1.64
20190525,14.38,84.23,27.74,1.91
20190526,13.33,80.69,27.94,1.39
20190527,11.81,81.56,28.52,1.27
20190528,8.23,82.99,28.35,1.6
20190529,3.11,78.43,28.95,1.45
20190530,15.57,83.57,28.64,2.53
20190531,16.62,81.35,27.91,1.86
20190601,7.41,75.25,28.57,1.19
20190602,25.69,82.09,28.08,1.22
20190603,5.13,76.21,28.34,1.26
20190604,1.33,76.64,27.84,1.53
20190605,1.55,75.88,28.26,1.11
20190606,1.06,82.59,28.37,1.2
20190607,2.44,85.61,28.04,1.25
20190608,6.34,82.45,28.57,1.48
20190609,5.36,82.54,29.0,1.38
20190610,14.01,80.16,29.47,0.94
20190611,18.98,81.15,29.47,1.33
20190612,1.48,75.89,30.39,0.87
20190613,0.09,72.6,31.53,0.86
20190614,20.15,77.38,30.68,1.28
20190615,14.95,86.44,28.85,1.56
20190616,8.55,85.04,29.78,1.92
20190617,19.17,87.15,29.5,1.81
20190618,17.52,84.3,29.56,1.6
20190619,0.59,78.51,30.37,0.82
20190620,4.8,79.44,30.21,0.94
20190621,7.1,78.42,30.2,1.21
20190622,4.46,81.49,29.67,1.32
20190623,5.05,84.31,29.25,1.85
20190624,3.54,83.45,29.49,2.23
20190625,33.12,87.65,29.35,2.3
20190626,37.29,89.67,29.35,3.49
20190627,37.31,89.67,29.19,3.77
20190628,37.8,89.74,29.3,3.15
20190629,20.07,86.08,29.18,1.72
20190630,3.2,77.89,30.38,0.79
20190701,8.25,84.91,29.46,0.71
20190702,1.27,83.65,29.45,1.41
20190703,2.52,82.15,29.55,1.72
20190704,2.98,81.69,29.91,1.22
20190705,10.77,85.58,29.52,1.11
20190706,34.13,88.28,29.08,1.73
20190707,25.07,88.45,28.73,1.95
20190708,68.97,91.09,28.53,1.41
20190709,66.42,91.77,28.15,1.79
20190710,66.11,93.74,27.97,2.83
20190711,38.36,94.71,27.83,2.31
20190712,35.74,94.55,27.38,2.9
20190713,88.78,93.86,27.65,2.61
20190714,70.19,94.54,27.12,3.07
20190715,60.59,94.65,27.95,2.71
20190716,12.12,92.12,28.2,2.28
20190717,3.12,90.9,28.5,1.83
20190718,3.83,84.7,29.26,1.03
20190719,13.49,88.64,28.63,1.47
20190720,11.26,87.97,28.77,1.79
20190721,22.32,90.09,28.54,2.23
20190722,44.33,93.53,27.56,2.54
20190723,76.49,94.28,27.51,2.94
20190724,26.21,92.69,27.82,2.55
20190725,8.88,84.64,28.68,1.14
20190726,14.43,87.86,28.11,1.27
20190727,12.58,85.72,28.66,1.73
20190728,4.08,81.61,29.44,1.38
20190729,2.97,84.59,28.8,1.57
20190730,3.0,87.56,28.03,1.68
20190731,4.1,86.71,28.24,1.51
20190801,4.51,82.15,28.83,1.0
20190802,2.75,83.37,29.22,1.1
20190803,0.88,84.67,29.37,1.03
20190804,1.09,83.16,29.7,0.99
20190805,1.46,82.99,30.34,1.0
20190806,10.22,84.84,30.54,1.86
20190807,22.83,86.94,29.67,2.38
20190808,10.46,85.5,28.73,2.34
20190809,4.55,84.93,29.18,1.51
20190810,4.72,83.95,29.46,1.24
20190811,1.31,77.33,30.18,0.62
20190812,3.87,79.18,30.98,1.5
20190813,40.34,88.82,28.05,1.61
20190814,17.33,86.59,28.24,1.83
20190815,11.67,85.84,28.47,1.41
20190816,20.09,89.62,28.66,1.99
20190817,5.64,87.14,29.05,1.64
20190818,3.71,88.28,28.39,1.51
20190819,0.43,85.04,28.71,1.64
20190820,0.21,85.07,28.84,1.63
20190821,0.77,84.54,29.29,1.33
20190822,0.62,81.71,29.68,1.13
20190823,6.57,90.84,28.23,1.11
20190824,14.75,87.25,27.98,1.05
20190825,11.47,83.99,28.78,0.82
20190826,0.45,81.76,29.44,1.01
20190827,0.05,81.77,29.65,1.13
20190828,4.04,84.92,29.32,0.85
20190829,21.09,81.29,29.72,0.77
20190830,19.29,86.15,28.76,1.29
20190831,11.56,82.47,29.38,1.02
20190901,2.5,82.87,29.31,1.41
20190902,3.0,80.73,30.13,0.97
20190903,16.72,91.06,28.25,0.8
20190904,11.28,87.52,28.03,1.28
20190905,9.4,87.75,27.86,1.24
20190906,8.55,81.0,29.13,0.97
20190907,4.84,85.6,28.3,1.27
20190908,10.92,83.73,28.97,1.21
20190909,6.88,87.33,28.81,1.43
20190910,12.5,92.1,28.09,1.57
20190911,16.31,89.25,28.7,1.35
20190912,19.4,89.94,28.19,1.61
20190913,36.63,89.6,27.58,1.71
20190914,25.78,89.03,27.79,1.9
20190915,15.71,90.5,27.89,1.84
20190916,29.7,93.64,27.43,1.66
20190917,23.92,85.87,27.58,0.99
20190918,2.59,77.77,28.13,0.65
20190919,0.57,76.62,28.45,0.83
20190920,1.31,84.81,27.87,0.98
20190921,3.2,79.84,28.61,0.54
20190922,16.48,83.02,28.06,0.81
20190923,25.53,86.6,26.81,0.91
20190924,53.52,89.87,25.9,0.82
20190925,65.36,89.17,25.19,0.87
20190926,2.3,88.04,25.74,1.34
20190927,16.46,87.64,25.48,0.8
20190928,23.39,87.08,25.34,0.82
20190929,38.81,89.05,23.21,0.99
20190930,31.19,89.5,23.73,0.81
20191001,34.64,90.98,24.42,1.52
20191002,3.51,83.26,26.14,0.94
20191003,0.2,83.55,26.73,0.99
20191004,12.65,87.68,26.33,0.97
20191005,6.98,85.57,26.81,0.81
20191006,3.49,81.76,27.21,0.65
20191007,5.16,85.28,26.63,0.69
20191008,33.08,90.14,25.34,0.61
20191009,10.85,88.52,24.63,0.77
20191010,4.41,84.86,24.91,0.87
20191011,2.27,86.2,24.92,1.23
20191012,0.63,84.86,24.8,1.14
20191013,0.0,83.52,24.63,0.59
20191014,0.0,81.49,25.0,0.79
20191015,0.01,77.72,25.56,1.07
20191016,0.23,73.64,26.25,0.57
20191017,0.22,77.69,26.23,0.38
20191018,0.01,73.4,26.19,0.33
20191019,0.0,77.84,25.32,0.68
20191020,0.0,84.39,24.67,0.87
20191021,0.0,89.77,24.12,1.84
20191022,0.0,88.47,23.46,1.79
20191023,0.13,84.7,22.72,0.77
20191024,2.6,86.15,22.03,0.88
20191025,12.69,88.5,21.22,2.1
20191026,28.99,89.76,21.18,1.59
20191027,0.55,83.13,22.47,0.53
20191028,0.0,83.31,22.28,0.6
20191029,0.0,82.2,23.39,0.78
20191030,0.0,82.84,23.9,0.74
20191031,0.0,79.33,24.45,0.6
20191101,0.0,79.81,23.77,0.57
20191102,0.0,79.13,23.96,0.91
20191103,0.0,79.44,23.99,0.81
20191104,0.01,76.08,24.5,0.65
20191105,5.18,84.58,23.44,1.13
20191106,1.07,78.95,22.59,0.7
20191107,0.0,82.13,22.35,1.12
20191108,0.0,84.71,23.36,1.53
20191109,0.61,88.83,22.92,1.05
20191110,0.42,89.64,22.5,1.74
20191111,0.2,82.79,22.71,0.67
20191112,0.0,83.13,22.41,0.64
20191113,0.0,83.86,21.97,0.58
20191114,0.0,85.04,23.02,1.09
20191115,0.0,84.67,23.57,0.74
20191116,0.0,87.01,22.52,1.35
20191117,0.01,87.65,21.2,1.36
20191118,0.0,86.34,20.78,0.96
20191119,0.13,87.1,20.63,1.04
20191120,0.04,79.76,20.41,0.74
20191121,0.0,82.73,20.79,0.74
20191122,0.0,80.8,21.17,0.48
20191123,0.0,80.52,21.4,0.6
20191124,0.0,83.93,20.85,0.72
20191125,0.0,87.66,20.37,0.53
20191126,0.0,81.7,21.51,0.68
20191127,0.0,84.33,21.05,0.89
20191128,0.0,79.18,21.78,0.76
20191129,0.0,80.73,21.07,0.71
20191130,0.0,81.25,20.12,1.06
20191201,0.0,80.61,18.85,0.79
20191202,0.0,81.65,18.66,0.55
20191203,0.0,78.94,18.65,0.53
20191204,0.0,81.77,18.22,0.76
20191205,0.0,73.65,18.26,1.41
20191206,0.0,73.49,17.55,1.57
20191207,0.0,74.28,17.59,1.39
20191208,0.0,76.65,18.65,1.15
20191209,0.0,78.43,18.75,0.71
20191210,0.0,79.15,17.95,0.85
20191211,0.01,78.99,17.28,0.85
20191212,0.01,82.64,17.3,0.72
20191213,0.1,80.69,18.32,1.12
20191214,0.36,79.87,18.68,0.95
20191215,0.09,77.3,18.06,0.57
20191216,0.0,74.88,18.15,0.85
20191217,0.0,81.84,16.29,0.93
20191218,0.0,83.81,15.0,0.65
20191219,0.0,82.57,14.68,0.65
20191220,0.0,82.4,15.16,0.85
20191221,0.0,81.54,14.63,0.99
20191222,0.0,82.36,13.64,0.87
20191223,0.0,80.55,14.38,0.65
20191224,0.0,79.15,14.67,0.72
20191225,0.0,74.81,13.32,0.71
20191226,0.0,71.02,14.23,0.51
20191227,0.07,71.85,14.15,0.82
20191228,0.01,67.5,13.26,0.48
20191229,0.02,73.59,14.01,0.82
20191230,0.0,76.5,14.79,1.37
20191231,0.0,73.5,15.44,1.87
20200101,1.57,74.64,16.28,2.02
20200102,0.13,76.84,18.03,1.43
20200103,5.44,84.9,16.09,1.05
20200104,1.19,81.14,16.44,0.99
20200105,0.26,78.92,14.81,1.56
20200106,0.07,71.65,13.67,0.82
20200107,0.0,71.99,13.68,0.63
20200108,0.03,70.73,15.3,0.53
20200109,1.03,81.09,15.71,1.0
20200110,0.11,81.19,15.46,1.44
20200111,0.0,79.79,15.02,0.92
20200112,0.0,77.42,15.1,0.73
20200113,0.0,77.07,15.64,0.74
20200114,0.0,76.08,15.89,0.86
20200115,0.0,76.32,16.15,0.83
20200116,0.0,72.02,16.74,0.73
20200117,0.14,75.74,17.63,0.91
20200118,0.07,78.65,17.97,1.05
20200119,0.18,76.01,17.21,1.34
20200120,0.0,73.97,14.65,1.53
20200121,0.0,71.58,14.03,1.0
20200122,0.0,70.54,13.54,1.15
20200123,0.01,73.05,12.85,1.19
20200124,0.0,68.68,13.47,0.74
20200125,0.0,63.88,15.15,0.67
20200126,0.0,67.69,14.94,1.08
20200127,0.0,70.84,14.41,0.96
20200128,0.0,72.58,14.86,1.04
20200129,0.0,72.96,15.71,0.89
20200130,0.6,78.8,16.23,1.11
20200131,0.24,73.06,15.84,1.71
20200201,0.03,67.69,15.32,1.12
20200202,0.01,65.78,14.6,1.25
20200203,0.0,64.31,14.37,0.82
20200204,0.0,60.43,15.56,0.69
20200205,0.0,61.72,15.45,1.37
20200206,0.0,60.36,15.33,1.18
20200207,0.0,57.49,16.33,0.92
20200208,0.0,62.85,16.62,0.89
20200209,0.0,58.58,16.88,1.03
20200210,0.0,59.33,15.89,1.03
20200211,0.0,57.59,15.93,0.99
20200212,0.0,56.93,16.51,1.1
20200213,0.0,58.08,17.03,1.09
20200214,0.0,62.35,17.75,1.04
20200215,0.0,69.08,18.61,0.92
20200216,0.0,65.95,19.7,0.82
20200217,0.0,60.33,19.65,1.07
20200218,0.05,65.4,18.97,1.39
20200219,0.04,54.99,19.91,0.77
20200220,0.0,54.05,19.97,0.73
20200221,0.02,62.83,19.94,1.25
20200222,0.09,69.6,20.2,1.15
20200223,0.3,55.22,22.02,0.69
20200224,0.37,57.64,21.44,0.69
20200225,5.61,67.88,20.23,1.11
20200226,4.75,73.36,18.9,1.51
20200227,0.05,63.5,19.76,0.78
20200228,0.0,63.33,19.85,0.86
20200229,0.0,59.86,21.16,0.68
20200301,0.23,59.71,21.65,0.85
20200302,0.37,58.18,22.09,1.44
20200303,1.49,63.0,21.76,1.59
20200304,3.0,67.4,21.52,1.15
20200305,0.8,67.49,21.87,1.27
20200306,6.23,66.96,21.97,1.0
20200307,4.36,72.38,20.72,1.33
20200308,0.51,63.43,21.53,2.53
20200309,0.03,56.54,20.98,1.77
20200310,0.0,52.01,21.52,1.17
20200311,0.0,53.6,21.92,1.66
20200312,0.0,61.01,23.85,1.27
20200313,0.12,64.64,24.25,1.08
20200314,16.4,71.08,22.72,1.19
20200315,0.81,62.64,20.99,1.15
20200316,0.27,56.77,22.22,1.63
20200317,0.0,52.55,22.09,1.37
20200318,0.09,54.76,22.24,1.59
20200319,0.1,53.45,23.06,1.54
20200320,1.9,55.22,23.12,1.33
20200321,7.39,54.52,23.59,1.08
20200322,3.12,62.02,22.42,1.11
20200323,0.5,56.51,23.32,0.79
20200324,0.16,57.61,23.78,0.81
20200325,1.75,57.41,24.96,1.26
20200326,0.45,54.92,26.04,1.13
20200327,0.18,52.61,26.94,1.16
20200328,0.13,52.63,27.1,2.49
20200329,0.0,45.24,25.78,3.07
20200330,0.0,43.13,25.13,2.02
20200331,0.0,41.5,25.44,1.15
20200401,0.7,42.72,26.72,1.22
20200402,1.03,44.4,27.2,1.85
20200403,0.16,46.23,26.64,1.71
20200404,0.0,35.74,26.28,1.61
20200405,0.0,37.76,26.12,1.4
20200406,0.01,38.29,26.75,1.07
20200407,0.06,39.42,27.17,1.75
20200408,2.09,44.61,27.49,1.05
20200409,6.52,55.66,27.01,1.16
20200410,3.68,53.54,27.08,1.17
20200411,2.52,53.63,27.04,1.68
20200412,4.28,57.07,26.2,1.25
20200413,0.26,53.38,27.67,1.07
20200414,0.36,52.86,29.43,0.83
20200415,23.41,69.9,27.35,0.83
20200416,11.32,66.02,26.27,0.76
20200417,18.17,70.14,26.02,1.49
20200418,19.72,80.08,25.16,1.53
20200419,7.17,68.74,26.98,1.96
20200420,17.41,73.6,26.52,1.39
20200421,12.13,80.15,24.2,1.17
20200422,2.9,69.36,23.98,0.8
20200423,13.04,69.88,24.54,1.33
20200424,43.57,78.91,23.75,1.18
20200425,4.44,77.79,23.09,1.58
20200426,13.93,73.2,24.42,1.65
20200427,3.51,72.19,25.64,1.1
20200428,18.23,83.84,24.06,1.48
20200429,10.79,78.4,24.66,1.09
20200430,4.66,74.88,25.53,0.68
